1,5,647.00,188.00,37.00,42.00,1.0,-1,-1,-1
1,4,702.00,220.00,37.00,33.00,1.0,-1,-1,-1
1,3,528.00,223.00,41.00,40.00,1.0,-1,-1,-1
1,2,813.00,373.00,97.00,77.00,1.0,-1,-1,-1
1,1,670.00,286.00,57.00,54.00,1.0,-1,-1,-1
2,5,647.00,188.00,37.00,42.00,1.0,-1,-1,-1
2,4,702.00,220.00,37.00,33.00,1.0,-1,-1,-1
2,3,528.00,223.00,41.00,40.00,1.0,-1,-1,-1
2,2,813.00,373.00,97.00,77.00,1.0,-1,-1,-1
2,1,670.00,286.00,57.00,54.00,1.0,-1,-1,-1
3,5,647.00,188.00,37.00,41.00,1.0,-1,-1,-1
3,4,701.00,218.00,37.00,33.00,1.0,-1,-1,-1
3,3,527.00,223.00,41.00,40.00,1.0,-1,-1,-1
3,2,809.00,368.00,95.00,75.00,1.0,-1,-1,-1
3,1,669.00,285.00,56.00,53.00,1.0,-1,-1,-1
4,5,647.00,188.00,36.00,41.00,1.0,-1,-1,-1
4,4,701.00,218.00,36.00,32.00,1.0,-1,-1,-1
4,3,525.00,224.00,42.00,41.00,1.0,-1,-1,-1
4,2,805.00,363.00,93.00,74.00,1.0,-1,-1,-1
4,1,668.00,282.00,55.00,52.00,1.0,-1,-1,-1
5,4,700.00,217.00,35.00,32.00,1.0,-1,-1,-1
5,3,524.00,226.00,42.00,40.00,1.0,-1,-1,-1
5,2,802.00,357.00,91.00,73.00,1.0,-1,-1,-1
5,1,667.00,280.00,54.00,51.00,1.0,-1,-1,-1
6,4,699.00,217.00,35.00,31.00,1.0,-1,-1,-1
6,3,523.00,227.00,42.00,41.00,1.0,-1,-1,-1
6,2,798.00,354.00,88.00,70.00,1.0,-1,-1,-1
6,1,666.00,278.00,54.00,51.00,1.0,-1,-1,-1
7,4,697.00,215.00,35.00,32.00,1.0,-1,-1,-1
7,3,521.00,230.00,43.00,41.00,1.0,-1,-1,-1
7,2,794.00,347.00,85.00,68.00,1.0,-1,-1,-1
7,1,664.00,275.00,54.00,50.00,1.0,-1,-1,-1
8,4,696.00,215.00,35.00,31.00,1.0,-1,-1,-1
8,3,519.00,231.00,44.00,42.00,1.0,-1,-1,-1
8,2,790.00,341.00,82.00,66.00,1.0,-1,-1,-1
8,1,663.00,273.00,54.00,49.00,1.0,-1,-1,-1
9,4,695.00,214.00,34.00,32.00,1.0,-1,-1,-1
9,3,518.00,233.00,44.00,42.00,1.0,-1,-1,-1
9,2,786.00,337.00,81.00,65.00,1.0,-1,-1,-1
9,1,662.00,271.00,54.00,49.00,1.0,-1,-1,-1
10,4,695.00,214.00,33.00,31.00,1.0,-1,-1,-1
10,3,517.00,234.00,45.00,43.00,1.0,-1,-1,-1
10,2,783.00,333.00,79.00,63.00,1.0,-1,-1,-1
10,1,662.00,269.00,52.00,49.00,1.0,-1,-1,-1
11,4,694.00,212.00,33.00,32.00,1.0,-1,-1,-1
11,3,516.00,235.00,45.00,44.00,1.0,-1,-1,-1
11,2,780.00,328.00,76.00,61.00,1.0,-1,-1,-1
11,1,661.00,266.00,53.00,49.00,1.0,-1,-1,-1
12,4,693.00,211.00,33.00,31.00,1.0,-1,-1,-1
12,3,514.00,237.00,46.00,45.00,1.0,-1,-1,-1
12,2,776.00,323.00,74.00,59.00,1.0,-1,-1,-1
12,1,661.00,263.00,51.00,49.00,1.0,-1,-1,-1
13,5,643.00,184.00,33.00,39.00,1.0,-1,-1,-1
13,4,692.00,210.00,33.00,31.00,1.0,-1,-1,-1
13,3,513.00,238.00,46.00,46.00,1.0,-1,-1,-1
13,2,774.00,320.00,70.00,57.00,1.0,-1,-1,-1
13,1,661.00,262.00,50.00,47.00,1.0,-1,-1,-1
14,5,643.00,184.00,33.00,38.00,1.0,-1,-1,-1
14,4,691.00,210.00,33.00,30.00,1.0,-1,-1,-1
14,3,512.00,240.00,47.00,46.00,1.0,-1,-1,-1
14,2,772.00,317.00,68.00,55.00,1.0,-1,-1,-1
14,1,660.00,261.00,50.00,46.00,1.0,-1,-1,-1
15,5,642.00,184.00,34.00,38.00,1.0,-1,-1,-1
15,4,690.00,209.00,33.00,30.00,1.0,-1,-1,-1
15,3,509.00,243.00,48.00,46.00,1.0,-1,-1,-1
15,2,768.00,312.00,66.00,54.00,1.0,-1,-1,-1
15,1,660.00,259.00,49.00,45.00,1.0,-1,-1,-1
16,5,642.00,184.00,33.00,37.00,1.0,-1,-1,-1
16,4,689.00,208.00,32.00,30.00,1.0,-1,-1,-1
16,3,509.00,244.00,46.00,47.00,1.0,-1,-1,-1
16,2,766.00,308.00,64.00,52.00,1.0,-1,-1,-1
16,1,659.00,257.00,48.00,44.00,1.0,-1,-1,-1
17,5,641.00,183.00,34.00,38.00,1.0,-1,-1,-1
17,4,689.00,207.00,31.00,30.00,1.0,-1,-1,-1
17,3,508.00,246.00,47.00,48.00,1.0,-1,-1,-1
17,2,764.00,306.00,62.00,50.00,1.0,-1,-1,-1
17,1,658.00,256.00,47.00,43.00,1.0,-1,-1,-1
18,6,979.00,489.00,294.00,227.00,1.0,-1,-1,-1
18,5,641.00,183.00,33.00,37.00,1.0,-1,-1,-1
18,4,688.00,206.00,31.00,29.00,1.0,-1,-1,-1
18,3,507.00,247.00,47.00,48.00,1.0,-1,-1,-1
18,2,762.00,304.00,61.00,48.00,1.0,-1,-1,-1
18,1,657.00,256.00,46.00,42.00,1.0,-1,-1,-1
19,6,955.00,470.00,275.00,224.00,1.0,-1,-1,-1
19,5,640.00,183.00,33.00,36.00,1.0,-1,-1,-1
19,4,687.00,206.00,30.00,28.00,1.0,-1,-1,-1
19,3,503.00,250.00,49.00,49.00,1.0,-1,-1,-1
19,2,759.00,299.00,59.00,47.00,1.0,-1,-1,-1
19,1,656.00,253.00,46.00,42.00,1.0,-1,-1,-1
20,6,939.00,455.00,258.00,215.00,1.0,-1,-1,-1
20,5,640.00,183.00,33.00,36.00,1.0,-1,-1,-1
20,4,687.00,206.00,30.00,27.00,1.0,-1,-1,-1
20,3,501.00,252.00,50.00,50.00,1.0,-1,-1,-1
20,2,757.00,296.00,58.00,46.00,1.0,-1,-1,-1
20,1,655.00,251.00,45.00,42.00,1.0,-1,-1,-1
21,7,742.00,551.00,173.00,146.00,1.0,-1,-1,-1
21,6,930.00,444.00,241.00,206.00,1.0,-1,-1,-1
21,4,686.00,205.00,29.00,27.00,1.0,-1,-1,-1
21,3,499.00,254.00,51.00,51.00,1.0,-1,-1,-1
21,2,755.00,294.00,56.00,46.00,1.0,-1,-1,-1
21,1,655.00,250.00,45.00,40.00,1.0,-1,-1,-1
22,7,739.00,538.00,165.00,144.00,1.0,-1,-1,-1
22,6,922.00,434.00,226.00,198.00,1.0,-1,-1,-1
22,4,685.00,205.00,29.00,27.00,1.0,-1,-1,-1
22,3,498.00,256.00,52.00,52.00,1.0,-1,-1,-1
22,2,753.00,291.00,55.00,45.00,1.0,-1,-1,-1
22,1,654.00,249.00,45.00,40.00,1.0,-1,-1,-1
23,7,732.00,515.00,154.00,137.00,1.0,-1,-1,-1
23,6,906.00,418.00,209.00,185.00,1.0,-1,-1,-1
23,4,684.00,204.00,28.00,27.00,1.0,-1,-1,-1
23,3,495.00,259.00,54.00,54.00,1.0,-1,-1,-1
23,2,750.00,287.00,55.00,45.00,1.0,-1,-1,-1
23,1,653.00,246.00,44.00,40.00,1.0,-1,-1,-1
24,7,729.00,499.00,145.00,131.00,1.0,-1,-1,-1
24,6,896.00,410.00,195.00,174.00,1.0,-1,-1,-1
24,4,683.00,204.00,29.00,26.00,1.0,-1,-1,-1
24,3,493.00,262.00,55.00,54.00,1.0,-1,-1,-1
24,2,748.00,284.00,53.00,44.00,1.0,-1,-1,-1
24,1,653.00,245.00,44.00,39.00,1.0,-1,-1,-1
25,7,726.00,487.00,138.00,126.00,1.0,-1,-1,-1
25,6,892.00,403.00,181.00,165.00,1.0,-1,-1,-1
25,4,683.00,204.00,28.00,25.00,1.0,-1,-1,-1
25,3,492.00,264.00,55.00,55.00,1.0,-1,-1,-1
25,2,746.00,281.00,52.00,44.00,1.0,-1,-1,-1
25,1,652.00,244.00,44.00,39.00,1.0,-1,-1,-1
26,7,723.00,476.00,133.00,122.00,1.0,-1,-1,-1
26,6,885.00,395.00,170.00,156.00,1.0,-1,-1,-1
26,4,682.00,204.00,29.00,25.00,1.0,-1,-1,-1
26,3,490.00,266.00,56.00,56.00,1.0,-1,-1,-1
26,2,744.00,279.00,52.00,43.00,1.0,-1,-1,-1
26,1,652.00,242.00,42.00,39.00,1.0,-1,-1,-1
27,7,716.00,454.00,124.00,115.00,1.0,-1,-1,-1
27,6,869.00,379.00,156.00,145.00,1.0,-1,-1,-1
27,4,681.00,202.00,29.00,26.00,1.0,-1,-1,-1
27,3,485.00,270.00,58.00,58.00,1.0,-1,-1,-1
27,2,740.00,275.00,51.00,42.00,1.0,-1,-1,-1
27,1,652.00,240.00,41.00,38.00,1.0,-1,-1,-1
28,7,713.00,442.00,117.00,108.00,1.0,-1,-1,-1
28,6,859.00,371.00,145.00,136.00,1.0,-1,-1,-1
28,4,680.00,201.00,28.00,25.00,1.0,-1,-1,-1
28,3,481.00,274.00,59.00,59.00,1.0,-1,-1,-1
28,2,738.00,273.00,49.00,40.00,1.0,-1,-1,-1
28,1,651.00,239.00,41.00,38.00,1.0,-1,-1,-1
29,7,711.00,434.00,111.00,102.00,1.0,-1,-1,-1
29,6,854.00,364.00,136.00,129.00,1.0,-1,-1,-1
29,4,679.00,200.00,28.00,25.00,1.0,-1,-1,-1
29,3,479.00,278.00,60.00,59.00,1.0,-1,-1,-1
29,2,737.00,271.00,48.00,40.00,1.0,-1,-1,-1
29,1,651.00,237.00,40.00,38.00,1.0,-1,-1,-1
30,7,707.00,421.00,104.00,96.00,1.0,-1,-1,-1
30,6,846.00,356.00,126.00,121.00,1.0,-1,-1,-1
30,4,678.00,200.00,28.00,25.00,1.0,-1,-1,-1
30,3,476.00,282.00,61.00,61.00,1.0,-1,-1,-1
30,2,735.00,267.00,46.00,39.00,1.0,-1,-1,-1
30,1,650.00,235.00,40.00,37.00,1.0,-1,-1,-1
31,7,705.00,414.00,99.00,91.00,1.0,-1,-1,-1
31,6,841.00,351.00,118.00,114.00,1.0,-1,-1,-1
31,4,677.00,199.00,28.00,25.00,1.0,-1,-1,-1
31,3,473.00,285.00,63.00,63.00,1.0,-1,-1,-1
31,2,733.00,266.00,45.00,37.00,1.0,-1,-1,-1
31,1,649.00,234.00,40.00,37.00,1.0,-1,-1,-1
32,7,704.00,409.00,95.00,86.00,1.0,-1,-1,-1
32,6,838.00,349.00,111.00,107.00,1.0,-1,-1,-1
32,4,676.00,199.00,28.00,25.00,1.0,-1,-1,-1
32,3,469.00,287.00,65.00,65.00,1.0,-1,-1,-1
32,2,732.00,264.00,44.00,36.00,1.0,-1,-1,-1
32,1,648.00,233.00,40.00,37.00,1.0,-1,-1,-1
33,8,952.00,504.00,318.00,211.00,1.0,-1,-1,-1
33,7,703.00,403.00,90.00,82.00,1.0,-1,-1,-1
33,6,835.00,344.00,104.00,103.00,1.0,-1,-1,-1
33,4,676.00,199.00,28.00,25.00,1.0,-1,-1,-1
33,3,467.00,289.00,66.00,66.00,1.0,-1,-1,-1
33,2,730.00,262.00,44.00,36.00,1.0,-1,-1,-1
33,1,648.00,232.00,39.00,36.00,1.0,-1,-1,-1
34,8,925.00,485.00,298.00,213.00,1.0,-1,-1,-1
34,7,700.00,394.00,86.00,77.00,1.0,-1,-1,-1
34,6,827.00,337.00,98.00,97.00,1.0,-1,-1,-1
34,4,675.00,197.00,28.00,26.00,1.0,-1,-1,-1
34,3,463.00,293.00,67.00,69.00,1.0,-1,-1,-1
34,2,728.00,259.00,42.00,36.00,1.0,-1,-1,-1
34,1,647.00,231.00,38.00,36.00,1.0,-1,-1,-1
35,8,910.00,471.00,281.00,213.00,1.0,-1,-1,-1
35,7,698.00,387.00,83.00,74.00,1.0,-1,-1,-1
35,6,822.00,333.00,92.00,92.00,1.0,-1,-1,-1
35,4,675.00,198.00,27.00,25.00,1.0,-1,-1,-1
35,3,459.00,297.00,69.00,71.00,1.0,-1,-1,-1
35,2,727.00,258.00,41.00,34.00,1.0,-1,-1,-1
35,1,647.00,230.00,38.00,36.00,1.0,-1,-1,-1
36,8,900.00,456.00,263.00,209.00,1.0,-1,-1,-1
36,7,696.00,382.00,81.00,70.00,1.0,-1,-1,-1
36,6,818.00,330.00,87.00,87.00,1.0,-1,-1,-1
36,4,675.00,196.00,27.00,25.00,1.0,-1,-1,-1
36,3,457.00,300.00,69.00,73.00,1.0,-1,-1,-1
36,2,726.00,256.00,40.00,34.00,1.0,-1,-1,-1
36,1,647.00,229.00,38.00,35.00,1.0,-1,-1,-1
37,8,892.00,444.00,247.00,204.00,1.0,-1,-1,-1
37,7,695.00,378.00,78.00,68.00,1.0,-1,-1,-1
37,6,814.00,326.00,83.00,84.00,1.0,-1,-1,-1
37,4,674.00,195.00,27.00,25.00,1.0,-1,-1,-1
37,3,453.00,304.00,71.00,74.00,1.0,-1,-1,-1
37,2,725.00,254.00,39.00,34.00,1.0,-1,-1,-1
37,1,647.00,228.00,37.00,35.00,1.0,-1,-1,-1
38,8,879.00,425.00,227.00,194.00,1.0,-1,-1,-1
38,7,693.00,369.00,74.00,66.00,1.0,-1,-1,-1
38,6,809.00,321.00,78.00,79.00,1.0,-1,-1,-1
38,4,673.00,195.00,26.00,24.00,1.0,-1,-1,-1
38,3,447.00,310.00,74.00,77.00,1.0,-1,-1,-1
38,2,722.00,252.00,38.00,33.00,1.0,-1,-1,-1
38,1,647.00,226.00,36.00,35.00,1.0,-1,-1,-1
39,8,873.00,415.00,210.00,183.00,1.0,-1,-1,-1
39,7,692.00,364.00,71.00,63.00,1.0,-1,-1,-1
39,6,804.00,316.00,75.00,77.00,1.0,-1,-1,-1
39,4,672.00,194.00,26.00,25.00,1.0,-1,-1,-1
39,3,443.00,315.00,76.00,77.00,1.0,-1,-1,-1
39,2,721.00,251.00,38.00,33.00,1.0,-1,-1,-1
39,1,646.00,226.00,35.00,34.00,1.0,-1,-1,-1
40,8,868.00,408.00,195.00,174.00,1.0,-1,-1,-1
40,7,690.00,359.00,68.00,61.00,1.0,-1,-1,-1
40,6,801.00,313.00,72.00,73.00,1.0,-1,-1,-1
40,4,672.00,194.00,26.00,24.00,1.0,-1,-1,-1
40,3,439.00,319.00,78.00,80.00,1.0,-1,-1,-1
40,2,721.00,250.00,37.00,31.00,1.0,-1,-1,-1
40,1,645.00,226.00,35.00,32.00,1.0,-1,-1,-1
41,8,863.00,401.00,183.00,166.00,1.0,-1,-1,-1
41,7,689.00,355.00,65.00,59.00,1.0,-1,-1,-1
41,6,799.00,311.00,69.00,71.00,1.0,-1,-1,-1
41,4,673.00,193.00,24.00,25.00,1.0,-1,-1,-1
41,3,435.00,323.00,80.00,83.00,1.0,-1,-1,-1
41,2,721.00,249.00,36.00,31.00,1.0,-1,-1,-1
41,1,645.00,226.00,34.00,31.00,1.0,-1,-1,-1
42,8,853.00,389.00,170.00,156.00,1.0,-1,-1,-1
42,7,687.00,349.00,63.00,57.00,1.0,-1,-1,-1
42,6,795.00,307.00,64.00,67.00,1.0,-1,-1,-1
42,4,672.00,193.00,25.00,24.00,1.0,-1,-1,-1
42,3,428.00,330.00,84.00,86.00,1.0,-1,-1,-1
42,2,718.00,246.00,35.00,31.00,1.0,-1,-1,-1
42,1,645.00,225.00,34.00,31.00,1.0,-1,-1,-1
43,8,848.00,382.00,157.00,147.00,1.0,-1,-1,-1
43,7,686.00,345.00,61.00,55.00,1.0,-1,-1,-1
43,6,791.00,304.00,61.00,64.00,1.0,-1,-1,-1
43,4,672.00,192.00,24.00,24.00,1.0,-1,-1,-1
43,3,422.00,334.00,87.00,89.00,1.0,-1,-1,-1
43,2,716.00,244.00,36.00,31.00,1.0,-1,-1,-1
43,1,646.00,223.00,33.00,31.00,1.0,-1,-1,-1
44,8,842.00,377.00,149.00,139.00,1.0,-1,-1,-1
44,7,684.00,342.00,60.00,53.00,1.0,-1,-1,-1
44,4,671.00,192.00,24.00,23.00,1.0,-1,-1,-1
44,3,417.00,340.00,89.00,91.00,1.0,-1,-1,-1
44,2,715.00,243.00,35.00,30.00,1.0,-1,-1,-1
44,1,645.00,222.00,34.00,31.00,1.0,-1,-1,-1
45,8,839.00,373.00,139.00,132.00,1.0,-1,-1,-1
45,7,683.00,338.00,59.00,52.00,1.0,-1,-1,-1
45,4,670.00,191.00,24.00,23.00,1.0,-1,-1,-1
45,3,412.00,345.00,92.00,94.00,1.0,-1,-1,-1
45,2,714.00,242.00,34.00,30.00,1.0,-1,-1,-1
45,1,645.00,220.00,33.00,31.00,1.0,-1,-1,-1
46,8,833.00,364.00,129.00,124.00,1.0,-1,-1,-1
46,7,682.00,333.00,57.00,50.00,1.0,-1,-1,-1
46,4,669.00,190.00,25.00,23.00,1.0,-1,-1,-1
46,3,404.00,354.00,95.00,98.00,1.0,-1,-1,-1
46,2,712.00,241.00,32.00,29.00,1.0,-1,-1,-1
46,1,645.00,219.00,32.00,31.00,1.0,-1,-1,-1
47,9,769.00,283.00,75.00,78.00,1.0,-1,-1,-1
47,8,828.00,358.00,122.00,117.00,1.0,-1,-1,-1
47,7,682.00,329.00,55.00,49.00,1.0,-1,-1,-1
47,4,669.00,190.00,25.00,23.00,1.0,-1,-1,-1
47,3,398.00,362.00,97.00,101.00,1.0,-1,-1,-1
47,2,711.00,241.00,31.00,27.00,1.0,-1,-1,-1
47,1,645.00,219.00,32.00,30.00,1.0,-1,-1,-1
48,9,766.00,279.00,75.00,78.00,1.0,-1,-1,-1
48,8,824.00,353.00,115.00,113.00,1.0,-1,-1,-1
48,7,680.00,327.00,54.00,47.00,1.0,-1,-1,-1
48,4,668.00,189.00,25.00,23.00,1.0,-1,-1,-1
48,3,392.00,367.00,100.00,105.00,1.0,-1,-1,-1
48,2,710.00,239.00,31.00,27.00,1.0,-1,-1,-1
48,1,644.00,219.00,32.00,30.00,1.0,-1,-1,-1
49,9,764.00,278.00,72.00,76.00,1.0,-1,-1,-1
49,8,820.00,349.00,109.00,109.00,1.0,-1,-1,-1
49,7,679.00,323.00,52.00,47.00,1.0,-1,-1,-1
49,4,668.00,189.00,25.00,24.00,1.0,-1,-1,-1
49,3,385.00,373.00,104.00,110.00,1.0,-1,-1,-1
49,2,708.00,237.00,32.00,28.00,1.0,-1,-1,-1
49,1,644.00,218.00,31.00,30.00,1.0,-1,-1,-1
50,9,760.00,274.00,70.00,74.00,1.0,-1,-1,-1
50,8,813.00,341.00,104.00,103.00,1.0,-1,-1,-1
50,7,678.00,319.00,51.00,45.00,1.0,-1,-1,-1
50,4,667.00,189.00,25.00,23.00,1.0,-1,-1,-1
50,3,374.00,383.00,108.00,115.00,1.0,-1,-1,-1
50,2,708.00,236.00,31.00,27.00,1.0,-1,-1,-1
50,1,644.00,217.00,31.00,30.00,1.0,-1,-1,-1
51,9,758.00,272.00,68.00,71.00,1.0,-1,-1,-1
51,8,808.00,335.00,98.00,99.00,1.0,-1,-1,-1
51,7,676.00,315.00,50.00,44.00,1.0,-1,-1,-1
51,4,666.00,189.00,26.00,23.00,1.0,-1,-1,-1
51,3,366.00,392.00,112.00,121.00,1.0,-1,-1,-1
51,2,707.00,236.00,30.00,26.00,1.0,-1,-1,-1
51,1,644.00,216.00,30.00,30.00,1.0,-1,-1,-1
52,9,755.00,270.00,66.00,69.00,1.0,-1,-1,-1
52,8,804.00,332.00,94.00,95.00,1.0,-1,-1,-1
52,7,675.00,313.00,49.00,43.00,1.0,-1,-1,-1
52,4,666.00,189.00,26.00,23.00,1.0,-1,-1,-1
52,3,358.00,400.00,116.00,126.00,1.0,-1,-1,-1
52,2,706.00,234.00,30.00,26.00,1.0,-1,-1,-1
52,1,643.00,215.00,30.00,30.00,1.0,-1,-1,-1
53,9,753.00,268.00,64.00,68.00,1.0,-1,-1,-1
53,8,801.00,329.00,89.00,92.00,1.0,-1,-1,-1
53,7,674.00,311.00,47.00,41.00,1.0,-1,-1,-1
53,4,665.00,189.00,26.00,22.00,1.0,-1,-1,-1
53,3,348.00,410.00,120.00,131.00,1.0,-1,-1,-1
53,2,705.00,233.00,30.00,26.00,1.0,-1,-1,-1
53,1,643.00,214.00,30.00,30.00,1.0,-1,-1,-1
54,9,749.00,265.00,63.00,67.00,1.0,-1,-1,-1
54,8,795.00,324.00,86.00,87.00,1.0,-1,-1,-1
54,7,673.00,306.00,46.00,41.00,1.0,-1,-1,-1
54,4,665.00,188.00,26.00,23.00,1.0,-1,-1,-1
54,3,333.00,425.00,127.00,139.00,1.0,-1,-1,-1
54,2,703.00,230.00,29.00,26.00,1.0,-1,-1,-1
54,1,642.00,213.00,30.00,29.00,1.0,-1,-1,-1
55,9,747.00,263.00,61.00,65.00,1.0,-1,-1,-1
55,8,792.00,321.00,80.00,82.00,1.0,-1,-1,-1
55,7,672.00,304.00,45.00,40.00,1.0,-1,-1,-1
55,3,319.00,437.00,133.00,146.00,1.0,-1,-1,-1
55,2,702.00,229.00,29.00,26.00,1.0,-1,-1,-1
55,1,641.00,212.00,30.00,29.00,1.0,-1,-1,-1
56,9,745.00,262.00,59.00,62.00,1.0,-1,-1,-1
56,8,789.00,318.00,77.00,79.00,1.0,-1,-1,-1
56,7,671.00,302.00,44.00,39.00,1.0,-1,-1,-1
56,3,307.00,447.00,140.00,155.00,1.0,-1,-1,-1
56,2,701.00,228.00,29.00,26.00,1.0,-1,-1,-1
56,1,640.00,212.00,31.00,29.00,1.0,-1,-1,-1
57,9,743.00,261.00,58.00,60.00,1.0,-1,-1,-1
57,8,787.00,316.00,73.00,75.00,1.0,-1,-1,-1
57,7,670.00,299.00,43.00,38.00,1.0,-1,-1,-1
57,3,298.00,460.00,144.00,162.00,1.0,-1,-1,-1
57,2,701.00,228.00,28.00,25.00,1.0,-1,-1,-1
57,1,641.00,212.00,30.00,29.00,1.0,-1,-1,-1
58,9,740.00,258.00,57.00,59.00,1.0,-1,-1,-1
58,8,783.00,311.00,69.00,72.00,1.0,-1,-1,-1
58,7,669.00,296.00,41.00,36.00,1.0,-1,-1,-1
58,3,276.00,481.00,154.00,174.00,1.0,-1,-1,-1
58,2,698.00,227.00,28.00,25.00,1.0,-1,-1,-1
58,1,641.00,211.00,29.00,28.00,1.0,-1,-1,-1
59,8,780.00,309.00,66.00,68.00,1.0,-1,-1,-1
59,7,668.00,293.00,41.00,36.00,1.0,-1,-1,-1
59,3,257.00,497.00,165.00,186.00,1.0,-1,-1,-1
59,2,697.00,227.00,27.00,24.00,1.0,-1,-1,-1
59,1,640.00,211.00,29.00,28.00,1.0,-1,-1,-1
60,8,775.00,306.00,64.00,65.00,1.0,-1,-1,-1
60,7,667.00,291.00,40.00,35.00,1.0,-1,-1,-1
60,3,240.00,510.00,173.00,195.00,1.0,-1,-1,-1
60,2,696.00,226.00,27.00,24.00,1.0,-1,-1,-1
60,1,639.00,211.00,30.00,27.00,1.0,-1,-1,-1
61,8,773.00,303.00,62.00,64.00,1.0,-1,-1,-1
61,7,666.00,288.00,40.00,35.00,1.0,-1,-1,-1
61,3,220.00,521.00,185.00,198.00,1.0,-1,-1,-1
61,2,696.00,226.00,27.00,23.00,1.0,-1,-1,-1
61,1,639.00,211.00,29.00,27.00,1.0,-1,-1,-1
62,8,769.00,299.00,59.00,61.00,1.0,-1,-1,-1
62,7,666.00,286.00,39.00,34.00,1.0,-1,-1,-1
62,3,196.00,542.00,194.00,188.00,1.0,-1,-1,-1
62,2,694.00,224.00,28.00,23.00,1.0,-1,-1,-1
62,1,639.00,210.00,29.00,27.00,1.0,-1,-1,-1
63,9,729.00,249.00,51.00,52.00,1.0,-1,-1,-1
63,8,766.00,296.00,56.00,59.00,1.0,-1,-1,-1
63,7,665.00,283.00,39.00,35.00,1.0,-1,-1,-1
63,3,178.00,561.00,201.00,175.00,1.0,-1,-1,-1
63,2,694.00,222.00,28.00,24.00,1.0,-1,-1,-1
63,1,638.00,209.00,29.00,27.00,1.0,-1,-1,-1
64,9,726.00,247.00,50.00,52.00,1.0,-1,-1,-1
64,7,664.00,281.00,39.00,34.00,1.0,-1,-1,-1
64,3,165.00,579.00,205.00,159.00,1.0,-1,-1,-1
64,2,693.00,221.00,29.00,24.00,1.0,-1,-1,-1
64,1,638.00,207.00,28.00,27.00,1.0,-1,-1,-1
65,9,725.00,247.00,49.00,51.00,1.0,-1,-1,-1
65,7,664.00,279.00,38.00,34.00,1.0,-1,-1,-1
65,2,692.00,220.00,28.00,24.00,1.0,-1,-1,-1
65,1,639.00,206.00,27.00,27.00,1.0,-1,-1,-1
66,7,661.00,277.00,38.00,33.00,1.0,-1,-1,-1
66,2,690.00,218.00,28.00,24.00,1.0,-1,-1,-1
66,1,638.00,205.00,26.00,27.00,1.0,-1,-1,-1
67,10,746.00,275.00,71.00,76.00,1.0,-1,-1,-1
67,7,661.00,275.00,37.00,33.00,1.0,-1,-1,-1
67,2,689.00,217.00,26.00,23.00,1.0,-1,-1,-1
67,1,638.00,204.00,26.00,27.00,1.0,-1,-1,-1
68,10,743.00,271.00,71.00,76.00,1.0,-1,-1,-1
68,7,660.00,274.00,37.00,32.00,1.0,-1,-1,-1
68,1,638.00,203.00,26.00,27.00,1.0,-1,-1,-1
69,10,741.00,270.00,70.00,74.00,1.0,-1,-1,-1
69,9,719.00,241.00,44.00,47.00,1.0,-1,-1,-1
69,7,660.00,272.00,36.00,32.00,1.0,-1,-1,-1
69,1,637.00,203.00,26.00,27.00,1.0,-1,-1,-1
70,10,737.00,267.00,68.00,72.00,1.0,-1,-1,-1
70,7,659.00,269.00,36.00,32.00,1.0,-1,-1,-1
70,1,637.00,202.00,26.00,28.00,1.0,-1,-1,-1
71,10,734.00,264.00,68.00,72.00,1.0,-1,-1,-1
71,7,658.00,268.00,35.00,30.00,1.0,-1,-1,-1
71,1,637.00,202.00,26.00,28.00,1.0,-1,-1,-1
72,10,733.00,262.00,66.00,70.00,1.0,-1,-1,-1
72,7,657.00,267.00,34.00,29.00,1.0,-1,-1,-1
72,2,685.00,214.00,23.00,22.00,1.0,-1,-1,-1
72,1,637.00,202.00,25.00,27.00,1.0,-1,-1,-1
73,10,731.00,262.00,65.00,68.00,1.0,-1,-1,-1
73,7,657.00,265.00,34.00,30.00,1.0,-1,-1,-1
73,2,685.00,213.00,23.00,22.00,1.0,-1,-1,-1
73,1,636.00,201.00,26.00,27.00,1.0,-1,-1,-1
74,10,730.00,259.00,62.00,66.00,1.0,-1,-1,-1
74,7,656.00,264.00,33.00,28.00,1.0,-1,-1,-1
74,2,683.00,213.00,24.00,21.00,1.0,-1,-1,-1
74,1,636.00,200.00,25.00,27.00,1.0,-1,-1,-1
75,10,727.00,256.00,61.00,66.00,1.0,-1,-1,-1
75,7,656.00,262.00,31.00,27.00,1.0,-1,-1,-1
75,2,682.00,212.00,24.00,21.00,1.0,-1,-1,-1
76,11,995.00,438.00,282.00,281.00,1.0,-1,-1,-1
76,10,727.00,256.00,59.00,63.00,1.0,-1,-1,-1
76,7,656.00,261.00,31.00,26.00,1.0,-1,-1,-1
76,2,681.00,211.00,24.00,21.00,1.0,-1,-1,-1
77,11,979.00,426.00,298.00,293.00,1.0,-1,-1,-1
77,10,725.00,254.00,58.00,62.00,1.0,-1,-1,-1
77,7,655.00,259.00,30.00,26.00,1.0,-1,-1,-1
77,2,681.00,211.00,24.00,21.00,1.0,-1,-1,-1
78,11,959.00,409.00,317.00,310.00,1.0,-1,-1,-1
78,2,680.00,210.00,25.00,21.00,1.0,-1,-1,-1
78,1,634.00,200.00,26.00,25.00,1.0,-1,-1,-1
79,11,944.00,397.00,332.00,322.00,1.0,-1,-1,-1
79,2,679.00,210.00,25.00,21.00,1.0,-1,-1,-1
79,1,634.00,199.00,26.00,25.00,1.0,-1,-1,-1
80,11,932.00,389.00,344.00,332.00,1.0,-1,-1,-1
80,2,679.00,210.00,25.00,21.00,1.0,-1,-1,-1
80,1,633.00,199.00,27.00,25.00,1.0,-1,-1,-1
81,12,646.00,248.00,41.00,36.00,1.0,-1,-1,-1
81,11,920.00,381.00,356.00,340.00,1.0,-1,-1,-1
81,10,718.00,245.00,54.00,60.00,1.0,-1,-1,-1
81,2,678.00,209.00,25.00,21.00,1.0,-1,-1,-1
82,12,645.00,245.00,42.00,37.00,1.0,-1,-1,-1
82,11,905.00,369.00,370.00,351.00,1.0,-1,-1,-1
82,10,712.00,239.00,56.00,62.00,1.0,-1,-1,-1
82,2,677.00,207.00,24.00,21.00,1.0,-1,-1,-1
83,12,646.00,243.00,40.00,37.00,1.0,-1,-1,-1
83,11,894.00,360.00,381.00,361.00,1.0,-1,-1,-1
83,10,711.00,240.00,55.00,59.00,1.0,-1,-1,-1
83,2,676.00,206.00,24.00,21.00,1.0,-1,-1,-1
84,12,645.00,243.00,40.00,36.00,1.0,-1,-1,-1
84,11,884.00,352.00,392.00,369.00,1.0,-1,-1,-1
84,10,709.00,240.00,55.00,58.00,1.0,-1,-1,-1
84,2,675.00,205.00,23.00,20.00,1.0,-1,-1,-1
85,12,645.00,241.00,40.00,36.00,1.0,-1,-1,-1
85,11,876.00,345.00,402.00,376.00,1.0,-1,-1,-1
85,10,706.00,239.00,56.00,57.00,1.0,-1,-1,-1
85,2,674.00,204.00,24.00,21.00,1.0,-1,-1,-1
86,12,644.00,240.00,40.00,35.00,1.0,-1,-1,-1
86,11,865.00,336.00,412.00,383.00,1.0,-1,-1,-1
86,2,673.00,204.00,24.00,20.00,1.0,-1,-1,-1
87,12,644.00,239.00,40.00,36.00,1.0,-1,-1,-1
87,11,851.00,326.00,411.00,382.00,1.0,-1,-1,-1
87,2,672.00,203.00,24.00,20.00,1.0,-1,-1,-1
88,12,644.00,238.00,40.00,36.00,1.0,-1,-1,-1
88,11,840.00,315.00,404.00,377.00,1.0,-1,-1,-1
88,2,671.00,201.00,24.00,21.00,1.0,-1,-1,-1
89,12,643.00,237.00,39.00,35.00,1.0,-1,-1,-1
89,11,832.00,308.00,393.00,367.00,1.0,-1,-1,-1
89,2,671.00,201.00,23.00,20.00,1.0,-1,-1,-1
90,12,642.00,236.00,38.00,34.00,1.0,-1,-1,-1
90,11,818.00,297.00,375.00,352.00,1.0,-1,-1,-1
91,12,642.00,235.00,37.00,33.00,1.0,-1,-1,-1
91,11,807.00,290.00,358.00,337.00,1.0,-1,-1,-1
92,12,642.00,234.00,36.00,32.00,1.0,-1,-1,-1
92,11,800.00,288.00,342.00,322.00,1.0,-1,-1,-1
92,10,694.00,222.00,55.00,57.00,1.0,-1,-1,-1
93,12,641.00,234.00,36.00,31.00,1.0,-1,-1,-1
93,11,796.00,285.00,326.00,309.00,1.0,-1,-1,-1
93,10,693.00,223.00,54.00,56.00,1.0,-1,-1,-1
94,12,639.00,232.00,37.00,31.00,1.0,-1,-1,-1
94,11,789.00,279.00,307.00,294.00,1.0,-1,-1,-1
94,10,693.00,221.00,53.00,56.00,1.0,-1,-1,-1
95,12,638.00,231.00,37.00,31.00,1.0,-1,-1,-1
95,11,785.00,275.00,290.00,280.00,1.0,-1,-1,-1
95,10,693.00,223.00,52.00,54.00,1.0,-1,-1,-1
96,12,638.00,230.00,37.00,31.00,1.0,-1,-1,-1
96,11,783.00,274.00,275.00,266.00,1.0,-1,-1,-1
96,10,691.00,220.00,52.00,54.00,1.0,-1,-1,-1
97,12,638.00,229.00,36.00,30.00,1.0,-1,-1,-1
97,11,781.00,273.00,262.00,255.00,1.0,-1,-1,-1
97,10,690.00,219.00,51.00,54.00,1.0,-1,-1,-1
98,12,637.00,227.00,36.00,31.00,1.0,-1,-1,-1
98,11,775.00,269.00,247.00,242.00,1.0,-1,-1,-1
98,10,689.00,217.00,51.00,54.00,1.0,-1,-1,-1
99,12,637.00,226.00,37.00,31.00,1.0,-1,-1,-1
99,11,772.00,266.00,235.00,231.00,1.0,-1,-1,-1
99,10,688.00,216.00,51.00,54.00,1.0,-1,-1,-1
100,15,750.00,570.00,222.00,139.00,1.0,-1,-1,-1
100,12,636.00,226.00,37.00,30.00,1.0,-1,-1,-1
100,11,771.00,265.00,223.00,222.00,1.0,-1,-1,-1
100,10,687.00,216.00,50.00,53.00,1.0,-1,-1,-1
101,15,742.00,556.00,216.00,150.00,1.0,-1,-1,-1
101,12,636.00,225.00,36.00,30.00,1.0,-1,-1,-1
101,11,769.00,264.00,213.00,213.00,1.0,-1,-1,-1
101,10,687.00,216.00,48.00,52.00,1.0,-1,-1,-1
102,15,733.00,529.00,203.00,151.00,1.0,-1,-1,-1
102,12,636.00,224.00,35.00,30.00,1.0,-1,-1,-1
102,11,767.00,259.00,201.00,204.00,1.0,-1,-1,-1
102,10,686.00,216.00,47.00,51.00,1.0,-1,-1,-1
103,15,730.00,510.00,190.00,151.00,1.0,-1,-1,-1
103,12,636.00,223.00,34.00,30.00,1.0,-1,-1,-1
103,11,764.00,258.00,192.00,196.00,1.0,-1,-1,-1
103,10,687.00,217.00,45.00,49.00,1.0,-1,-1,-1
104,15,727.00,494.00,179.00,148.00,1.0,-1,-1,-1
104,12,635.00,222.00,35.00,29.00,1.0,-1,-1,-1
104,11,763.00,257.00,183.00,189.00,1.0,-1,-1,-1
104,10,685.00,214.00,46.00,49.00,1.0,-1,-1,-1
105,15,725.00,481.00,170.00,144.00,1.0,-1,-1,-1
105,12,636.00,222.00,33.00,29.00,1.0,-1,-1,-1
105,11,762.00,256.00,176.00,181.00,1.0,-1,-1,-1
105,10,684.00,211.00,46.00,50.00,1.0,-1,-1,-1
106,15,719.00,463.00,160.00,138.00,1.0,-1,-1,-1
106,12,635.00,220.00,34.00,29.00,1.0,-1,-1,-1
106,11,759.00,254.00,167.00,173.00,1.0,-1,-1,-1
106,10,682.00,211.00,45.00,48.00,1.0,-1,-1,-1
107,15,716.00,452.00,150.00,131.00,1.0,-1,-1,-1
107,12,635.00,220.00,33.00,29.00,1.0,-1,-1,-1
107,11,756.00,253.00,159.00,166.00,1.0,-1,-1,-1
107,10,681.00,208.00,44.00,49.00,1.0,-1,-1,-1
108,15,714.00,442.00,143.00,126.00,1.0,-1,-1,-1
108,12,635.00,219.00,32.00,29.00,1.0,-1,-1,-1
108,11,755.00,252.00,153.00,160.00,1.0,-1,-1,-1
108,10,680.00,207.00,44.00,49.00,1.0,-1,-1,-1
109,15,711.00,434.00,137.00,120.00,1.0,-1,-1,-1
109,12,635.00,218.00,32.00,29.00,1.0,-1,-1,-1
109,11,753.00,251.00,148.00,154.00,1.0,-1,-1,-1
110,15,707.00,422.00,128.00,113.00,1.0,-1,-1,-1
110,12,634.00,217.00,32.00,29.00,1.0,-1,-1,-1
110,11,751.00,249.00,140.00,147.00,1.0,-1,-1,-1
111,15,705.00,413.00,122.00,108.00,1.0,-1,-1,-1
111,12,634.00,216.00,32.00,29.00,1.0,-1,-1,-1
111,11,749.00,247.00,135.00,142.00,1.0,-1,-1,-1
112,15,704.00,407.00,115.00,103.00,1.0,-1,-1,-1
112,12,633.00,215.00,32.00,28.00,1.0,-1,-1,-1
112,11,747.00,246.00,130.00,138.00,1.0,-1,-1,-1
113,15,702.00,401.00,109.00,98.00,1.0,-1,-1,-1
113,12,633.00,215.00,32.00,28.00,1.0,-1,-1,-1
113,11,746.00,246.00,125.00,133.00,1.0,-1,-1,-1
114,15,700.00,391.00,104.00,94.00,1.0,-1,-1,-1
114,12,633.00,215.00,31.00,27.00,1.0,-1,-1,-1
114,11,743.00,244.00,120.00,127.00,1.0,-1,-1,-1
115,15,698.00,384.00,99.00,90.00,1.0,-1,-1,-1
115,12,633.00,214.00,31.00,27.00,1.0,-1,-1,-1
115,11,741.00,242.00,116.00,122.00,1.0,-1,-1,-1
116,15,696.00,378.00,95.00,86.00,1.0,-1,-1,-1
116,12,633.00,214.00,30.00,27.00,1.0,-1,-1,-1
116,11,740.00,241.00,112.00,118.00,1.0,-1,-1,-1
117,16,958.00,561.00,246.00,144.00,1.0,-1,-1,-1
117,15,695.00,374.00,91.00,82.00,1.0,-1,-1,-1
117,12,633.00,213.00,30.00,27.00,1.0,-1,-1,-1
117,11,739.00,240.00,109.00,115.00,1.0,-1,-1,-1
118,16,936.00,535.00,228.00,141.00,1.0,-1,-1,-1
118,15,693.00,366.00,86.00,79.00,1.0,-1,-1,-1
118,12,632.00,213.00,31.00,26.00,1.0,-1,-1,-1
118,11,736.00,238.00,105.00,112.00,1.0,-1,-1,-1
119,16,925.00,518.00,214.00,138.00,1.0,-1,-1,-1
119,15,692.00,360.00,83.00,76.00,1.0,-1,-1,-1
119,12,632.00,212.00,30.00,26.00,1.0,-1,-1,-1
119,11,735.00,237.00,101.00,108.00,1.0,-1,-1,-1
120,16,917.00,505.00,199.00,132.00,1.0,-1,-1,-1
120,15,690.00,356.00,81.00,73.00,1.0,-1,-1,-1
120,11,734.00,237.00,99.00,104.00,1.0,-1,-1,-1
121,16,908.00,493.00,189.00,127.00,1.0,-1,-1,-1
121,15,689.00,352.00,78.00,71.00,1.0,-1,-1,-1
121,11,732.00,236.00,97.00,102.00,1.0,-1,-1,-1
122,16,895.00,476.00,175.00,119.00,1.0,-1,-1,-1
122,15,687.00,346.00,74.00,67.00,1.0,-1,-1,-1
122,11,730.00,235.00,93.00,98.00,1.0,-1,-1,-1
123,16,886.00,463.00,164.00,114.00,1.0,-1,-1,-1
123,15,685.00,342.00,71.00,65.00,1.0,-1,-1,-1
123,11,729.00,234.00,90.00,94.00,1.0,-1,-1,-1
124,16,879.00,453.00,154.00,108.00,1.0,-1,-1,-1
124,15,684.00,338.00,69.00,62.00,1.0,-1,-1,-1
124,11,727.00,233.00,89.00,92.00,1.0,-1,-1,-1
125,16,874.00,446.00,144.00,102.00,1.0,-1,-1,-1
125,15,682.00,335.00,67.00,60.00,1.0,-1,-1,-1
125,11,727.00,232.00,86.00,91.00,1.0,-1,-1,-1
126,16,863.00,433.00,135.00,95.00,1.0,-1,-1,-1
126,15,681.00,329.00,64.00,57.00,1.0,-1,-1,-1
126,11,724.00,230.00,83.00,89.00,1.0,-1,-1,-1
127,16,858.00,423.00,126.00,91.00,1.0,-1,-1,-1
127,15,680.00,326.00,63.00,56.00,1.0,-1,-1,-1
127,11,723.00,230.00,81.00,86.00,1.0,-1,-1,-1
128,16,852.00,417.00,120.00,87.00,1.0,-1,-1,-1
128,15,679.00,323.00,61.00,54.00,1.0,-1,-1,-1
128,11,722.00,229.00,78.00,84.00,1.0,-1,-1,-1
129,16,847.00,411.00,114.00,82.00,1.0,-1,-1,-1
129,15,678.00,320.00,59.00,53.00,1.0,-1,-1,-1
129,11,721.00,229.00,77.00,82.00,1.0,-1,-1,-1
130,16,840.00,400.00,107.00,79.00,1.0,-1,-1,-1
130,15,676.00,315.00,57.00,52.00,1.0,-1,-1,-1
130,11,719.00,227.00,75.00,80.00,1.0,-1,-1,-1
131,16,834.00,393.00,102.00,75.00,1.0,-1,-1,-1
131,15,675.00,312.00,56.00,50.00,1.0,-1,-1,-1
131,11,718.00,225.00,73.00,78.00,1.0,-1,-1,-1
132,16,829.00,388.00,98.00,72.00,1.0,-1,-1,-1
132,15,674.00,310.00,55.00,49.00,1.0,-1,-1,-1
132,11,716.00,224.00,72.00,76.00,1.0,-1,-1,-1
133,16,826.00,384.00,93.00,68.00,1.0,-1,-1,-1
133,15,674.00,308.00,54.00,47.00,1.0,-1,-1,-1
133,11,715.00,224.00,70.00,74.00,1.0,-1,-1,-1
134,16,819.00,376.00,89.00,65.00,1.0,-1,-1,-1
134,15,673.00,304.00,52.00,46.00,1.0,-1,-1,-1
134,11,714.00,222.00,67.00,73.00,1.0,-1,-1,-1
135,16,815.00,371.00,85.00,61.00,1.0,-1,-1,-1
135,15,672.00,300.00,51.00,46.00,1.0,-1,-1,-1
135,11,714.00,222.00,65.00,71.00,1.0,-1,-1,-1
136,16,811.00,365.00,81.00,60.00,1.0,-1,-1,-1
136,15,671.00,298.00,50.00,44.00,1.0,-1,-1,-1
136,11,713.00,221.00,64.00,70.00,1.0,-1,-1,-1
137,16,807.00,361.00,79.00,58.00,1.0,-1,-1,-1
137,15,670.00,296.00,48.00,43.00,1.0,-1,-1,-1
137,11,712.00,220.00,62.00,69.00,1.0,-1,-1,-1
138,16,802.00,356.00,75.00,55.00,1.0,-1,-1,-1
138,15,668.00,293.00,48.00,42.00,1.0,-1,-1,-1
138,11,711.00,219.00,60.00,66.00,1.0,-1,-1,-1
139,16,799.00,351.00,72.00,52.00,1.0,-1,-1,-1
139,15,668.00,290.00,46.00,41.00,1.0,-1,-1,-1
139,11,710.00,219.00,59.00,64.00,1.0,-1,-1,-1
140,16,795.00,348.00,69.00,50.00,1.0,-1,-1,-1
140,15,668.00,289.00,44.00,39.00,1.0,-1,-1,-1
140,11,709.00,218.00,57.00,63.00,1.0,-1,-1,-1
141,16,793.00,345.00,67.00,49.00,1.0,-1,-1,-1
141,15,667.00,287.00,44.00,39.00,1.0,-1,-1,-1
141,11,709.00,218.00,56.00,61.00,1.0,-1,-1,-1
142,16,788.00,338.00,64.00,48.00,1.0,-1,-1,-1
142,15,666.00,283.00,43.00,38.00,1.0,-1,-1,-1
142,11,708.00,217.00,55.00,60.00,1.0,-1,-1,-1
143,16,785.00,334.00,61.00,47.00,1.0,-1,-1,-1
143,15,665.00,281.00,43.00,38.00,1.0,-1,-1,-1
143,11,708.00,216.00,53.00,58.00,1.0,-1,-1,-1
144,16,782.00,331.00,59.00,45.00,1.0,-1,-1,-1
144,15,665.00,280.00,41.00,37.00,1.0,-1,-1,-1
144,11,707.00,216.00,52.00,57.00,1.0,-1,-1,-1
145,17,1029.00,545.00,252.00,171.00,1.0,-1,-1,-1
145,16,780.00,329.00,57.00,44.00,1.0,-1,-1,-1
145,15,664.00,278.00,41.00,37.00,1.0,-1,-1,-1
145,11,707.00,216.00,50.00,56.00,1.0,-1,-1,-1
146,17,1003.00,522.00,249.00,171.00,1.0,-1,-1,-1
146,16,776.00,326.00,55.00,41.00,1.0,-1,-1,-1
146,15,663.00,276.00,40.00,36.00,1.0,-1,-1,-1
146,11,705.00,216.00,48.00,53.00,1.0,-1,-1,-1
147,17,985.00,508.00,242.00,168.00,1.0,-1,-1,-1
147,16,773.00,323.00,54.00,40.00,1.0,-1,-1,-1
147,15,663.00,275.00,39.00,35.00,1.0,-1,-1,-1
147,11,704.00,215.00,47.00,52.00,1.0,-1,-1,-1
148,17,971.00,494.00,233.00,164.00,1.0,-1,-1,-1
148,16,772.00,320.00,51.00,39.00,1.0,-1,-1,-1
148,15,662.00,274.00,40.00,34.00,1.0,-1,-1,-1
148,11,704.00,215.00,46.00,51.00,1.0,-1,-1,-1
149,18,771.00,576.00,208.00,136.00,1.0,-1,-1,-1
149,17,961.00,484.00,223.00,158.00,1.0,-1,-1,-1
149,16,770.00,318.00,50.00,38.00,1.0,-1,-1,-1
149,15,662.00,273.00,39.00,34.00,1.0,-1,-1,-1
149,11,703.00,215.00,45.00,50.00,1.0,-1,-1,-1
150,18,759.00,550.00,197.00,139.00,1.0,-1,-1,-1
150,17,944.00,468.00,210.00,150.00,1.0,-1,-1,-1
150,16,767.00,315.00,48.00,36.00,1.0,-1,-1,-1
150,15,661.00,270.00,39.00,34.00,1.0,-1,-1,-1
150,11,703.00,215.00,43.00,48.00,1.0,-1,-1,-1
151,18,753.00,531.00,184.00,136.00,1.0,-1,-1,-1
151,17,932.00,456.00,199.00,144.00,1.0,-1,-1,-1
151,15,660.00,268.00,39.00,34.00,1.0,-1,-1,-1
151,11,703.00,216.00,41.00,46.00,1.0,-1,-1,-1
152,18,750.00,517.00,173.00,132.00,1.0,-1,-1,-1
152,17,925.00,448.00,188.00,137.00,1.0,-1,-1,-1
152,15,660.00,268.00,38.00,33.00,1.0,-1,-1,-1
153,18,748.00,504.00,164.00,129.00,1.0,-1,-1,-1
153,17,918.00,441.00,178.00,130.00,1.0,-1,-1,-1
153,15,659.00,267.00,38.00,33.00,1.0,-1,-1,-1
154,19,750.00,297.00,63.00,49.00,1.0,-1,-1,-1
154,18,740.00,484.00,153.00,123.00,1.0,-1,-1,-1
154,17,905.00,430.00,167.00,123.00,1.0,-1,-1,-1
154,15,658.00,265.00,37.00,32.00,1.0,-1,-1,-1
155,20,692.00,205.00,56.00,64.00,1.0,-1,-1,-1
155,19,748.00,296.00,61.00,48.00,1.0,-1,-1,-1
155,18,736.00,472.00,143.00,115.00,1.0,-1,-1,-1
155,17,897.00,422.00,158.00,118.00,1.0,-1,-1,-1
155,15,658.00,264.00,36.00,31.00,1.0,-1,-1,-1
156,20,691.00,205.00,57.00,64.00,1.0,-1,-1,-1
156,19,747.00,294.00,60.00,48.00,1.0,-1,-1,-1
156,18,733.00,462.00,135.00,110.00,1.0,-1,-1,-1
156,17,891.00,416.00,150.00,112.00,1.0,-1,-1,-1
156,15,658.00,263.00,35.00,31.00,1.0,-1,-1,-1
157,20,690.00,204.00,57.00,65.00,1.0,-1,-1,-1
157,19,745.00,293.00,60.00,47.00,1.0,-1,-1,-1
157,18,731.00,453.00,128.00,106.00,1.0,-1,-1,-1
157,17,885.00,411.00,143.00,106.00,1.0,-1,-1,-1
157,15,658.00,262.00,35.00,30.00,1.0,-1,-1,-1
158,20,689.00,204.00,56.00,63.00,1.0,-1,-1,-1
158,19,743.00,291.00,58.00,45.00,1.0,-1,-1,-1
158,18,724.00,440.00,121.00,99.00,1.0,-1,-1,-1
158,17,875.00,402.00,135.00,100.00,1.0,-1,-1,-1
158,15,658.00,261.00,34.00,29.00,1.0,-1,-1,-1
159,20,688.00,204.00,56.00,63.00,1.0,-1,-1,-1
159,19,742.00,289.00,56.00,44.00,1.0,-1,-1,-1
159,18,721.00,431.00,114.00,94.00,1.0,-1,-1,-1
159,17,869.00,395.00,128.00,96.00,1.0,-1,-1,-1
159,15,658.00,260.00,34.00,29.00,1.0,-1,-1,-1
160,20,688.00,204.00,55.00,62.00,1.0,-1,-1,-1
160,19,740.00,287.00,56.00,43.00,1.0,-1,-1,-1
160,18,719.00,423.00,108.00,90.00,1.0,-1,-1,-1
160,17,865.00,391.00,121.00,92.00,1.0,-1,-1,-1
160,15,657.00,258.00,34.00,30.00,1.0,-1,-1,-1
161,20,688.00,204.00,54.00,61.00,1.0,-1,-1,-1
161,19,738.00,285.00,55.00,43.00,1.0,-1,-1,-1
161,18,717.00,416.00,103.00,86.00,1.0,-1,-1,-1
161,17,860.00,386.00,116.00,88.00,1.0,-1,-1,-1
161,15,656.00,258.00,34.00,28.00,1.0,-1,-1,-1
162,20,687.00,203.00,54.00,59.00,1.0,-1,-1,-1
162,19,737.00,282.00,53.00,43.00,1.0,-1,-1,-1
162,18,713.00,405.00,98.00,82.00,1.0,-1,-1,-1
162,17,852.00,379.00,110.00,84.00,1.0,-1,-1,-1
162,15,656.00,256.00,32.00,28.00,1.0,-1,-1,-1
163,20,686.00,202.00,53.00,59.00,1.0,-1,-1,-1
163,19,735.00,281.00,52.00,42.00,1.0,-1,-1,-1
163,18,709.00,398.00,95.00,78.00,1.0,-1,-1,-1
163,17,847.00,374.00,105.00,81.00,1.0,-1,-1,-1
163,15,655.00,255.00,32.00,28.00,1.0,-1,-1,-1
164,20,686.00,202.00,52.00,58.00,1.0,-1,-1,-1
164,19,734.00,279.00,52.00,42.00,1.0,-1,-1,-1
164,18,707.00,392.00,91.00,75.00,1.0,-1,-1,-1
164,17,843.00,370.00,102.00,77.00,1.0,-1,-1,-1
164,15,655.00,255.00,32.00,27.00,1.0,-1,-1,-1
165,20,687.00,202.00,51.00,57.00,1.0,-1,-1,-1
165,19,733.00,278.00,52.00,41.00,1.0,-1,-1,-1
165,18,706.00,386.00,88.00,73.00,1.0,-1,-1,-1
165,17,839.00,365.00,97.00,76.00,1.0,-1,-1,-1
165,15,654.00,254.00,32.00,28.00,1.0,-1,-1,-1
166,20,686.00,202.00,50.00,56.00,1.0,-1,-1,-1
166,19,730.00,275.00,51.00,41.00,1.0,-1,-1,-1
166,18,703.00,378.00,85.00,70.00,1.0,-1,-1,-1
166,17,832.00,359.00,94.00,73.00,1.0,-1,-1,-1
166,15,654.00,252.00,31.00,27.00,1.0,-1,-1,-1
167,20,686.00,202.00,49.00,55.00,1.0,-1,-1,-1
167,19,728.00,274.00,51.00,40.00,1.0,-1,-1,-1
167,18,701.00,373.00,83.00,66.00,1.0,-1,-1,-1
167,17,829.00,356.00,89.00,70.00,1.0,-1,-1,-1
167,15,653.00,251.00,31.00,27.00,1.0,-1,-1,-1
168,20,685.00,202.00,49.00,54.00,1.0,-1,-1,-1
168,19,727.00,273.00,50.00,39.00,1.0,-1,-1,-1
168,18,700.00,369.00,79.00,64.00,1.0,-1,-1,-1
168,17,825.00,353.00,86.00,67.00,1.0,-1,-1,-1
168,15,654.00,249.00,30.00,28.00,1.0,-1,-1,-1
169,20,685.00,201.00,48.00,54.00,1.0,-1,-1,-1
169,19,727.00,272.00,48.00,38.00,1.0,-1,-1,-1
169,18,698.00,365.00,76.00,61.00,1.0,-1,-1,-1
169,17,822.00,350.00,83.00,64.00,1.0,-1,-1,-1
169,15,654.00,248.00,29.00,27.00,1.0,-1,-1,-1
170,20,685.00,201.00,47.00,54.00,1.0,-1,-1,-1
170,19,725.00,269.00,47.00,38.00,1.0,-1,-1,-1
170,18,696.00,358.00,73.00,59.00,1.0,-1,-1,-1
170,17,817.00,345.00,79.00,62.00,1.0,-1,-1,-1
170,15,653.00,247.00,29.00,27.00,1.0,-1,-1,-1
171,20,684.00,201.00,47.00,53.00,1.0,-1,-1,-1
171,19,724.00,268.00,46.00,37.00,1.0,-1,-1,-1
171,18,694.00,354.00,70.00,56.00,1.0,-1,-1,-1
171,17,813.00,341.00,76.00,60.00,1.0,-1,-1,-1
171,15,652.00,247.00,28.00,26.00,1.0,-1,-1,-1
172,20,684.00,201.00,46.00,52.00,1.0,-1,-1,-1
172,19,724.00,266.00,45.00,37.00,1.0,-1,-1,-1
172,18,692.00,350.00,66.00,54.00,1.0,-1,-1,-1
172,17,810.00,339.00,74.00,58.00,1.0,-1,-1,-1
172,15,653.00,246.00,27.00,26.00,1.0,-1,-1,-1
173,20,684.00,201.00,46.00,51.00,1.0,-1,-1,-1
173,19,722.00,265.00,45.00,37.00,1.0,-1,-1,-1
173,18,690.00,347.00,64.00,52.00,1.0,-1,-1,-1
173,17,808.00,337.00,71.00,56.00,1.0,-1,-1,-1
174,20,683.00,202.00,45.00,50.00,1.0,-1,-1,-1
174,19,721.00,264.00,44.00,36.00,1.0,-1,-1,-1
174,18,689.00,342.00,61.00,50.00,1.0,-1,-1,-1
174,17,803.00,332.00,68.00,55.00,1.0,-1,-1,-1
175,20,682.00,202.00,45.00,49.00,1.0,-1,-1,-1
175,19,720.00,263.00,43.00,36.00,1.0,-1,-1,-1
175,18,688.00,338.00,59.00,48.00,1.0,-1,-1,-1
175,17,800.00,329.00,66.00,53.00,1.0,-1,-1,-1
176,21,646.00,240.00,38.00,32.00,1.0,-1,-1,-1
176,20,682.00,201.00,44.00,50.00,1.0,-1,-1,-1
176,19,719.00,262.00,42.00,35.00,1.0,-1,-1,-1
176,18,687.00,335.00,58.00,47.00,1.0,-1,-1,-1
176,17,798.00,327.00,64.00,51.00,1.0,-1,-1,-1
177,21,646.00,239.00,37.00,33.00,1.0,-1,-1,-1
177,20,681.00,201.00,45.00,50.00,1.0,-1,-1,-1
177,19,718.00,260.00,43.00,35.00,1.0,-1,-1,-1
177,18,686.00,332.00,56.00,46.00,1.0,-1,-1,-1
177,17,795.00,325.00,63.00,50.00,1.0,-1,-1,-1
178,21,645.00,238.00,37.00,33.00,1.0,-1,-1,-1
178,20,682.00,201.00,43.00,49.00,1.0,-1,-1,-1
178,19,717.00,260.00,42.00,34.00,1.0,-1,-1,-1
178,18,684.00,327.00,55.00,44.00,1.0,-1,-1,-1
178,17,792.00,322.00,60.00,47.00,1.0,-1,-1,-1
179,21,646.00,238.00,36.00,33.00,1.0,-1,-1,-1
179,20,682.00,201.00,42.00,48.00,1.0,-1,-1,-1
179,19,717.00,258.00,41.00,34.00,1.0,-1,-1,-1
179,18,683.00,325.00,53.00,42.00,1.0,-1,-1,-1
179,17,789.00,320.00,58.00,46.00,1.0,-1,-1,-1
180,21,646.00,237.00,35.00,33.00,1.0,-1,-1,-1
180,20,681.00,202.00,42.00,46.00,1.0,-1,-1,-1
180,19,717.00,257.00,41.00,33.00,1.0,-1,-1,-1
180,18,683.00,322.00,52.00,41.00,1.0,-1,-1,-1
180,17,787.00,318.00,56.00,44.00,1.0,-1,-1,-1
181,21,645.00,237.00,35.00,32.00,1.0,-1,-1,-1
181,20,681.00,202.00,41.00,46.00,1.0,-1,-1,-1
181,19,717.00,257.00,40.00,32.00,1.0,-1,-1,-1
181,18,683.00,320.00,50.00,40.00,1.0,-1,-1,-1
181,17,786.00,316.00,53.00,42.00,1.0,-1,-1,-1
182,21,645.00,237.00,35.00,31.00,1.0,-1,-1,-1
182,20,681.00,203.00,41.00,45.00,1.0,-1,-1,-1
182,19,716.00,257.00,39.00,31.00,1.0,-1,-1,-1
182,18,682.00,316.00,48.00,39.00,1.0,-1,-1,-1
182,17,783.00,314.00,52.00,41.00,1.0,-1,-1,-1
183,22,1010.00,583.00,272.00,131.00,1.0,-1,-1,-1
183,21,646.00,236.00,34.00,31.00,1.0,-1,-1,-1
183,20,681.00,202.00,41.00,46.00,1.0,-1,-1,-1
183,19,716.00,256.00,38.00,31.00,1.0,-1,-1,-1
183,18,680.00,314.00,47.00,38.00,1.0,-1,-1,-1
183,17,781.00,312.00,50.00,40.00,1.0,-1,-1,-1
184,22,993.00,570.00,273.00,140.00,1.0,-1,-1,-1
184,21,646.00,236.00,34.00,30.00,1.0,-1,-1,-1
184,20,681.00,202.00,40.00,46.00,1.0,-1,-1,-1
184,19,714.00,256.00,38.00,30.00,1.0,-1,-1,-1
184,18,679.00,313.00,45.00,37.00,1.0,-1,-1,-1
184,17,781.00,310.00,47.00,39.00,1.0,-1,-1,-1
185,22,979.00,556.00,267.00,148.00,1.0,-1,-1,-1
185,21,646.00,236.00,34.00,30.00,1.0,-1,-1,-1
185,20,681.00,202.00,40.00,45.00,1.0,-1,-1,-1
185,19,713.00,255.00,39.00,31.00,1.0,-1,-1,-1
185,18,678.00,310.00,44.00,36.00,1.0,-1,-1,-1
185,17,779.00,309.00,46.00,38.00,1.0,-1,-1,-1
186,23,768.00,570.00,206.00,134.00,1.0,-1,-1,-1
186,22,959.00,534.00,252.00,150.00,1.0,-1,-1,-1
186,21,646.00,235.00,33.00,30.00,1.0,-1,-1,-1
186,19,712.00,255.00,38.00,30.00,1.0,-1,-1,-1
186,18,677.00,308.00,43.00,35.00,1.0,-1,-1,-1
186,17,775.00,308.00,45.00,36.00,1.0,-1,-1,-1
187,23,761.00,554.00,200.00,143.00,1.0,-1,-1,-1
187,22,947.00,518.00,237.00,149.00,1.0,-1,-1,-1
187,21,646.00,235.00,34.00,31.00,1.0,-1,-1,-1
187,19,711.00,254.00,37.00,30.00,1.0,-1,-1,-1
187,18,677.00,306.00,42.00,35.00,1.0,-1,-1,-1
188,23,757.00,539.00,191.00,146.00,1.0,-1,-1,-1
188,22,939.00,507.00,224.00,146.00,1.0,-1,-1,-1
188,21,646.00,235.00,34.00,30.00,1.0,-1,-1,-1
188,19,712.00,254.00,37.00,30.00,1.0,-1,-1,-1
188,18,676.00,305.00,41.00,33.00,1.0,-1,-1,-1
189,23,754.00,523.00,182.00,147.00,1.0,-1,-1,-1
189,22,932.00,496.00,212.00,143.00,1.0,-1,-1,-1
189,21,646.00,234.00,34.00,31.00,1.0,-1,-1,-1
189,19,711.00,252.00,36.00,31.00,1.0,-1,-1,-1
189,18,676.00,303.00,40.00,33.00,1.0,-1,-1,-1
190,24,760.00,294.00,59.00,46.00,1.0,-1,-1,-1
190,23,747.00,501.00,170.00,142.00,1.0,-1,-1,-1
190,22,919.00,480.00,198.00,137.00,1.0,-1,-1,-1
190,21,646.00,234.00,34.00,30.00,1.0,-1,-1,-1
190,18,675.00,300.00,40.00,32.00,1.0,-1,-1,-1
191,24,759.00,293.00,57.00,45.00,1.0,-1,-1,-1
191,23,743.00,488.00,160.00,137.00,1.0,-1,-1,-1
191,22,911.00,469.00,186.00,131.00,1.0,-1,-1,-1
191,21,646.00,233.00,34.00,31.00,1.0,-1,-1,-1
191,18,675.00,298.00,39.00,32.00,1.0,-1,-1,-1
192,25,711.00,249.00,38.00,35.00,1.0,-1,-1,-1
192,24,758.00,292.00,56.00,45.00,1.0,-1,-1,-1
192,23,742.00,476.00,150.00,132.00,1.0,-1,-1,-1
192,22,904.00,461.00,178.00,126.00,1.0,-1,-1,-1
192,21,646.00,233.00,34.00,31.00,1.0,-1,-1,-1
192,18,674.00,297.00,39.00,32.00,1.0,-1,-1,-1
193,25,711.00,249.00,38.00,34.00,1.0,-1,-1,-1
193,24,758.00,291.00,54.00,44.00,1.0,-1,-1,-1
193,23,739.00,467.00,143.00,126.00,1.0,-1,-1,-1
193,22,898.00,454.00,169.00,121.00,1.0,-1,-1,-1
193,21,646.00,233.00,33.00,30.00,1.0,-1,-1,-1
193,19,710.00,250.00,34.00,29.00,1.0,-1,-1,-1
193,18,674.00,296.00,39.00,31.00,1.0,-1,-1,-1
194,25,710.00,249.00,38.00,34.00,1.0,-1,-1,-1
194,24,756.00,289.00,52.00,44.00,1.0,-1,-1,-1
194,23,734.00,453.00,134.00,119.00,1.0,-1,-1,-1
194,22,888.00,443.00,159.00,115.00,1.0,-1,-1,-1
194,21,646.00,233.00,33.00,30.00,1.0,-1,-1,-1
194,19,709.00,250.00,34.00,28.00,1.0,-1,-1,-1
194,18,673.00,293.00,38.00,31.00,1.0,-1,-1,-1
195,24,754.00,289.00,52.00,42.00,1.0,-1,-1,-1
195,23,732.00,444.00,127.00,114.00,1.0,-1,-1,-1
195,22,882.00,436.00,149.00,110.00,1.0,-1,-1,-1
195,21,647.00,233.00,33.00,29.00,1.0,-1,-1,-1
195,19,708.00,250.00,34.00,28.00,1.0,-1,-1,-1
195,18,672.00,291.00,37.00,30.00,1.0,-1,-1,-1
196,24,752.00,287.00,52.00,42.00,1.0,-1,-1,-1
196,23,729.00,437.00,122.00,109.00,1.0,-1,-1,-1
196,22,877.00,430.00,142.00,105.00,1.0,-1,-1,-1
196,21,647.00,233.00,33.00,29.00,1.0,-1,-1,-1
196,19,707.00,249.00,34.00,28.00,1.0,-1,-1,-1
196,18,672.00,289.00,37.00,30.00,1.0,-1,-1,-1
197,24,751.00,285.00,51.00,43.00,1.0,-1,-1,-1
197,23,727.00,430.00,116.00,104.00,1.0,-1,-1,-1
197,22,872.00,424.00,136.00,100.00,1.0,-1,-1,-1
197,21,646.00,232.00,33.00,29.00,1.0,-1,-1,-1
197,19,707.00,248.00,34.00,29.00,1.0,-1,-1,-1
197,18,672.00,288.00,35.00,29.00,1.0,-1,-1,-1
198,24,749.00,282.00,51.00,43.00,1.0,-1,-1,-1
198,23,723.00,420.00,110.00,98.00,1.0,-1,-1,-1
198,22,864.00,415.00,129.00,96.00,1.0,-1,-1,-1
198,21,646.00,231.00,33.00,29.00,1.0,-1,-1,-1
198,19,707.00,248.00,33.00,28.00,1.0,-1,-1,-1
198,18,671.00,286.00,35.00,29.00,1.0,-1,-1,-1
199,24,748.00,281.00,50.00,42.00,1.0,-1,-1,-1
199,23,721.00,412.00,105.00,94.00,1.0,-1,-1,-1
199,22,859.00,409.00,123.00,91.00,1.0,-1,-1,-1
199,21,647.00,231.00,32.00,29.00,1.0,-1,-1,-1
199,19,707.00,247.00,32.00,28.00,1.0,-1,-1,-1
199,18,670.00,286.00,34.00,27.00,1.0,-1,-1,-1
200,24,747.00,280.00,49.00,41.00,1.0,-1,-1,-1
200,23,720.00,407.00,100.00,90.00,1.0,-1,-1,-1
200,22,855.00,405.00,117.00,87.00,1.0,-1,-1,-1
200,21,647.00,231.00,32.00,28.00,1.0,-1,-1,-1
200,19,707.00,247.00,32.00,28.00,1.0,-1,-1,-1
201,24,746.00,279.00,48.00,41.00,1.0,-1,-1,-1
201,23,719.00,402.00,97.00,85.00,1.0,-1,-1,-1
201,22,851.00,401.00,112.00,83.00,1.0,-1,-1,-1
201,21,647.00,231.00,31.00,28.00,1.0,-1,-1,-1
201,19,706.00,247.00,32.00,27.00,1.0,-1,-1,-1
202,24,743.00,278.00,48.00,40.00,1.0,-1,-1,-1
202,23,716.00,394.00,92.00,81.00,1.0,-1,-1,-1
202,22,845.00,394.00,106.00,79.00,1.0,-1,-1,-1
202,21,647.00,230.00,30.00,28.00,1.0,-1,-1,-1
202,19,706.00,245.00,31.00,27.00,1.0,-1,-1,-1
203,26,664.00,274.00,42.00,37.00,1.0,-1,-1,-1
203,24,742.00,276.00,47.00,40.00,1.0,-1,-1,-1
203,23,715.00,388.00,88.00,78.00,1.0,-1,-1,-1
203,22,841.00,388.00,102.00,77.00,1.0,-1,-1,-1
203,21,647.00,229.00,30.00,28.00,1.0,-1,-1,-1
203,19,705.00,245.00,31.00,26.00,1.0,-1,-1,-1
204,26,664.00,273.00,41.00,37.00,1.0,-1,-1,-1
204,24,742.00,275.00,45.00,39.00,1.0,-1,-1,-1
204,23,713.00,383.00,86.00,75.00,1.0,-1,-1,-1
204,22,836.00,384.00,98.00,74.00,1.0,-1,-1,-1
204,21,647.00,229.00,30.00,27.00,1.0,-1,-1,-1
204,19,705.00,245.00,30.00,26.00,1.0,-1,-1,-1
205,26,663.00,273.00,41.00,36.00,1.0,-1,-1,-1
205,24,741.00,275.00,45.00,38.00,1.0,-1,-1,-1
205,23,712.00,379.00,83.00,72.00,1.0,-1,-1,-1
205,22,833.00,381.00,95.00,71.00,1.0,-1,-1,-1
205,21,647.00,229.00,30.00,27.00,1.0,-1,-1,-1
205,19,704.00,244.00,30.00,26.00,1.0,-1,-1,-1
206,26,662.00,272.00,40.00,33.00,1.0,-1,-1,-1
206,24,739.00,273.00,44.00,38.00,1.0,-1,-1,-1
206,23,709.00,372.00,80.00,69.00,1.0,-1,-1,-1
206,22,828.00,375.00,91.00,69.00,1.0,-1,-1,-1
206,21,647.00,228.00,30.00,27.00,1.0,-1,-1,-1
206,19,703.00,244.00,31.00,26.00,1.0,-1,-1,-1
207,26,662.00,270.00,38.00,33.00,1.0,-1,-1,-1
207,24,737.00,272.00,44.00,37.00,1.0,-1,-1,-1
207,23,708.00,367.00,77.00,67.00,1.0,-1,-1,-1
207,22,824.00,371.00,89.00,67.00,1.0,-1,-1,-1
207,21,647.00,227.00,31.00,27.00,1.0,-1,-1,-1
207,19,702.00,243.00,30.00,26.00,1.0,-1,-1,-1
208,26,661.00,269.00,37.00,33.00,1.0,-1,-1,-1
208,24,736.00,271.00,43.00,36.00,1.0,-1,-1,-1
208,23,707.00,363.00,73.00,65.00,1.0,-1,-1,-1
208,22,820.00,366.00,85.00,66.00,1.0,-1,-1,-1
208,21,646.00,227.00,31.00,27.00,1.0,-1,-1,-1
208,19,702.00,242.00,29.00,26.00,1.0,-1,-1,-1
209,26,660.00,267.00,38.00,33.00,1.0,-1,-1,-1
209,24,735.00,269.00,43.00,36.00,1.0,-1,-1,-1
209,23,705.00,360.00,71.00,62.00,1.0,-1,-1,-1
209,22,818.00,363.00,82.00,64.00,1.0,-1,-1,-1
209,21,646.00,226.00,31.00,27.00,1.0,-1,-1,-1
209,19,701.00,241.00,29.00,26.00,1.0,-1,-1,-1
210,26,659.00,265.00,38.00,33.00,1.0,-1,-1,-1
210,24,734.00,266.00,42.00,36.00,1.0,-1,-1,-1
210,23,703.00,355.00,68.00,59.00,1.0,-1,-1,-1
210,22,813.00,358.00,79.00,62.00,1.0,-1,-1,-1
210,21,646.00,225.00,31.00,28.00,1.0,-1,-1,-1
210,19,701.00,241.00,28.00,25.00,1.0,-1,-1,-1
211,26,659.00,264.00,37.00,32.00,1.0,-1,-1,-1
211,24,733.00,266.00,42.00,35.00,1.0,-1,-1,-1
211,23,702.00,352.00,66.00,57.00,1.0,-1,-1,-1
211,22,809.00,354.00,76.00,60.00,1.0,-1,-1,-1
211,21,646.00,225.00,31.00,27.00,1.0,-1,-1,-1
211,19,700.00,240.00,28.00,25.00,1.0,-1,-1,-1
212,26,658.00,263.00,38.00,32.00,1.0,-1,-1,-1
212,24,732.00,264.00,41.00,36.00,1.0,-1,-1,-1
212,23,701.00,348.00,64.00,55.00,1.0,-1,-1,-1
212,22,806.00,351.00,75.00,59.00,1.0,-1,-1,-1
212,21,645.00,224.00,31.00,28.00,1.0,-1,-1,-1
212,19,700.00,239.00,28.00,25.00,1.0,-1,-1,-1
213,27,798.00,572.00,188.00,134.00,1.0,-1,-1,-1
213,26,657.00,262.00,38.00,32.00,1.0,-1,-1,-1
213,24,732.00,264.00,39.00,35.00,1.0,-1,-1,-1
213,23,700.00,345.00,62.00,54.00,1.0,-1,-1,-1
213,22,804.00,349.00,72.00,56.00,1.0,-1,-1,-1
213,21,644.00,224.00,31.00,27.00,1.0,-1,-1,-1
213,19,699.00,238.00,28.00,25.00,1.0,-1,-1,-1
214,27,787.00,546.00,174.00,132.00,1.0,-1,-1,-1
214,26,657.00,260.00,37.00,31.00,1.0,-1,-1,-1
214,24,729.00,262.00,39.00,34.00,1.0,-1,-1,-1
214,23,698.00,339.00,59.00,52.00,1.0,-1,-1,-1
214,22,800.00,344.00,70.00,55.00,1.0,-1,-1,-1
214,21,644.00,223.00,30.00,27.00,1.0,-1,-1,-1
214,19,698.00,238.00,28.00,24.00,1.0,-1,-1,-1
215,27,776.00,517.00,164.00,128.00,1.0,-1,-1,-1
215,26,655.00,258.00,37.00,31.00,1.0,-1,-1,-1
215,24,729.00,261.00,38.00,34.00,1.0,-1,-1,-1
215,23,696.00,334.00,57.00,50.00,1.0,-1,-1,-1
215,22,794.00,339.00,68.00,53.00,1.0,-1,-1,-1
215,21,643.00,223.00,30.00,26.00,1.0,-1,-1,-1
215,19,697.00,238.00,28.00,24.00,1.0,-1,-1,-1
216,27,770.00,501.00,153.00,122.00,1.0,-1,-1,-1
216,26,654.00,257.00,37.00,30.00,1.0,-1,-1,-1
216,24,728.00,260.00,38.00,34.00,1.0,-1,-1,-1
216,23,695.00,331.00,55.00,48.00,1.0,-1,-1,-1
216,22,792.00,336.00,65.00,52.00,1.0,-1,-1,-1
216,21,643.00,222.00,30.00,26.00,1.0,-1,-1,-1
216,19,697.00,237.00,28.00,24.00,1.0,-1,-1,-1
217,27,764.00,482.00,140.00,114.00,1.0,-1,-1,-1
217,26,653.00,255.00,36.00,30.00,1.0,-1,-1,-1
217,24,726.00,258.00,37.00,33.00,1.0,-1,-1,-1
217,23,694.00,327.00,53.00,46.00,1.0,-1,-1,-1
217,22,788.00,331.00,63.00,51.00,1.0,-1,-1,-1
217,21,642.00,221.00,30.00,26.00,1.0,-1,-1,-1
217,19,696.00,236.00,28.00,24.00,1.0,-1,-1,-1
218,27,760.00,470.00,131.00,107.00,1.0,-1,-1,-1
218,26,653.00,253.00,36.00,30.00,1.0,-1,-1,-1
218,24,725.00,256.00,36.00,33.00,1.0,-1,-1,-1
218,23,692.00,324.00,52.00,44.00,1.0,-1,-1,-1
218,22,785.00,329.00,61.00,49.00,1.0,-1,-1,-1
218,21,642.00,221.00,29.00,26.00,1.0,-1,-1,-1
218,19,696.00,236.00,28.00,23.00,1.0,-1,-1,-1
219,27,757.00,461.00,124.00,102.00,1.0,-1,-1,-1
219,26,652.00,251.00,36.00,31.00,1.0,-1,-1,-1
219,24,724.00,256.00,36.00,33.00,1.0,-1,-1,-1
219,23,691.00,322.00,51.00,43.00,1.0,-1,-1,-1
219,22,784.00,327.00,58.00,47.00,1.0,-1,-1,-1
219,21,642.00,220.00,29.00,26.00,1.0,-1,-1,-1
219,19,695.00,235.00,28.00,23.00,1.0,-1,-1,-1
220,27,754.00,452.00,117.00,98.00,1.0,-1,-1,-1
220,26,652.00,249.00,36.00,31.00,1.0,-1,-1,-1
220,24,723.00,256.00,36.00,32.00,1.0,-1,-1,-1
220,23,691.00,320.00,50.00,42.00,1.0,-1,-1,-1
220,22,782.00,325.00,56.00,46.00,1.0,-1,-1,-1
220,21,642.00,219.00,29.00,26.00,1.0,-1,-1,-1
220,19,695.00,235.00,28.00,22.00,1.0,-1,-1,-1
221,27,749.00,439.00,109.00,93.00,1.0,-1,-1,-1
221,26,652.00,248.00,35.00,31.00,1.0,-1,-1,-1
221,24,722.00,254.00,35.00,32.00,1.0,-1,-1,-1
221,23,690.00,316.00,48.00,41.00,1.0,-1,-1,-1
221,22,779.00,322.00,54.00,44.00,1.0,-1,-1,-1
221,19,694.00,234.00,28.00,22.00,1.0,-1,-1,-1
222,27,746.00,431.00,104.00,88.00,1.0,-1,-1,-1
222,26,651.00,247.00,35.00,31.00,1.0,-1,-1,-1
222,24,721.00,253.00,35.00,31.00,1.0,-1,-1,-1
222,23,688.00,313.00,47.00,40.00,1.0,-1,-1,-1
222,22,776.00,320.00,53.00,43.00,1.0,-1,-1,-1
222,19,693.00,234.00,28.00,22.00,1.0,-1,-1,-1
223,27,743.00,423.00,99.00,85.00,1.0,-1,-1,-1
223,26,650.00,247.00,35.00,31.00,1.0,-1,-1,-1
223,24,720.00,253.00,35.00,30.00,1.0,-1,-1,-1
223,23,687.00,311.00,45.00,39.00,1.0,-1,-1,-1
223,22,774.00,318.00,52.00,42.00,1.0,-1,-1,-1
223,19,692.00,232.00,27.00,23.00,1.0,-1,-1,-1
224,27,741.00,417.00,94.00,81.00,1.0,-1,-1,-1
224,26,650.00,246.00,35.00,31.00,1.0,-1,-1,-1
224,24,719.00,252.00,34.00,30.00,1.0,-1,-1,-1
224,23,686.00,309.00,44.00,38.00,1.0,-1,-1,-1
224,22,772.00,316.00,50.00,41.00,1.0,-1,-1,-1
224,19,691.00,231.00,28.00,24.00,1.0,-1,-1,-1
225,27,736.00,408.00,91.00,77.00,1.0,-1,-1,-1
225,26,650.00,245.00,33.00,30.00,1.0,-1,-1,-1
225,24,718.00,251.00,33.00,29.00,1.0,-1,-1,-1
225,23,685.00,307.00,42.00,37.00,1.0,-1,-1,-1
225,22,769.00,313.00,49.00,39.00,1.0,-1,-1,-1
225,19,690.00,230.00,27.00,24.00,1.0,-1,-1,-1
226,27,733.00,401.00,87.00,73.00,1.0,-1,-1,-1
226,26,650.00,245.00,33.00,29.00,1.0,-1,-1,-1
226,24,717.00,251.00,33.00,29.00,1.0,-1,-1,-1
226,23,684.00,305.00,41.00,36.00,1.0,-1,-1,-1
226,22,768.00,311.00,47.00,38.00,1.0,-1,-1,-1
226,19,689.00,230.00,28.00,24.00,1.0,-1,-1,-1
227,27,732.00,396.00,82.00,69.00,1.0,-1,-1,-1
227,26,650.00,244.00,33.00,29.00,1.0,-1,-1,-1
227,24,716.00,251.00,33.00,28.00,1.0,-1,-1,-1
227,23,684.00,302.00,40.00,35.00,1.0,-1,-1,-1
227,22,766.00,309.00,45.00,37.00,1.0,-1,-1,-1
227,19,689.00,229.00,28.00,24.00,1.0,-1,-1,-1
228,27,731.00,392.00,79.00,66.00,1.0,-1,-1,-1
228,26,650.00,244.00,32.00,28.00,1.0,-1,-1,-1
228,24,715.00,249.00,32.00,29.00,1.0,-1,-1,-1
228,23,683.00,300.00,40.00,35.00,1.0,-1,-1,-1
228,22,764.00,307.00,44.00,37.00,1.0,-1,-1,-1
228,19,688.00,228.00,27.00,24.00,1.0,-1,-1,-1
229,27,727.00,384.00,76.00,64.00,1.0,-1,-1,-1
229,26,649.00,243.00,32.00,28.00,1.0,-1,-1,-1
229,24,713.00,248.00,33.00,28.00,1.0,-1,-1,-1
229,23,683.00,298.00,37.00,33.00,1.0,-1,-1,-1
229,22,762.00,305.00,43.00,35.00,1.0,-1,-1,-1
229,19,687.00,228.00,27.00,24.00,1.0,-1,-1,-1
230,27,725.00,379.00,74.00,61.00,1.0,-1,-1,-1
230,26,648.00,243.00,32.00,28.00,1.0,-1,-1,-1
230,24,713.00,247.00,32.00,28.00,1.0,-1,-1,-1
230,23,682.00,296.00,37.00,33.00,1.0,-1,-1,-1
230,22,760.00,303.00,42.00,34.00,1.0,-1,-1,-1
230,19,687.00,227.00,27.00,24.00,1.0,-1,-1,-1
231,27,724.00,374.00,70.00,59.00,1.0,-1,-1,-1
231,26,648.00,242.00,31.00,28.00,1.0,-1,-1,-1
231,24,712.00,247.00,32.00,28.00,1.0,-1,-1,-1
231,23,681.00,294.00,37.00,32.00,1.0,-1,-1,-1
231,22,759.00,301.00,41.00,34.00,1.0,-1,-1,-1
231,19,687.00,227.00,26.00,23.00,1.0,-1,-1,-1
232,27,722.00,370.00,68.00,57.00,1.0,-1,-1,-1
232,26,648.00,242.00,31.00,27.00,1.0,-1,-1,-1
232,24,712.00,246.00,31.00,28.00,1.0,-1,-1,-1
232,23,681.00,292.00,36.00,32.00,1.0,-1,-1,-1
232,22,757.00,299.00,41.00,34.00,1.0,-1,-1,-1
233,27,719.00,364.00,65.00,54.00,1.0,-1,-1,-1
233,26,647.00,241.00,31.00,27.00,1.0,-1,-1,-1
233,24,711.00,246.00,31.00,27.00,1.0,-1,-1,-1
233,23,680.00,290.00,35.00,31.00,1.0,-1,-1,-1
233,22,755.00,296.00,39.00,34.00,1.0,-1,-1,-1
234,27,716.00,360.00,62.00,51.00,1.0,-1,-1,-1
234,26,647.00,240.00,30.00,26.00,1.0,-1,-1,-1
234,24,710.00,244.00,31.00,28.00,1.0,-1,-1,-1
234,23,679.00,288.00,35.00,30.00,1.0,-1,-1,-1
234,22,753.00,295.00,38.00,32.00,1.0,-1,-1,-1
235,27,715.00,357.00,60.00,48.00,1.0,-1,-1,-1
235,26,647.00,239.00,30.00,25.00,1.0,-1,-1,-1
235,24,709.00,243.00,31.00,28.00,1.0,-1,-1,-1
235,23,678.00,286.00,35.00,30.00,1.0,-1,-1,-1
235,22,752.00,293.00,37.00,32.00,1.0,-1,-1,-1
236,27,714.00,354.00,57.00,46.00,1.0,-1,-1,-1
236,26,647.00,238.00,30.00,26.00,1.0,-1,-1,-1
236,24,708.00,242.00,31.00,28.00,1.0,-1,-1,-1
236,23,677.00,285.00,34.00,29.00,1.0,-1,-1,-1
236,22,750.00,292.00,37.00,31.00,1.0,-1,-1,-1
237,28,1031.00,491.00,248.00,226.00,1.0,-1,-1,-1
237,27,712.00,348.00,55.00,45.00,1.0,-1,-1,-1
237,26,646.00,238.00,30.00,25.00,1.0,-1,-1,-1
237,24,708.00,242.00,30.00,27.00,1.0,-1,-1,-1
237,23,676.00,284.00,33.00,28.00,1.0,-1,-1,-1
237,22,748.00,290.00,36.00,30.00,1.0,-1,-1,-1
238,28,1008.00,473.00,269.00,244.00,1.0,-1,-1,-1
238,27,711.00,345.00,52.00,43.00,1.0,-1,-1,-1
238,26,646.00,237.00,30.00,25.00,1.0,-1,-1,-1
238,24,707.00,241.00,30.00,27.00,1.0,-1,-1,-1
238,22,747.00,289.00,35.00,29.00,1.0,-1,-1,-1
239,28,993.00,459.00,284.00,257.00,1.0,-1,-1,-1
239,27,710.00,342.00,50.00,41.00,1.0,-1,-1,-1
239,26,646.00,236.00,30.00,25.00,1.0,-1,-1,-1
239,24,706.00,241.00,30.00,26.00,1.0,-1,-1,-1
239,22,746.00,287.00,35.00,29.00,1.0,-1,-1,-1
240,29,746.00,577.00,199.00,135.00,1.0,-1,-1,-1
240,28,980.00,448.00,298.00,268.00,1.0,-1,-1,-1
240,27,708.00,340.00,49.00,40.00,1.0,-1,-1,-1
240,26,645.00,236.00,30.00,25.00,1.0,-1,-1,-1
240,24,706.00,239.00,30.00,26.00,1.0,-1,-1,-1
240,22,744.00,286.00,35.00,28.00,1.0,-1,-1,-1
241,30,668.00,274.00,42.00,36.00,1.0,-1,-1,-1
241,29,733.00,556.00,202.00,151.00,1.0,-1,-1,-1
241,28,961.00,432.00,315.00,284.00,1.0,-1,-1,-1
241,27,706.00,334.00,47.00,39.00,1.0,-1,-1,-1
241,26,644.00,234.00,30.00,25.00,1.0,-1,-1,-1
241,24,704.00,238.00,31.00,26.00,1.0,-1,-1,-1
241,22,742.00,284.00,34.00,28.00,1.0,-1,-1,-1
242,30,668.00,273.00,41.00,35.00,1.0,-1,-1,-1
242,29,727.00,539.00,196.00,157.00,1.0,-1,-1,-1
242,28,948.00,420.00,329.00,298.00,1.0,-1,-1,-1
242,27,705.00,331.00,45.00,38.00,1.0,-1,-1,-1
242,26,644.00,234.00,30.00,24.00,1.0,-1,-1,-1
242,22,740.00,283.00,33.00,28.00,1.0,-1,-1,-1
260,31,580.00,166.00,40.00,45.00,1.0,-1,-1,-1
261,31,577.00,167.00,42.00,46.00,1.0,-1,-1,-1
275,31,565.00,187.00,45.00,51.00,1.0,-1,-1,-1
296,31,525.00,212.00,63.00,90.00,1.0,-1,-1,-1
297,31,523.00,216.00,64.00,92.00,1.0,-1,-1,-1
298,31,521.00,219.00,65.00,93.00,1.0,-1,-1,-1
299,31,519.00,220.00,66.00,95.00,1.0,-1,-1,-1
300,31,515.00,224.00,67.00,98.00,1.0,-1,-1,-1
301,31,511.00,226.00,69.00,100.00,1.0,-1,-1,-1
302,31,508.00,227.00,71.00,104.00,1.0,-1,-1,-1
303,31,504.00,224.00,73.00,109.00,1.0,-1,-1,-1
304,31,499.00,231.00,76.00,111.00,1.0,-1,-1,-1
305,31,494.00,237.00,79.00,113.00,1.0,-1,-1,-1
306,31,490.00,240.00,82.00,116.00,1.0,-1,-1,-1
307,31,487.00,243.00,83.00,119.00,1.0,-1,-1,-1
308,31,481.00,250.00,85.00,121.00,1.0,-1,-1,-1
309,31,476.00,254.00,87.00,124.00,1.0,-1,-1,-1
310,31,472.00,254.00,90.00,130.00,1.0,-1,-1,-1
311,31,466.00,261.00,93.00,134.00,1.0,-1,-1,-1
312,31,460.00,265.00,97.00,139.00,1.0,-1,-1,-1
313,31,455.00,270.00,100.00,144.00,1.0,-1,-1,-1
314,31,449.00,276.00,102.00,147.00,1.0,-1,-1,-1
315,31,439.00,285.00,108.00,153.00,1.0,-1,-1,-1
316,31,432.00,290.00,111.00,159.00,1.0,-1,-1,-1
317,31,423.00,294.00,117.00,167.00,1.0,-1,-1,-1
318,31,414.00,300.00,122.00,172.00,1.0,-1,-1,-1
321,32,375.00,315.00,150.00,223.00,1.0,-1,-1,-1
322,32,366.00,325.00,154.00,226.00,1.0,-1,-1,-1
323,32,348.00,341.00,163.00,238.00,1.0,-1,-1,-1
324,32,330.00,353.00,173.00,250.00,1.0,-1,-1,-1
325,32,314.00,361.00,183.00,264.00,1.0,-1,-1,-1
326,32,296.00,371.00,195.00,280.00,1.0,-1,-1,-1
327,32,262.00,392.00,214.00,301.00,1.0,-1,-1,-1
328,32,219.00,400.00,242.00,316.00,1.0,-1,-1,-1
342,34,474.00,250.00,53.00,48.00,1.0,-1,-1,-1
343,34,469.00,253.00,55.00,51.00,1.0,-1,-1,-1
344,34,466.00,257.00,55.00,52.00,1.0,-1,-1,-1
345,34,462.00,259.00,57.00,55.00,1.0,-1,-1,-1
346,34,455.00,263.00,59.00,56.00,1.0,-1,-1,-1
347,34,451.00,268.00,60.00,59.00,1.0,-1,-1,-1
348,34,447.00,269.00,62.00,62.00,1.0,-1,-1,-1
349,34,442.00,272.00,64.00,63.00,1.0,-1,-1,-1
350,34,436.00,277.00,67.00,66.00,1.0,-1,-1,-1
351,34,428.00,281.00,70.00,65.00,1.0,-1,-1,-1
352,34,423.00,284.00,72.00,66.00,1.0,-1,-1,-1
353,34,418.00,289.00,73.00,67.00,1.0,-1,-1,-1
354,34,409.00,294.00,77.00,69.00,1.0,-1,-1,-1
355,34,402.00,298.00,79.00,71.00,1.0,-1,-1,-1
356,34,396.00,303.00,80.00,72.00,1.0,-1,-1,-1
357,34,389.00,309.00,83.00,74.00,1.0,-1,-1,-1
358,34,379.00,317.00,86.00,76.00,1.0,-1,-1,-1
359,34,371.00,325.00,89.00,77.00,1.0,-1,-1,-1
360,34,363.00,330.00,92.00,79.00,1.0,-1,-1,-1
361,34,354.00,335.00,96.00,82.00,1.0,-1,-1,-1
362,34,341.00,345.00,100.00,86.00,1.0,-1,-1,-1
363,34,329.00,354.00,104.00,89.00,1.0,-1,-1,-1
364,37,574.00,200.00,51.00,44.00,1.0,-1,-1,-1
364,36,414.00,264.00,64.00,56.00,1.0,-1,-1,-1
364,34,320.00,360.00,108.00,92.00,1.0,-1,-1,-1
365,37,573.00,201.00,51.00,44.00,1.0,-1,-1,-1
365,36,411.00,267.00,65.00,55.00,1.0,-1,-1,-1
365,34,310.00,368.00,111.00,94.00,1.0,-1,-1,-1
366,36,404.00,272.00,66.00,56.00,1.0,-1,-1,-1
366,34,293.00,380.00,116.00,98.00,1.0,-1,-1,-1
367,36,397.00,276.00,69.00,59.00,1.0,-1,-1,-1
367,34,278.00,390.00,122.00,104.00,1.0,-1,-1,-1
368,36,391.00,279.00,72.00,61.00,1.0,-1,-1,-1
368,34,264.00,399.00,128.00,108.00,1.0,-1,-1,-1
369,36,387.00,284.00,73.00,61.00,1.0,-1,-1,-1
369,34,250.00,408.00,134.00,113.00,1.0,-1,-1,-1
370,36,378.00,290.00,76.00,65.00,1.0,-1,-1,-1
370,34,224.00,426.00,144.00,120.00,1.0,-1,-1,-1
371,37,563.00,219.00,47.00,43.00,1.0,-1,-1,-1
371,36,371.00,294.00,79.00,67.00,1.0,-1,-1,-1
371,34,202.00,439.00,153.00,128.00,1.0,-1,-1,-1
372,36,366.00,298.00,80.00,68.00,1.0,-1,-1,-1
372,34,183.00,452.00,161.00,136.00,1.0,-1,-1,-1
373,36,358.00,302.00,83.00,71.00,1.0,-1,-1,-1
373,34,160.00,466.00,172.00,145.00,1.0,-1,-1,-1
374,36,348.00,308.00,87.00,74.00,1.0,-1,-1,-1
374,34,124.00,490.00,186.00,156.00,1.0,-1,-1,-1
375,36,338.00,314.00,91.00,77.00,1.0,-1,-1,-1
375,34,92.00,508.00,200.00,169.00,1.0,-1,-1,-1
376,36,331.00,319.00,92.00,79.00,1.0,-1,-1,-1
376,34,62.00,525.00,214.00,179.00,1.0,-1,-1,-1
377,36,318.00,328.00,97.00,83.00,1.0,-1,-1,-1
377,34,22.00,548.00,226.00,175.00,1.0,-1,-1,-1
378,37,549.00,238.00,52.00,50.00,1.0,-1,-1,-1
378,36,307.00,334.00,101.00,87.00,1.0,-1,-1,-1
378,34,3.00,567.00,231.00,164.00,1.0,-1,-1,-1
379,37,546.00,238.00,54.00,53.00,1.0,-1,-1,-1
379,36,298.00,340.00,104.00,91.00,1.0,-1,-1,-1
379,34,-9.00,586.00,228.00,151.00,1.0,-1,-1,-1
380,37,544.00,240.00,55.00,54.00,1.0,-1,-1,-1
380,36,289.00,346.00,108.00,93.00,1.0,-1,-1,-1
380,34,-19.00,607.00,223.00,135.00,1.0,-1,-1,-1
381,37,541.00,245.00,56.00,55.00,1.0,-1,-1,-1
381,36,273.00,357.00,113.00,98.00,1.0,-1,-1,-1
382,37,539.00,248.00,58.00,57.00,1.0,-1,-1,-1
382,36,260.00,365.00,117.00,103.00,1.0,-1,-1,-1
383,37,537.00,250.00,59.00,58.00,1.0,-1,-1,-1
383,36,246.00,373.00,123.00,109.00,1.0,-1,-1,-1
384,38,579.00,197.00,44.00,40.00,1.0,-1,-1,-1
384,37,533.00,252.00,61.00,59.00,1.0,-1,-1,-1
384,36,232.00,381.00,128.00,114.00,1.0,-1,-1,-1
385,38,577.00,200.00,45.00,41.00,1.0,-1,-1,-1
385,37,530.00,258.00,62.00,61.00,1.0,-1,-1,-1
385,36,210.00,396.00,135.00,121.00,1.0,-1,-1,-1
386,38,575.00,202.00,47.00,42.00,1.0,-1,-1,-1
386,37,527.00,262.00,64.00,62.00,1.0,-1,-1,-1
386,36,191.00,406.00,142.00,127.00,1.0,-1,-1,-1
387,38,574.00,203.00,48.00,43.00,1.0,-1,-1,-1
387,37,524.00,265.00,65.00,64.00,1.0,-1,-1,-1
387,36,174.00,416.00,149.00,134.00,1.0,-1,-1,-1
388,38,573.00,204.00,48.00,43.00,1.0,-1,-1,-1
388,37,522.00,268.00,66.00,65.00,1.0,-1,-1,-1
388,36,155.00,426.00,157.00,141.00,1.0,-1,-1,-1
389,38,571.00,207.00,49.00,43.00,1.0,-1,-1,-1
389,37,519.00,274.00,67.00,67.00,1.0,-1,-1,-1
389,36,125.00,446.00,167.00,151.00,1.0,-1,-1,-1
390,38,570.00,209.00,49.00,43.00,1.0,-1,-1,-1
390,37,517.00,278.00,68.00,68.00,1.0,-1,-1,-1
390,36,97.00,462.00,179.00,160.00,1.0,-1,-1,-1
391,38,569.00,211.00,49.00,43.00,1.0,-1,-1,-1
391,37,513.00,282.00,70.00,71.00,1.0,-1,-1,-1
391,36,72.00,478.00,190.00,169.00,1.0,-1,-1,-1
392,37,510.00,286.00,72.00,73.00,1.0,-1,-1,-1
392,36,50.00,493.00,198.00,180.00,1.0,-1,-1,-1
393,37,503.00,293.00,75.00,75.00,1.0,-1,-1,-1
393,36,16.00,518.00,207.00,187.00,1.0,-1,-1,-1
394,37,498.00,298.00,77.00,77.00,1.0,-1,-1,-1
394,36,-1.00,534.00,206.00,188.00,1.0,-1,-1,-1
395,37,492.00,303.00,81.00,79.00,1.0,-1,-1,-1
395,36,-11.00,550.00,202.00,181.00,1.0,-1,-1,-1
396,37,488.00,307.00,83.00,82.00,1.0,-1,-1,-1
396,36,-17.00,566.00,192.00,171.00,1.0,-1,-1,-1
397,37,482.00,316.00,85.00,85.00,1.0,-1,-1,-1
398,37,478.00,323.00,87.00,87.00,1.0,-1,-1,-1
399,37,474.00,329.00,89.00,90.00,1.0,-1,-1,-1
400,37,469.00,335.00,91.00,92.00,1.0,-1,-1,-1
401,37,461.00,346.00,94.00,97.00,1.0,-1,-1,-1
402,37,453.00,355.00,99.00,101.00,1.0,-1,-1,-1
403,38,552.00,240.00,54.00,54.00,1.0,-1,-1,-1
403,37,445.00,362.00,103.00,107.00,1.0,-1,-1,-1
404,38,549.00,242.00,56.00,55.00,1.0,-1,-1,-1
404,37,436.00,370.00,108.00,113.00,1.0,-1,-1,-1
405,38,546.00,246.00,58.00,57.00,1.0,-1,-1,-1
405,37,422.00,386.00,115.00,120.00,1.0,-1,-1,-1
406,38,544.00,248.00,60.00,59.00,1.0,-1,-1,-1
406,37,411.00,395.00,122.00,129.00,1.0,-1,-1,-1
407,38,541.00,250.00,61.00,61.00,1.0,-1,-1,-1
407,37,402.00,405.00,127.00,136.00,1.0,-1,-1,-1
408,38,539.00,254.00,62.00,62.00,1.0,-1,-1,-1
408,37,383.00,424.00,137.00,149.00,1.0,-1,-1,-1
409,38,535.00,257.00,64.00,64.00,1.0,-1,-1,-1
409,37,370.00,439.00,144.00,159.00,1.0,-1,-1,-1
410,38,533.00,260.00,65.00,66.00,1.0,-1,-1,-1
410,37,355.00,453.00,153.00,170.00,1.0,-1,-1,-1
411,38,531.00,262.00,67.00,67.00,1.0,-1,-1,-1
411,37,341.00,468.00,161.00,181.00,1.0,-1,-1,-1
412,38,527.00,268.00,67.00,67.00,1.0,-1,-1,-1
412,37,316.00,496.00,173.00,195.00,1.0,-1,-1,-1
413,38,524.00,272.00,69.00,68.00,1.0,-1,-1,-1
413,37,292.00,512.00,185.00,201.00,1.0,-1,-1,-1
414,38,522.00,277.00,70.00,69.00,1.0,-1,-1,-1
414,37,271.00,528.00,195.00,198.00,1.0,-1,-1,-1
415,38,521.00,280.00,70.00,71.00,1.0,-1,-1,-1
415,37,250.00,544.00,204.00,189.00,1.0,-1,-1,-1
416,38,516.00,287.00,72.00,73.00,1.0,-1,-1,-1
416,37,234.00,578.00,207.00,165.00,1.0,-1,-1,-1
417,38,513.00,290.00,75.00,76.00,1.0,-1,-1,-1
418,38,509.00,295.00,77.00,78.00,1.0,-1,-1,-1
419,38,505.00,299.00,79.00,80.00,1.0,-1,-1,-1
420,40,434.00,177.00,108.00,118.00,1.0,-1,-1,-1
420,38,497.00,306.00,82.00,84.00,1.0,-1,-1,-1
421,40,430.00,177.00,111.00,121.00,1.0,-1,-1,-1
421,38,492.00,311.00,85.00,87.00,1.0,-1,-1,-1
422,40,427.00,177.00,112.00,124.00,1.0,-1,-1,-1
422,38,488.00,317.00,88.00,90.00,1.0,-1,-1,-1
423,40,425.00,179.00,113.00,125.00,1.0,-1,-1,-1
423,38,483.00,321.00,91.00,94.00,1.0,-1,-1,-1
424,40,419.00,182.00,115.00,128.00,1.0,-1,-1,-1
424,38,477.00,333.00,93.00,96.00,1.0,-1,-1,-1
425,40,414.00,182.00,118.00,130.00,1.0,-1,-1,-1
425,38,471.00,341.00,96.00,99.00,1.0,-1,-1,-1
426,40,411.00,182.00,120.00,132.00,1.0,-1,-1,-1
426,38,466.00,349.00,99.00,102.00,1.0,-1,-1,-1
427,40,408.00,182.00,123.00,134.00,1.0,-1,-1,-1
427,38,460.00,355.00,103.00,106.00,1.0,-1,-1,-1
428,40,404.00,186.00,125.00,136.00,1.0,-1,-1,-1
428,38,449.00,367.00,108.00,113.00,1.0,-1,-1,-1
429,40,400.00,188.00,128.00,139.00,1.0,-1,-1,-1
429,38,440.00,376.00,113.00,120.00,1.0,-1,-1,-1
430,40,396.00,189.00,131.00,142.00,1.0,-1,-1,-1
430,38,432.00,386.00,118.00,126.00,1.0,-1,-1,-1
431,40,393.00,190.00,132.00,144.00,1.0,-1,-1,-1
431,38,423.00,394.00,123.00,133.00,1.0,-1,-1,-1
432,40,385.00,191.00,137.00,149.00,1.0,-1,-1,-1
432,38,408.00,411.00,131.00,142.00,1.0,-1,-1,-1
433,40,381.00,191.00,140.00,152.00,1.0,-1,-1,-1
433,38,397.00,424.00,137.00,150.00,1.0,-1,-1,-1
434,40,376.00,193.00,144.00,155.00,1.0,-1,-1,-1
434,38,385.00,436.00,145.00,159.00,1.0,-1,-1,-1
435,40,371.00,196.00,146.00,156.00,1.0,-1,-1,-1
435,38,372.00,448.00,154.00,169.00,1.0,-1,-1,-1
436,40,363.00,198.00,151.00,160.00,1.0,-1,-1,-1
436,38,351.00,473.00,165.00,184.00,1.0,-1,-1,-1
437,40,358.00,200.00,153.00,161.00,1.0,-1,-1,-1
437,38,334.00,488.00,176.00,195.00,1.0,-1,-1,-1
438,40,353.00,201.00,157.00,163.00,1.0,-1,-1,-1
438,38,316.00,504.00,186.00,203.00,1.0,-1,-1,-1
439,40,347.00,204.00,161.00,166.00,1.0,-1,-1,-1
439,38,299.00,516.00,196.00,204.00,1.0,-1,-1,-1
440,40,339.00,207.00,166.00,169.00,1.0,-1,-1,-1
440,38,279.00,540.00,205.00,192.00,1.0,-1,-1,-1
441,40,333.00,209.00,170.00,173.00,1.0,-1,-1,-1
441,38,265.00,561.00,210.00,177.00,1.0,-1,-1,-1
442,40,328.00,210.00,173.00,176.00,1.0,-1,-1,-1
443,40,318.00,213.00,178.00,181.00,1.0,-1,-1,-1
444,40,310.00,215.00,183.00,185.00,1.0,-1,-1,-1
445,40,302.00,218.00,188.00,189.00,1.0,-1,-1,-1
446,40,294.00,221.00,194.00,193.00,1.0,-1,-1,-1
447,40,282.00,227.00,202.00,197.00,1.0,-1,-1,-1
448,40,270.00,230.00,210.00,203.00,1.0,-1,-1,-1
449,40,260.00,231.00,218.00,210.00,1.0,-1,-1,-1
450,40,251.00,230.00,224.00,217.00,1.0,-1,-1,-1
451,40,237.00,234.00,235.00,226.00,1.0,-1,-1,-1
452,40,225.00,233.00,244.00,238.00,1.0,-1,-1,-1
453,40,214.00,232.00,252.00,248.00,1.0,-1,-1,-1
454,40,201.00,228.00,261.00,259.00,1.0,-1,-1,-1
455,40,181.00,233.00,274.00,273.00,1.0,-1,-1,-1
456,40,169.00,236.00,283.00,285.00,1.0,-1,-1,-1
457,40,150.00,243.00,296.00,292.00,1.0,-1,-1,-1
458,40,132.00,246.00,309.00,302.00,1.0,-1,-1,-1
459,40,108.00,244.00,327.00,321.00,1.0,-1,-1,-1
460,40,88.00,251.00,343.00,333.00,1.0,-1,-1,-1
461,40,50.00,255.00,369.00,345.00,1.0,-1,-1,-1
462,40,30.00,259.00,386.00,358.00,1.0,-1,-1,-1
465,41,-5.00,291.00,413.00,415.00,1.0,-1,-1,-1
466,41,-8.00,287.00,415.00,428.00,1.0,-1,-1,-1
467,41,-9.00,286.00,411.00,435.00,1.0,-1,-1,-1
468,41,-10.00,286.00,408.00,438.00,1.0,-1,-1,-1
469,41,4.00,285.00,394.00,435.00,1.0,-1,-1,-1
470,41,-2.00,282.00,390.00,438.00,1.0,-1,-1,-1
471,41,-3.00,283.00,384.00,437.00,1.0,-1,-1,-1
472,41,-6.00,286.00,379.00,437.00,1.0,-1,-1,-1
473,41,-7.00,289.00,372.00,435.00,1.0,-1,-1,-1
474,41,-10.00,295.00,363.00,430.00,1.0,-1,-1,-1
475,41,-10.00,299.00,352.00,426.00,1.0,-1,-1,-1
476,41,-10.00,304.00,344.00,421.00,1.0,-1,-1,-1
477,41,-9.00,310.00,335.00,415.00,1.0,-1,-1,-1
478,41,-10.00,317.00,324.00,409.00,1.0,-1,-1,-1
479,41,-10.00,326.00,312.00,400.00,1.0,-1,-1,-1
480,41,-10.00,335.00,300.00,391.00,1.0,-1,-1,-1
481,45,855.00,533.00,404.00,181.00,1.0,-1,-1,-1
481,41,-10.00,344.00,289.00,382.00,1.0,-1,-1,-1
482,45,830.00,502.00,430.00,207.00,1.0,-1,-1,-1
482,44,509.00,306.00,64.00,71.00,1.0,-1,-1,-1
482,41,-13.00,357.00,272.00,371.00,1.0,-1,-1,-1
483,45,814.00,479.00,449.00,229.00,1.0,-1,-1,-1
483,41,-13.00,370.00,256.00,358.00,1.0,-1,-1,-1
