1,5,1858.00,728.00,1415.00,1432.00,1.0,-1,-1,-1
1,4,1420.00,1002.00,215.00,231.00,1.0,-1,-1,-1
1,3,943.00,893.00,301.00,410.00,1.0,-1,-1,-1
1,2,1873.00,726.00,1868.00,1434.00,1.0,-1,-1,-1
1,1,2934.00,1242.00,299.00,255.00,1.0,-1,-1,-1
2,5,1860.00,725.00,1423.00,1435.00,1.0,-1,-1,-1
2,4,1425.00,1005.00,212.00,234.00,1.0,-1,-1,-1
2,3,944.00,895.00,297.00,404.00,1.0,-1,-1,-1
2,2,1914.00,723.00,1885.00,1438.00,1.0,-1,-1,-1
2,1,2916.00,1233.00,288.00,245.00,1.0,-1,-1,-1
3,5,1870.00,717.00,1447.00,1447.00,1.0,-1,-1,-1
3,4,1421.00,1007.00,216.00,241.00,1.0,-1,-1,-1
3,3,934.00,898.00,301.00,413.00,1.0,-1,-1,-1
3,2,1919.00,724.00,1882.00,1435.00,1.0,-1,-1,-1
3,1,2900.00,1221.00,286.00,241.00,1.0,-1,-1,-1
4,4,1420.00,1016.00,217.00,243.00,1.0,-1,-1,-1
4,3,927.00,902.00,304.00,415.00,1.0,-1,-1,-1
4,2,1917.00,722.00,1883.00,1436.00,1.0,-1,-1,-1
4,1,2877.00,1212.00,284.00,237.00,1.0,-1,-1,-1
5,4,1419.00,1025.00,217.00,242.00,1.0,-1,-1,-1
5,3,926.00,905.00,306.00,419.00,1.0,-1,-1,-1
5,2,1919.00,719.00,1886.00,1439.00,1.0,-1,-1,-1
5,1,2862.00,1203.00,278.00,231.00,1.0,-1,-1,-1
6,4,1418.00,1031.00,219.00,244.00,1.0,-1,-1,-1
6,3,918.00,910.00,309.00,421.00,1.0,-1,-1,-1
6,2,1923.00,721.00,1886.00,1437.00,1.0,-1,-1,-1
6,1,2848.00,1195.00,270.00,225.00,1.0,-1,-1,-1
7,4,1415.00,1044.00,219.00,245.00,1.0,-1,-1,-1
7,3,906.00,915.00,314.00,424.00,1.0,-1,-1,-1
7,2,1921.00,721.00,1887.00,1437.00,1.0,-1,-1,-1
7,1,2830.00,1182.00,267.00,226.00,1.0,-1,-1,-1
8,4,1414.00,1049.00,219.00,247.00,1.0,-1,-1,-1
8,3,896.00,922.00,317.00,425.00,1.0,-1,-1,-1
8,2,1924.00,724.00,1884.00,1434.00,1.0,-1,-1,-1
8,1,2815.00,1172.00,265.00,225.00,1.0,-1,-1,-1
9,4,1414.00,1052.00,221.00,250.00,1.0,-1,-1,-1
9,3,890.00,926.00,320.00,429.00,1.0,-1,-1,-1
9,2,1927.00,726.00,1885.00,1432.00,1.0,-1,-1,-1
9,1,2799.00,1162.00,262.00,221.00,1.0,-1,-1,-1
10,4,1412.00,1055.00,223.00,254.00,1.0,-1,-1,-1
10,3,885.00,926.00,325.00,433.00,1.0,-1,-1,-1
10,2,1959.00,725.00,1869.00,1431.00,1.0,-1,-1,-1
10,1,2781.00,1156.00,258.00,216.00,1.0,-1,-1,-1
11,4,1408.00,1058.00,228.00,263.00,1.0,-1,-1,-1
11,3,882.00,931.00,326.00,437.00,1.0,-1,-1,-1
11,2,1972.00,723.00,1859.00,1432.00,1.0,-1,-1,-1
11,1,2772.00,1146.00,250.00,213.00,1.0,-1,-1,-1
12,3,876.00,934.00,329.00,442.00,1.0,-1,-1,-1
12,2,1976.00,723.00,1852.00,1433.00,1.0,-1,-1,-1
12,1,2755.00,1137.00,249.00,212.00,1.0,-1,-1,-1
13,3,870.00,939.00,330.00,447.00,1.0,-1,-1,-1
13,2,1982.00,723.00,1841.00,1432.00,1.0,-1,-1,-1
13,1,2738.00,1126.00,247.00,211.00,1.0,-1,-1,-1
14,3,863.00,942.00,332.00,453.00,1.0,-1,-1,-1
14,2,1987.00,724.00,1833.00,1432.00,1.0,-1,-1,-1
14,1,2725.00,1117.00,244.00,208.00,1.0,-1,-1,-1
15,3,856.00,944.00,334.00,458.00,1.0,-1,-1,-1
15,2,1990.00,720.00,1830.00,1434.00,1.0,-1,-1,-1
15,1,2709.00,1103.00,242.00,209.00,1.0,-1,-1,-1
16,3,850.00,947.00,339.00,463.00,1.0,-1,-1,-1
16,2,1959.00,718.00,1845.00,1438.00,1.0,-1,-1,-1
16,1,2698.00,1090.00,239.00,210.00,1.0,-1,-1,-1
17,4,1392.00,1114.00,245.00,283.00,1.0,-1,-1,-1
17,3,844.00,949.00,342.00,468.00,1.0,-1,-1,-1
17,2,1971.00,713.00,1847.00,1442.00,1.0,-1,-1,-1
17,1,2682.00,1081.00,237.00,210.00,1.0,-1,-1,-1
18,4,1388.00,1149.00,247.00,270.00,1.0,-1,-1,-1
18,3,839.00,951.00,345.00,472.00,1.0,-1,-1,-1
18,2,1975.00,709.00,1848.00,1446.00,1.0,-1,-1,-1
18,1,2674.00,1077.00,232.00,207.00,1.0,-1,-1,-1
19,3,831.00,956.00,348.00,474.00,1.0,-1,-1,-1
19,2,1974.00,707.00,1850.00,1449.00,1.0,-1,-1,-1
19,1,2662.00,1074.00,228.00,201.00,1.0,-1,-1,-1
20,3,826.00,960.00,351.00,478.00,1.0,-1,-1,-1
20,2,1949.00,707.00,1861.00,1450.00,1.0,-1,-1,-1
20,1,2654.00,1068.00,221.00,198.00,1.0,-1,-1,-1
21,3,821.00,967.00,354.00,484.00,1.0,-1,-1,-1
21,2,1940.00,707.00,1867.00,1451.00,1.0,-1,-1,-1
21,1,2641.00,1060.00,220.00,196.00,1.0,-1,-1,-1
22,3,813.00,973.00,355.00,489.00,1.0,-1,-1,-1
22,2,1931.00,708.00,1876.00,1451.00,1.0,-1,-1,-1
22,1,2632.00,1056.00,215.00,192.00,1.0,-1,-1,-1
23,3,803.00,975.00,361.00,497.00,1.0,-1,-1,-1
23,2,1925.00,705.00,1882.00,1453.00,1.0,-1,-1,-1
23,1,2616.00,1049.00,215.00,188.00,1.0,-1,-1,-1
24,4,1364.00,1249.00,266.00,258.00,1.0,-1,-1,-1
24,3,797.00,979.00,365.00,503.00,1.0,-1,-1,-1
24,2,1919.00,701.00,1888.00,1456.00,1.0,-1,-1,-1
24,1,2607.00,1044.00,213.00,184.00,1.0,-1,-1,-1
25,4,1359.00,1265.00,269.00,256.00,1.0,-1,-1,-1
25,3,788.00,984.00,371.00,509.00,1.0,-1,-1,-1
25,2,1913.00,696.00,1893.00,1461.00,1.0,-1,-1,-1
25,1,2596.00,1039.00,210.00,182.00,1.0,-1,-1,-1
26,4,1357.00,1245.00,276.00,277.00,1.0,-1,-1,-1
26,3,778.00,990.00,374.00,514.00,1.0,-1,-1,-1
26,2,1909.00,696.00,1899.00,1462.00,1.0,-1,-1,-1
26,1,2584.00,1035.00,206.00,178.00,1.0,-1,-1,-1
27,4,1354.00,1246.00,282.00,291.00,1.0,-1,-1,-1
27,3,772.00,994.00,375.00,518.00,1.0,-1,-1,-1
27,2,1907.00,695.00,1902.00,1463.00,1.0,-1,-1,-1
27,1,2574.00,1031.00,203.00,176.00,1.0,-1,-1,-1
28,4,1347.00,1286.00,284.00,284.00,1.0,-1,-1,-1
28,3,763.00,999.00,379.00,525.00,1.0,-1,-1,-1
28,2,1906.00,693.00,1904.00,1465.00,1.0,-1,-1,-1
28,1,2566.00,1027.00,203.00,173.00,1.0,-1,-1,-1
29,4,1340.00,1309.00,286.00,283.00,1.0,-1,-1,-1
29,3,759.00,1003.00,383.00,531.00,1.0,-1,-1,-1
29,2,1904.00,691.00,1908.00,1467.00,1.0,-1,-1,-1
29,1,2559.00,1021.00,198.00,171.00,1.0,-1,-1,-1
30,4,1335.00,1337.00,287.00,276.00,1.0,-1,-1,-1
30,3,750.00,1009.00,387.00,539.00,1.0,-1,-1,-1
30,2,1903.00,690.00,1911.00,1469.00,1.0,-1,-1,-1
30,1,2547.00,1012.00,196.00,171.00,1.0,-1,-1,-1
31,4,1330.00,1362.00,289.00,271.00,1.0,-1,-1,-1
31,3,735.00,1014.00,390.00,543.00,1.0,-1,-1,-1
31,2,1903.00,689.00,1912.00,1470.00,1.0,-1,-1,-1
31,1,2538.00,1006.00,194.00,169.00,1.0,-1,-1,-1
32,3,720.00,1021.00,395.00,550.00,1.0,-1,-1,-1
32,2,1900.00,684.00,1915.00,1474.00,1.0,-1,-1,-1
32,1,2529.00,1000.00,192.00,169.00,1.0,-1,-1,-1
33,3,712.00,1029.00,397.00,554.00,1.0,-1,-1,-1
33,2,1902.00,681.00,1915.00,1477.00,1.0,-1,-1,-1
33,1,2521.00,996.00,189.00,167.00,1.0,-1,-1,-1
34,3,704.00,1034.00,402.00,560.00,1.0,-1,-1,-1
34,2,1902.00,681.00,1914.00,1478.00,1.0,-1,-1,-1
34,1,2514.00,988.00,184.00,165.00,1.0,-1,-1,-1
35,4,1305.00,1429.00,307.00,285.00,1.0,-1,-1,-1
35,3,698.00,1041.00,405.00,565.00,1.0,-1,-1,-1
35,2,1900.00,677.00,1913.00,1481.00,1.0,-1,-1,-1
35,1,2501.00,986.00,185.00,163.00,1.0,-1,-1,-1
36,5,1977.00,958.00,1832.00,1203.00,1.0,-1,-1,-1
36,4,1292.00,1452.00,314.00,288.00,1.0,-1,-1,-1
36,3,683.00,1044.00,413.00,573.00,1.0,-1,-1,-1
36,2,1901.00,674.00,1911.00,1484.00,1.0,-1,-1,-1
36,1,2493.00,982.00,183.00,161.00,1.0,-1,-1,-1
37,5,1970.00,961.00,1843.00,1202.00,1.0,-1,-1,-1
37,4,1285.00,1477.00,318.00,291.00,1.0,-1,-1,-1
37,3,670.00,1048.00,421.00,581.00,1.0,-1,-1,-1
37,2,1900.00,675.00,1909.00,1484.00,1.0,-1,-1,-1
37,1,2487.00,976.00,181.00,160.00,1.0,-1,-1,-1
38,5,1951.00,981.00,1861.00,1188.00,1.0,-1,-1,-1
38,4,1276.00,1497.00,327.00,296.00,1.0,-1,-1,-1
38,3,658.00,1055.00,428.00,590.00,1.0,-1,-1,-1
38,2,1900.00,673.00,1907.00,1486.00,1.0,-1,-1,-1
38,1,2478.00,972.00,178.00,156.00,1.0,-1,-1,-1
39,7,3585.00,1654.00,236.00,419.00,1.0,-1,-1,-1
39,5,1948.00,971.00,1852.00,1191.00,1.0,-1,-1,-1
39,4,1263.00,1522.00,332.00,299.00,1.0,-1,-1,-1
39,3,646.00,1062.00,435.00,599.00,1.0,-1,-1,-1
39,2,1896.00,675.00,1898.00,1485.00,1.0,-1,-1,-1
39,1,2472.00,969.00,176.00,153.00,1.0,-1,-1,-1
40,7,3548.00,1630.00,269.00,403.00,1.0,-1,-1,-1
40,5,1948.00,968.00,1845.00,1193.00,1.0,-1,-1,-1
40,4,1254.00,1545.00,341.00,307.00,1.0,-1,-1,-1
40,3,630.00,1069.00,445.00,610.00,1.0,-1,-1,-1
40,2,1895.00,676.00,1890.00,1484.00,1.0,-1,-1,-1
40,1,2462.00,964.00,174.00,151.00,1.0,-1,-1,-1
41,7,3514.00,1601.00,303.00,404.00,1.0,-1,-1,-1
41,5,1938.00,953.00,1828.00,1202.00,1.0,-1,-1,-1
41,4,1240.00,1566.00,347.00,311.00,1.0,-1,-1,-1
41,3,620.00,1078.00,451.00,615.00,1.0,-1,-1,-1
41,2,1887.00,674.00,1876.00,1485.00,1.0,-1,-1,-1
41,1,2452.00,960.00,174.00,150.00,1.0,-1,-1,-1
42,7,3474.00,1575.00,338.00,397.00,1.0,-1,-1,-1
42,5,1929.00,955.00,1833.00,1203.00,1.0,-1,-1,-1
42,4,1231.00,1587.00,355.00,318.00,1.0,-1,-1,-1
42,3,606.00,1084.00,462.00,622.00,1.0,-1,-1,-1
42,2,1882.00,676.00,1855.00,1484.00,1.0,-1,-1,-1
42,1,2444.00,957.00,173.00,148.00,1.0,-1,-1,-1
43,7,3437.00,1550.00,370.00,387.00,1.0,-1,-1,-1
43,5,1911.00,950.00,1817.00,1207.00,1.0,-1,-1,-1
43,4,1216.00,1612.00,365.00,329.00,1.0,-1,-1,-1
43,3,596.00,1092.00,469.00,632.00,1.0,-1,-1,-1
43,2,1873.00,680.00,1825.00,1481.00,1.0,-1,-1,-1
43,1,2437.00,954.00,170.00,146.00,1.0,-1,-1,-1
44,7,3396.00,1533.00,392.00,379.00,1.0,-1,-1,-1
44,5,1902.00,951.00,1800.00,1207.00,1.0,-1,-1,-1
44,4,1202.00,1637.00,374.00,339.00,1.0,-1,-1,-1
44,3,573.00,1097.00,484.00,646.00,1.0,-1,-1,-1
44,2,1871.00,683.00,1796.00,1478.00,1.0,-1,-1,-1
44,1,2427.00,950.00,170.00,144.00,1.0,-1,-1,-1
45,7,3354.00,1512.00,400.00,367.00,1.0,-1,-1,-1
45,5,1909.00,962.00,1785.00,1201.00,1.0,-1,-1,-1
45,4,1190.00,1665.00,379.00,347.00,1.0,-1,-1,-1
45,3,551.00,1104.00,498.00,656.00,1.0,-1,-1,-1
45,2,1881.00,702.00,1775.00,1465.00,1.0,-1,-1,-1
45,1,2418.00,946.00,170.00,142.00,1.0,-1,-1,-1
46,9,1333.00,1465.00,296.00,289.00,1.0,-1,-1,-1
46,7,3314.00,1491.00,401.00,355.00,1.0,-1,-1,-1
46,4,1173.00,1686.00,387.00,360.00,1.0,-1,-1,-1
46,3,540.00,1110.00,503.00,667.00,1.0,-1,-1,-1
46,2,1885.00,729.00,1781.00,1446.00,1.0,-1,-1,-1
46,1,2414.00,941.00,165.00,141.00,1.0,-1,-1,-1
47,9,1325.00,1484.00,306.00,301.00,1.0,-1,-1,-1
47,7,3278.00,1469.00,402.00,347.00,1.0,-1,-1,-1
47,4,1159.00,1713.00,395.00,369.00,1.0,-1,-1,-1
47,3,528.00,1118.00,505.00,676.00,1.0,-1,-1,-1
47,2,1885.00,702.00,1768.00,1455.00,1.0,-1,-1,-1
47,1,2405.00,936.00,165.00,140.00,1.0,-1,-1,-1
48,9,1319.00,1503.00,311.00,305.00,1.0,-1,-1,-1
48,7,3245.00,1453.00,397.00,340.00,1.0,-1,-1,-1
48,4,1140.00,1742.00,405.00,379.00,1.0,-1,-1,-1
48,3,523.00,1126.00,507.00,684.00,1.0,-1,-1,-1
48,2,1877.00,713.00,1774.00,1449.00,1.0,-1,-1,-1
48,1,2397.00,931.00,164.00,141.00,1.0,-1,-1,-1
49,9,1313.00,1528.00,315.00,312.00,1.0,-1,-1,-1
49,7,3215.00,1437.00,389.00,331.00,1.0,-1,-1,-1
49,4,1117.00,1780.00,418.00,377.00,1.0,-1,-1,-1
49,3,512.00,1137.00,513.00,693.00,1.0,-1,-1,-1
49,2,1872.00,716.00,1780.00,1446.00,1.0,-1,-1,-1
49,1,2391.00,927.00,164.00,141.00,1.0,-1,-1,-1
50,9,1307.00,1556.00,320.00,317.00,1.0,-1,-1,-1
50,7,3184.00,1419.00,384.00,323.00,1.0,-1,-1,-1
50,4,1097.00,1818.00,428.00,360.00,1.0,-1,-1,-1
50,3,489.00,1143.00,524.00,706.00,1.0,-1,-1,-1
50,2,1879.00,724.00,1806.00,1440.00,1.0,-1,-1,-1
50,1,2383.00,922.00,163.00,141.00,1.0,-1,-1,-1
51,9,1301.00,1578.00,324.00,323.00,1.0,-1,-1,-1
51,7,3152.00,1403.00,378.00,314.00,1.0,-1,-1,-1
51,4,1081.00,1846.00,438.00,340.00,1.0,-1,-1,-1
51,3,466.00,1150.00,538.00,724.00,1.0,-1,-1,-1
51,2,1920.00,731.00,1809.00,1434.00,1.0,-1,-1,-1
51,1,2376.00,916.00,162.00,143.00,1.0,-1,-1,-1
52,9,1293.00,1605.00,329.00,332.00,1.0,-1,-1,-1
52,7,3126.00,1389.00,371.00,308.00,1.0,-1,-1,-1
52,5,1856.00,871.00,1754.00,1277.00,1.0,-1,-1,-1
52,3,450.00,1156.00,547.00,737.00,1.0,-1,-1,-1
52,2,1938.00,737.00,1816.00,1429.00,1.0,-1,-1,-1
52,1,2372.00,913.00,161.00,142.00,1.0,-1,-1,-1
53,9,1284.00,1636.00,338.00,343.00,1.0,-1,-1,-1
53,7,3101.00,1372.00,363.00,302.00,1.0,-1,-1,-1
53,5,1853.00,861.00,1766.00,1288.00,1.0,-1,-1,-1
53,3,439.00,1165.00,554.00,747.00,1.0,-1,-1,-1
53,1,2370.00,912.00,159.00,140.00,1.0,-1,-1,-1
54,9,1278.00,1669.00,346.00,360.00,1.0,-1,-1,-1
54,7,3078.00,1358.00,357.00,296.00,1.0,-1,-1,-1
54,5,1808.00,869.00,1716.00,1285.00,1.0,-1,-1,-1
54,3,423.00,1179.00,564.00,757.00,1.0,-1,-1,-1
54,1,2362.00,908.00,158.00,140.00,1.0,-1,-1,-1
55,9,1265.00,1695.00,359.00,383.00,1.0,-1,-1,-1
55,7,3053.00,1348.00,349.00,287.00,1.0,-1,-1,-1
55,3,402.00,1186.00,575.00,770.00,1.0,-1,-1,-1
55,1,2352.00,906.00,157.00,138.00,1.0,-1,-1,-1
56,9,1253.00,1720.00,370.00,394.00,1.0,-1,-1,-1
56,7,3030.00,1334.00,341.00,279.00,1.0,-1,-1,-1
56,3,379.00,1198.00,588.00,786.00,1.0,-1,-1,-1
56,2,1867.00,825.00,1884.00,1360.00,1.0,-1,-1,-1
56,1,2349.00,902.00,154.00,136.00,1.0,-1,-1,-1
57,9,1231.00,1752.00,388.00,401.00,1.0,-1,-1,-1
57,7,3011.00,1323.00,332.00,274.00,1.0,-1,-1,-1
57,3,356.00,1208.00,597.00,801.00,1.0,-1,-1,-1
57,2,1863.00,852.00,1903.00,1333.00,1.0,-1,-1,-1
57,1,2343.00,899.00,152.00,134.00,1.0,-1,-1,-1
58,9,1216.00,1777.00,402.00,397.00,1.0,-1,-1,-1
58,7,2987.00,1310.00,327.00,270.00,1.0,-1,-1,-1
58,3,342.00,1218.00,603.00,817.00,1.0,-1,-1,-1
58,2,1853.00,858.00,1907.00,1321.00,1.0,-1,-1,-1
58,1,2333.00,894.00,153.00,134.00,1.0,-1,-1,-1
59,9,1212.00,1809.00,408.00,379.00,1.0,-1,-1,-1
59,7,2968.00,1298.00,321.00,265.00,1.0,-1,-1,-1
59,3,328.00,1227.00,608.00,827.00,1.0,-1,-1,-1
59,2,1844.00,885.00,1908.00,1297.00,1.0,-1,-1,-1
59,1,2325.00,891.00,154.00,132.00,1.0,-1,-1,-1
60,9,1205.00,1839.00,417.00,356.00,1.0,-1,-1,-1
60,7,2951.00,1284.00,313.00,259.00,1.0,-1,-1,-1
60,3,304.00,1234.00,621.00,840.00,1.0,-1,-1,-1
60,2,1845.00,879.00,1915.00,1293.00,1.0,-1,-1,-1
60,1,2320.00,888.00,153.00,131.00,1.0,-1,-1,-1
61,7,2930.00,1273.00,307.00,254.00,1.0,-1,-1,-1
61,3,281.00,1241.00,634.00,855.00,1.0,-1,-1,-1
61,2,1838.00,874.00,1917.00,1292.00,1.0,-1,-1,-1
61,1,2313.00,885.00,153.00,130.00,1.0,-1,-1,-1
62,7,2910.00,1258.00,303.00,252.00,1.0,-1,-1,-1
62,3,268.00,1253.00,637.00,869.00,1.0,-1,-1,-1
62,2,1834.00,891.00,1913.00,1279.00,1.0,-1,-1,-1
62,1,2308.00,882.00,151.00,129.00,1.0,-1,-1,-1
63,7,2890.00,1247.00,299.00,249.00,1.0,-1,-1,-1
63,3,249.00,1264.00,647.00,877.00,1.0,-1,-1,-1
63,2,1835.00,900.00,1905.00,1270.00,1.0,-1,-1,-1
63,1,2303.00,878.00,149.00,129.00,1.0,-1,-1,-1
64,7,2876.00,1239.00,292.00,244.00,1.0,-1,-1,-1
64,3,230.00,1269.00,655.00,875.00,1.0,-1,-1,-1
64,2,1858.00,914.00,1904.00,1257.00,1.0,-1,-1,-1
64,1,2298.00,878.00,148.00,127.00,1.0,-1,-1,-1
65,7,2859.00,1230.00,287.00,238.00,1.0,-1,-1,-1
65,3,201.00,1280.00,666.00,876.00,1.0,-1,-1,-1
65,2,1880.00,912.00,1901.00,1254.00,1.0,-1,-1,-1
65,1,2294.00,873.00,144.00,126.00,1.0,-1,-1,-1
66,7,2843.00,1222.00,280.00,233.00,1.0,-1,-1,-1
66,3,181.00,1288.00,673.00,868.00,1.0,-1,-1,-1
66,2,1892.00,897.00,1901.00,1260.00,1.0,-1,-1,-1
66,1,2288.00,868.00,144.00,124.00,1.0,-1,-1,-1
67,7,2823.00,1212.00,277.00,228.00,1.0,-1,-1,-1
67,3,156.00,1297.00,684.00,860.00,1.0,-1,-1,-1
67,2,1892.00,873.00,1905.00,1275.00,1.0,-1,-1,-1
67,1,2283.00,866.00,143.00,123.00,1.0,-1,-1,-1
68,7,2810.00,1204.00,273.00,222.00,1.0,-1,-1,-1
68,3,128.00,1309.00,698.00,853.00,1.0,-1,-1,-1
68,2,1895.00,833.00,1909.00,1301.00,1.0,-1,-1,-1
69,7,2795.00,1195.00,269.00,219.00,1.0,-1,-1,-1
69,3,106.00,1320.00,704.00,847.00,1.0,-1,-1,-1
69,2,1892.00,791.00,1912.00,1334.00,1.0,-1,-1,-1
70,7,2779.00,1185.00,264.00,217.00,1.0,-1,-1,-1
70,3,83.00,1333.00,713.00,837.00,1.0,-1,-1,-1
70,2,1895.00,793.00,1912.00,1344.00,1.0,-1,-1,-1
71,7,2765.00,1176.00,260.00,214.00,1.0,-1,-1,-1
71,3,52.00,1345.00,727.00,822.00,1.0,-1,-1,-1
71,2,1905.00,833.00,1904.00,1327.00,1.0,-1,-1,-1
72,7,2754.00,1168.00,256.00,211.00,1.0,-1,-1,-1
72,3,27.00,1357.00,736.00,813.00,1.0,-1,-1,-1
72,2,1961.00,857.00,1871.00,1313.00,1.0,-1,-1,-1
73,7,2741.00,1160.00,250.00,206.00,1.0,-1,-1,-1
73,3,5.00,1375.00,744.00,801.00,1.0,-1,-1,-1
73,2,1990.00,874.00,1847.00,1298.00,1.0,-1,-1,-1
74,7,2723.00,1152.00,249.00,204.00,1.0,-1,-1,-1
74,3,-6.00,1392.00,746.00,788.00,1.0,-1,-1,-1
74,2,2010.00,883.00,1826.00,1287.00,1.0,-1,-1,-1
74,1,2249.00,847.00,137.00,119.00,1.0,-1,-1,-1
75,7,2710.00,1148.00,244.00,199.00,1.0,-1,-1,-1
75,3,-15.00,1410.00,739.00,773.00,1.0,-1,-1,-1
75,2,2019.00,889.00,1814.00,1279.00,1.0,-1,-1,-1
76,7,2697.00,1139.00,241.00,195.00,1.0,-1,-1,-1
76,3,-19.00,1429.00,731.00,754.00,1.0,-1,-1,-1
76,2,2023.00,881.00,1805.00,1280.00,1.0,-1,-1,-1
77,7,2687.00,1133.00,238.00,192.00,1.0,-1,-1,-1
77,3,-20.00,1444.00,718.00,739.00,1.0,-1,-1,-1
77,2,2025.00,881.00,1799.00,1279.00,1.0,-1,-1,-1
78,7,2672.00,1123.00,237.00,189.00,1.0,-1,-1,-1
78,3,-22.00,1460.00,704.00,721.00,1.0,-1,-1,-1
78,2,2029.00,884.00,1795.00,1277.00,1.0,-1,-1,-1
79,7,2663.00,1114.00,232.00,190.00,1.0,-1,-1,-1
79,3,-23.00,1481.00,691.00,704.00,1.0,-1,-1,-1
79,2,2033.00,882.00,1790.00,1277.00,1.0,-1,-1,-1
80,7,2654.00,1104.00,227.00,188.00,1.0,-1,-1,-1
80,3,-28.00,1497.00,673.00,688.00,1.0,-1,-1,-1
80,2,2034.00,886.00,1786.00,1274.00,1.0,-1,-1,-1
81,7,2646.00,1097.00,221.00,187.00,1.0,-1,-1,-1
81,3,-28.00,1518.00,656.00,669.00,1.0,-1,-1,-1
81,2,1961.00,876.00,1819.00,1280.00,1.0,-1,-1,-1
82,7,2634.00,1091.00,217.00,185.00,1.0,-1,-1,-1
82,3,-30.00,1538.00,637.00,649.00,1.0,-1,-1,-1
82,2,2006.00,912.00,1808.00,1259.00,1.0,-1,-1,-1
83,7,2625.00,1085.00,214.00,182.00,1.0,-1,-1,-1
83,2,2020.00,932.00,1804.00,1242.00,1.0,-1,-1,-1
84,7,2613.00,1078.00,212.00,180.00,1.0,-1,-1,-1
84,2,2025.00,922.00,1801.00,1242.00,1.0,-1,-1,-1
85,7,2604.00,1070.00,211.00,178.00,1.0,-1,-1,-1
85,2,2025.00,903.00,1801.00,1251.00,1.0,-1,-1,-1
86,7,2592.00,1067.00,208.00,176.00,1.0,-1,-1,-1
86,2,2016.00,897.00,1806.00,1256.00,1.0,-1,-1,-1
87,7,2584.00,1065.00,203.00,171.00,1.0,-1,-1,-1
87,2,2006.00,887.00,1814.00,1264.00,1.0,-1,-1,-1
88,7,2573.00,1058.00,200.00,168.00,1.0,-1,-1,-1
88,2,2000.00,890.00,1819.00,1265.00,1.0,-1,-1,-1
89,7,2565.00,1053.00,198.00,165.00,1.0,-1,-1,-1
89,2,1989.00,904.00,1828.00,1258.00,1.0,-1,-1,-1
90,7,2559.00,1046.00,194.00,164.00,1.0,-1,-1,-1
90,2,1925.00,845.00,1866.00,1292.00,1.0,-1,-1,-1
91,7,2545.00,1042.00,193.00,159.00,1.0,-1,-1,-1
91,2,1950.00,870.00,1864.00,1285.00,1.0,-1,-1,-1
92,7,2537.00,1039.00,191.00,156.00,1.0,-1,-1,-1
92,2,1958.00,893.00,1864.00,1272.00,1.0,-1,-1,-1
93,7,2528.00,1033.00,188.00,154.00,1.0,-1,-1,-1
93,2,1957.00,906.00,1866.00,1262.00,1.0,-1,-1,-1
94,7,2520.00,1026.00,184.00,151.00,1.0,-1,-1,-1
94,2,1952.00,916.00,1870.00,1253.00,1.0,-1,-1,-1
95,7,2513.00,1021.00,182.00,150.00,1.0,-1,-1,-1
95,2,1952.00,910.00,1871.00,1252.00,1.0,-1,-1,-1
96,7,2503.00,1019.00,181.00,148.00,1.0,-1,-1,-1
96,2,1929.00,860.00,1882.00,1280.00,1.0,-1,-1,-1
97,7,2493.00,1015.00,182.00,147.00,1.0,-1,-1,-1
97,2,1925.00,851.00,1886.00,1292.00,1.0,-1,-1,-1
98,7,2484.00,1009.00,183.00,146.00,1.0,-1,-1,-1
98,2,1920.00,840.00,1891.00,1304.00,1.0,-1,-1,-1
99,7,2475.00,1001.00,182.00,146.00,1.0,-1,-1,-1
99,2,1921.00,836.00,1892.00,1312.00,1.0,-1,-1,-1
100,7,2468.00,995.00,180.00,146.00,1.0,-1,-1,-1
100,2,1924.00,846.00,1891.00,1310.00,1.0,-1,-1,-1
101,7,2462.00,989.00,176.00,145.00,1.0,-1,-1,-1
101,2,1937.00,850.00,1884.00,1308.00,1.0,-1,-1,-1
102,2,1940.00,850.00,1880.00,1308.00,1.0,-1,-1,-1
103,2,1945.00,853.00,1876.00,1306.00,1.0,-1,-1,-1
104,2,1939.00,824.00,1878.00,1323.00,1.0,-1,-1,-1
105,2,1940.00,809.00,1877.00,1336.00,1.0,-1,-1,-1
106,10,2038.00,999.00,1792.00,1159.00,1.0,-1,-1,-1
106,7,2425.00,967.00,165.00,139.00,1.0,-1,-1,-1
106,2,1933.00,793.00,1882.00,1350.00,1.0,-1,-1,-1
107,7,2418.00,961.00,164.00,137.00,1.0,-1,-1,-1
107,2,1936.00,802.00,1881.00,1350.00,1.0,-1,-1,-1
108,2,1940.00,825.00,1878.00,1339.00,1.0,-1,-1,-1
109,2,1961.00,790.00,1868.00,1357.00,1.0,-1,-1,-1
110,2,1964.00,755.00,1866.00,1382.00,1.0,-1,-1,-1
112,10,1961.00,948.00,1859.00,1207.00,1.0,-1,-1,-1
112,7,2388.00,945.00,156.00,129.00,1.0,-1,-1,-1
113,10,1960.00,941.00,1866.00,1215.00,1.0,-1,-1,-1
114,10,1957.00,939.00,1871.00,1219.00,1.0,-1,-1,-1
115,10,1953.00,931.00,1877.00,1226.00,1.0,-1,-1,-1
116,10,1950.00,930.00,1881.00,1229.00,1.0,-1,-1,-1
117,10,1945.00,933.00,1885.00,1229.00,1.0,-1,-1,-1
118,10,1944.00,939.00,1887.00,1225.00,1.0,-1,-1,-1
119,10,1944.00,944.00,1889.00,1222.00,1.0,-1,-1,-1
120,10,1946.00,937.00,1888.00,1225.00,1.0,-1,-1,-1
121,10,1940.00,937.00,1892.00,1225.00,1.0,-1,-1,-1
122,10,1933.00,939.00,1897.00,1224.00,1.0,-1,-1,-1
123,10,1935.00,936.00,1898.00,1226.00,1.0,-1,-1,-1
124,10,1932.00,932.00,1901.00,1228.00,1.0,-1,-1,-1
125,10,1934.00,923.00,1900.00,1235.00,1.0,-1,-1,-1
126,10,1937.00,920.00,1899.00,1238.00,1.0,-1,-1,-1
127,10,1940.00,916.00,1897.00,1242.00,1.0,-1,-1,-1
128,10,1939.00,917.00,1897.00,1243.00,1.0,-1,-1,-1
129,10,1943.00,910.00,1895.00,1248.00,1.0,-1,-1,-1
130,10,1948.00,909.00,1891.00,1250.00,1.0,-1,-1,-1
131,10,1952.00,909.00,1887.00,1251.00,1.0,-1,-1,-1
132,10,1954.00,909.00,1885.00,1252.00,1.0,-1,-1,-1
133,10,1958.00,907.00,1881.00,1253.00,1.0,-1,-1,-1
134,10,1957.00,904.00,1880.00,1256.00,1.0,-1,-1,-1
135,10,1956.00,902.00,1880.00,1258.00,1.0,-1,-1,-1
136,10,1957.00,903.00,1880.00,1258.00,1.0,-1,-1,-1
137,10,1956.00,893.00,1880.00,1264.00,1.0,-1,-1,-1
138,10,1955.00,892.00,1881.00,1266.00,1.0,-1,-1,-1
139,10,1954.00,880.00,1882.00,1275.00,1.0,-1,-1,-1
140,10,1954.00,876.00,1882.00,1280.00,1.0,-1,-1,-1
141,10,1957.00,874.00,1880.00,1283.00,1.0,-1,-1,-1
142,10,1952.00,872.00,1883.00,1286.00,1.0,-1,-1,-1
143,10,1959.00,874.00,1879.00,1286.00,1.0,-1,-1,-1
144,10,1955.00,870.00,1881.00,1289.00,1.0,-1,-1,-1
145,10,1963.00,867.00,1876.00,1292.00,1.0,-1,-1,-1
146,10,1962.00,862.00,1875.00,1295.00,1.0,-1,-1,-1
147,10,1958.00,850.00,1877.00,1304.00,1.0,-1,-1,-1
148,10,1960.00,847.00,1876.00,1309.00,1.0,-1,-1,-1
149,10,1961.00,842.00,1875.00,1314.00,1.0,-1,-1,-1
150,10,1964.00,841.00,1873.00,1317.00,1.0,-1,-1,-1
151,10,1965.00,840.00,1872.00,1319.00,1.0,-1,-1,-1
152,10,1951.00,833.00,1879.00,1324.00,1.0,-1,-1,-1
153,10,1953.00,834.00,1880.00,1325.00,1.0,-1,-1,-1
154,10,1956.00,836.00,1879.00,1325.00,1.0,-1,-1,-1
155,10,1955.00,837.00,1879.00,1324.00,1.0,-1,-1,-1
156,10,1954.00,833.00,1880.00,1327.00,1.0,-1,-1,-1
157,10,1955.00,827.00,1879.00,1331.00,1.0,-1,-1,-1
158,10,1958.00,824.00,1877.00,1334.00,1.0,-1,-1,-1
159,10,1959.00,824.00,1876.00,1335.00,1.0,-1,-1,-1
160,10,1960.00,818.00,1875.00,1340.00,1.0,-1,-1,-1
161,10,1964.00,816.00,1872.00,1342.00,1.0,-1,-1,-1
162,10,1964.00,818.00,1871.00,1342.00,1.0,-1,-1,-1
163,10,1967.00,816.00,1869.00,1344.00,1.0,-1,-1,-1
164,10,1963.00,813.00,1871.00,1346.00,1.0,-1,-1,-1
165,10,1966.00,802.00,1869.00,1353.00,1.0,-1,-1,-1
166,10,1967.00,798.00,1868.00,1358.00,1.0,-1,-1,-1
167,10,1964.00,788.00,1870.00,1366.00,1.0,-1,-1,-1
168,10,1960.00,780.00,1873.00,1373.00,1.0,-1,-1,-1
169,10,1958.00,775.00,1875.00,1379.00,1.0,-1,-1,-1
170,10,1959.00,773.00,1875.00,1383.00,1.0,-1,-1,-1
171,10,1960.00,773.00,1874.00,1385.00,1.0,-1,-1,-1
172,10,1964.00,775.00,1872.00,1385.00,1.0,-1,-1,-1
173,10,1967.00,774.00,1869.00,1386.00,1.0,-1,-1,-1
174,10,1964.00,770.00,1870.00,1389.00,1.0,-1,-1,-1
175,10,1964.00,773.00,1870.00,1388.00,1.0,-1,-1,-1
176,10,1964.00,772.00,1870.00,1389.00,1.0,-1,-1,-1
177,10,1963.00,771.00,1871.00,1390.00,1.0,-1,-1,-1
178,10,1966.00,771.00,1870.00,1390.00,1.0,-1,-1,-1
179,10,1967.00,772.00,1869.00,1389.00,1.0,-1,-1,-1
180,10,1968.00,773.00,1867.00,1389.00,1.0,-1,-1,-1
181,10,1966.00,771.00,1868.00,1390.00,1.0,-1,-1,-1
182,10,1967.00,771.00,1867.00,1390.00,1.0,-1,-1,-1
183,10,1967.00,770.00,1867.00,1391.00,1.0,-1,-1,-1
184,10,1968.00,768.00,1866.00,1392.00,1.0,-1,-1,-1
185,10,1967.00,765.00,1866.00,1394.00,1.0,-1,-1,-1
186,10,1967.00,767.00,1865.00,1394.00,1.0,-1,-1,-1
187,10,1969.00,770.00,1864.00,1392.00,1.0,-1,-1,-1
188,10,1969.00,766.00,1864.00,1394.00,1.0,-1,-1,-1
189,10,1966.00,764.00,1865.00,1396.00,1.0,-1,-1,-1
190,10,1966.00,763.00,1866.00,1397.00,1.0,-1,-1,-1
191,10,1963.00,761.00,1868.00,1399.00,1.0,-1,-1,-1
192,10,1965.00,761.00,1867.00,1399.00,1.0,-1,-1,-1
193,10,1967.00,763.00,1865.00,1398.00,1.0,-1,-1,-1
194,10,1968.00,763.00,1865.00,1398.00,1.0,-1,-1,-1
195,10,1968.00,761.00,1864.00,1400.00,1.0,-1,-1,-1
196,12,1172.00,1047.00,192.00,157.00,1.0,-1,-1,-1
196,10,1968.00,762.00,1864.00,1399.00,1.0,-1,-1,-1
197,12,1167.00,1053.00,193.00,157.00,1.0,-1,-1,-1
197,10,1969.00,765.00,1863.00,1397.00,1.0,-1,-1,-1
198,12,1162.00,1057.00,196.00,158.00,1.0,-1,-1,-1
198,10,1969.00,762.00,1863.00,1399.00,1.0,-1,-1,-1
199,12,1158.00,1064.00,199.00,160.00,1.0,-1,-1,-1
199,10,1968.00,760.00,1864.00,1400.00,1.0,-1,-1,-1
200,12,1153.00,1072.00,202.00,163.00,1.0,-1,-1,-1
200,10,1967.00,759.00,1865.00,1401.00,1.0,-1,-1,-1
201,12,1147.00,1079.00,206.00,165.00,1.0,-1,-1,-1
201,10,1968.00,758.00,1864.00,1402.00,1.0,-1,-1,-1
202,10,1967.00,759.00,1866.00,1402.00,1.0,-1,-1,-1
203,10,1965.00,757.00,1867.00,1403.00,1.0,-1,-1,-1
204,10,1961.00,753.00,1871.00,1406.00,1.0,-1,-1,-1
205,10,1962.00,751.00,1870.00,1408.00,1.0,-1,-1,-1
206,12,1121.00,1111.00,218.00,175.00,1.0,-1,-1,-1
206,10,1960.00,748.00,1872.00,1410.00,1.0,-1,-1,-1
207,12,1117.00,1121.00,218.00,176.00,1.0,-1,-1,-1
207,10,1955.00,748.00,1876.00,1412.00,1.0,-1,-1,-1
208,12,1114.00,1128.00,219.00,176.00,1.0,-1,-1,-1
208,10,1951.00,751.00,1880.00,1410.00,1.0,-1,-1,-1
209,12,1105.00,1135.00,221.00,177.00,1.0,-1,-1,-1
209,10,1955.00,752.00,1878.00,1410.00,1.0,-1,-1,-1
210,12,1096.00,1144.00,225.00,178.00,1.0,-1,-1,-1
210,10,1959.00,751.00,1876.00,1410.00,1.0,-1,-1,-1
211,12,1089.00,1153.00,230.00,181.00,1.0,-1,-1,-1
211,10,1961.00,749.00,1874.00,1411.00,1.0,-1,-1,-1
212,12,1083.00,1160.00,236.00,184.00,1.0,-1,-1,-1
212,10,1957.00,744.00,1876.00,1415.00,1.0,-1,-1,-1
213,12,1079.00,1169.00,238.00,186.00,1.0,-1,-1,-1
213,10,1956.00,744.00,1877.00,1415.00,1.0,-1,-1,-1
214,12,1072.00,1176.00,242.00,187.00,1.0,-1,-1,-1
214,10,1957.00,743.00,1877.00,1416.00,1.0,-1,-1,-1
215,12,1065.00,1183.00,247.00,189.00,1.0,-1,-1,-1
215,10,1959.00,743.00,1875.00,1417.00,1.0,-1,-1,-1
216,12,1058.00,1194.00,251.00,190.00,1.0,-1,-1,-1
216,10,1959.00,745.00,1875.00,1416.00,1.0,-1,-1,-1
217,12,1051.00,1201.00,253.00,194.00,1.0,-1,-1,-1
217,10,1957.00,743.00,1875.00,1417.00,1.0,-1,-1,-1
218,12,1044.00,1211.00,252.00,194.00,1.0,-1,-1,-1
218,10,1954.00,740.00,1878.00,1419.00,1.0,-1,-1,-1
219,12,1040.00,1221.00,254.00,195.00,1.0,-1,-1,-1
219,10,1953.00,736.00,1879.00,1422.00,1.0,-1,-1,-1
220,12,1032.00,1231.00,257.00,199.00,1.0,-1,-1,-1
220,10,1953.00,734.00,1880.00,1424.00,1.0,-1,-1,-1
221,12,1020.00,1244.00,260.00,204.00,1.0,-1,-1,-1
221,10,1952.00,733.00,1880.00,1426.00,1.0,-1,-1,-1
222,12,1012.00,1252.00,263.00,207.00,1.0,-1,-1,-1
222,10,1952.00,731.00,1881.00,1428.00,1.0,-1,-1,-1
223,12,1007.00,1262.00,266.00,208.00,1.0,-1,-1,-1
223,10,1954.00,728.00,1879.00,1430.00,1.0,-1,-1,-1
224,12,997.00,1272.00,272.00,213.00,1.0,-1,-1,-1
224,10,1954.00,730.00,1879.00,1430.00,1.0,-1,-1,-1
225,12,991.00,1285.00,274.00,215.00,1.0,-1,-1,-1
225,10,1953.00,733.00,1879.00,1428.00,1.0,-1,-1,-1
226,12,986.00,1296.00,275.00,216.00,1.0,-1,-1,-1
226,10,1952.00,730.00,1880.00,1430.00,1.0,-1,-1,-1
227,12,974.00,1308.00,281.00,220.00,1.0,-1,-1,-1
227,10,1954.00,735.00,1879.00,1427.00,1.0,-1,-1,-1
228,12,960.00,1321.00,284.00,223.00,1.0,-1,-1,-1
228,10,1952.00,730.00,1880.00,1430.00,1.0,-1,-1,-1
229,12,947.00,1334.00,289.00,224.00,1.0,-1,-1,-1
229,10,1949.00,731.00,1883.00,1430.00,1.0,-1,-1,-1
230,12,938.00,1349.00,293.00,226.00,1.0,-1,-1,-1
230,10,1949.00,731.00,1883.00,1430.00,1.0,-1,-1,-1
231,12,926.00,1361.00,296.00,231.00,1.0,-1,-1,-1
231,10,1950.00,732.00,1883.00,1429.00,1.0,-1,-1,-1
232,12,916.00,1374.00,300.00,234.00,1.0,-1,-1,-1
232,10,1948.00,730.00,1885.00,1430.00,1.0,-1,-1,-1
233,12,900.00,1391.00,306.00,239.00,1.0,-1,-1,-1
233,10,1945.00,728.00,1887.00,1432.00,1.0,-1,-1,-1
234,12,890.00,1405.00,309.00,242.00,1.0,-1,-1,-1
234,10,1945.00,729.00,1887.00,1432.00,1.0,-1,-1,-1
235,12,872.00,1424.00,315.00,247.00,1.0,-1,-1,-1
235,10,1946.00,731.00,1887.00,1431.00,1.0,-1,-1,-1
236,12,860.00,1438.00,321.00,252.00,1.0,-1,-1,-1
236,10,1945.00,730.00,1888.00,1431.00,1.0,-1,-1,-1
237,12,847.00,1451.00,327.00,257.00,1.0,-1,-1,-1
237,10,1946.00,732.00,1888.00,1430.00,1.0,-1,-1,-1
238,12,829.00,1471.00,331.00,261.00,1.0,-1,-1,-1
238,10,1945.00,732.00,1889.00,1429.00,1.0,-1,-1,-1
239,12,814.00,1487.00,337.00,267.00,1.0,-1,-1,-1
239,10,1947.00,730.00,1888.00,1430.00,1.0,-1,-1,-1
240,12,802.00,1507.00,340.00,274.00,1.0,-1,-1,-1
240,10,1946.00,730.00,1888.00,1431.00,1.0,-1,-1,-1
241,12,781.00,1528.00,347.00,277.00,1.0,-1,-1,-1
241,10,1943.00,727.00,1891.00,1432.00,1.0,-1,-1,-1
242,12,758.00,1547.00,356.00,281.00,1.0,-1,-1,-1
242,10,1944.00,723.00,1890.00,1435.00,1.0,-1,-1,-1
243,12,739.00,1570.00,362.00,286.00,1.0,-1,-1,-1
243,10,1944.00,722.00,1890.00,1437.00,1.0,-1,-1,-1
244,12,719.00,1591.00,366.00,293.00,1.0,-1,-1,-1
244,10,1945.00,722.00,1890.00,1438.00,1.0,-1,-1,-1
245,12,700.00,1613.00,371.00,299.00,1.0,-1,-1,-1
245,10,1946.00,724.00,1888.00,1437.00,1.0,-1,-1,-1
246,12,680.00,1637.00,378.00,306.00,1.0,-1,-1,-1
246,10,1947.00,725.00,1887.00,1436.00,1.0,-1,-1,-1
247,12,654.00,1662.00,388.00,314.00,1.0,-1,-1,-1
247,10,1950.00,721.00,1885.00,1438.00,1.0,-1,-1,-1
248,12,629.00,1685.00,397.00,318.00,1.0,-1,-1,-1
248,10,1949.00,716.00,1884.00,1442.00,1.0,-1,-1,-1
249,12,605.00,1713.00,405.00,327.00,1.0,-1,-1,-1
249,10,1947.00,715.00,1886.00,1444.00,1.0,-1,-1,-1
250,12,577.00,1740.00,415.00,334.00,1.0,-1,-1,-1
250,10,1947.00,714.00,1886.00,1445.00,1.0,-1,-1,-1
251,12,547.00,1768.00,424.00,339.00,1.0,-1,-1,-1
251,10,1942.00,737.00,1888.00,1432.00,1.0,-1,-1,-1
252,12,519.00,1800.00,435.00,344.00,1.0,-1,-1,-1
252,10,1914.00,728.00,1902.00,1433.00,1.0,-1,-1,-1
253,12,492.00,1821.00,442.00,340.00,1.0,-1,-1,-1
253,10,1899.00,725.00,1913.00,1434.00,1.0,-1,-1,-1
254,12,463.00,1852.00,449.00,324.00,1.0,-1,-1,-1
254,10,1890.00,721.00,1922.00,1437.00,1.0,-1,-1,-1
255,12,432.00,1885.00,459.00,301.00,1.0,-1,-1,-1
255,10,1883.00,714.00,1930.00,1441.00,1.0,-1,-1,-1
256,10,1884.00,716.00,1933.00,1441.00,1.0,-1,-1,-1
257,10,1884.00,716.00,1935.00,1442.00,1.0,-1,-1,-1
258,10,1882.00,712.00,1937.00,1445.00,1.0,-1,-1,-1
259,10,1911.00,735.00,1924.00,1432.00,1.0,-1,-1,-1
260,10,1924.00,746.00,1915.00,1423.00,1.0,-1,-1,-1
261,10,1930.00,750.00,1909.00,1418.00,1.0,-1,-1,-1
262,10,1935.00,752.00,1903.00,1414.00,1.0,-1,-1,-1
263,10,1938.00,755.00,1899.00,1411.00,1.0,-1,-1,-1
264,10,1940.00,753.00,1895.00,1410.00,1.0,-1,-1,-1
265,10,1947.00,735.00,1891.00,1420.00,1.0,-1,-1,-1
266,10,1946.00,750.00,1889.00,1413.00,1.0,-1,-1,-1
267,10,1953.00,736.00,1884.00,1420.00,1.0,-1,-1,-1
268,10,1954.00,730.00,1882.00,1425.00,1.0,-1,-1,-1
269,10,1948.00,745.00,1884.00,1418.00,1.0,-1,-1,-1
270,10,1943.00,750.00,1887.00,1414.00,1.0,-1,-1,-1
271,10,1919.00,738.00,1898.00,1419.00,1.0,-1,-1,-1
272,10,1929.00,745.00,1898.00,1416.00,1.0,-1,-1,-1
273,10,1932.00,747.00,1898.00,1415.00,1.0,-1,-1,-1
274,10,1934.00,759.00,1897.00,1407.00,1.0,-1,-1,-1
275,10,1906.00,729.00,1911.00,1423.00,1.0,-1,-1,-1
276,10,1923.00,741.00,1906.00,1419.00,1.0,-1,-1,-1
277,10,1905.00,728.00,1915.00,1426.00,1.0,-1,-1,-1
278,10,1892.00,717.00,1923.00,1434.00,1.0,-1,-1,-1
279,10,1889.00,717.00,1928.00,1437.00,1.0,-1,-1,-1
280,10,1886.00,715.00,1932.00,1440.00,1.0,-1,-1,-1
281,10,1885.00,712.00,1935.00,1443.00,1.0,-1,-1,-1
282,10,1880.00,706.00,1939.00,1447.00,1.0,-1,-1,-1
283,10,1884.00,712.00,1938.00,1446.00,1.0,-1,-1,-1
284,10,1910.00,736.00,1926.00,1432.00,1.0,-1,-1,-1
285,10,1925.00,754.00,1915.00,1419.00,1.0,-1,-1,-1
286,10,1928.00,760.00,1910.00,1411.00,1.0,-1,-1,-1
287,10,1935.00,761.00,1904.00,1407.00,1.0,-1,-1,-1
288,10,1912.00,743.00,1912.00,1414.00,1.0,-1,-1,-1
289,10,1926.00,756.00,1906.00,1408.00,1.0,-1,-1,-1
290,10,1934.00,765.00,1901.00,1401.00,1.0,-1,-1,-1
291,10,1941.00,767.00,1895.00,1398.00,1.0,-1,-1,-1
292,10,1942.00,767.00,1893.00,1396.00,1.0,-1,-1,-1
293,10,1942.00,768.00,1891.00,1395.00,1.0,-1,-1,-1
294,10,1946.00,769.00,1888.00,1393.00,1.0,-1,-1,-1
295,10,1954.00,749.00,1882.00,1404.00,1.0,-1,-1,-1
296,10,1921.00,733.00,1896.00,1416.00,1.0,-1,-1,-1
297,10,1903.00,721.00,1909.00,1426.00,1.0,-1,-1,-1
298,10,1894.00,720.00,1918.00,1431.00,1.0,-1,-1,-1
299,10,1892.00,720.00,1923.00,1434.00,1.0,-1,-1,-1
300,10,1888.00,713.00,1929.00,1439.00,1.0,-1,-1,-1
301,10,1888.00,716.00,1931.00,1439.00,1.0,-1,-1,-1
302,10,1886.00,717.00,1934.00,1440.00,1.0,-1,-1,-1
303,10,1885.00,709.00,1935.00,1445.00,1.0,-1,-1,-1
304,10,1882.00,704.00,1938.00,1449.00,1.0,-1,-1,-1
305,10,1882.00,706.00,1940.00,1450.00,1.0,-1,-1,-1
306,10,1879.00,701.00,1942.00,1453.00,1.0,-1,-1,-1
307,10,1880.00,702.00,1942.00,1454.00,1.0,-1,-1,-1
308,10,1879.00,700.00,1943.00,1456.00,1.0,-1,-1,-1
309,10,1881.00,704.00,1942.00,1454.00,1.0,-1,-1,-1
310,10,1907.00,725.00,1930.00,1442.00,1.0,-1,-1,-1
311,10,1894.00,710.00,1932.00,1448.00,1.0,-1,-1,-1
312,10,1886.00,704.00,1936.00,1451.00,1.0,-1,-1,-1
313,15,1291.00,705.00,175.00,232.00,1.0,-1,-1,-1
313,10,1883.00,706.00,1938.00,1451.00,1.0,-1,-1,-1
314,15,1290.00,705.00,173.00,234.00,1.0,-1,-1,-1
314,10,1909.00,740.00,1926.00,1432.00,1.0,-1,-1,-1
315,15,1288.00,703.00,170.00,237.00,1.0,-1,-1,-1
315,10,1898.00,733.00,1928.00,1431.00,1.0,-1,-1,-1
316,15,1287.00,706.00,172.00,237.00,1.0,-1,-1,-1
316,10,1891.00,728.00,1931.00,1432.00,1.0,-1,-1,-1
317,15,1283.00,707.00,177.00,240.00,1.0,-1,-1,-1
317,10,1918.00,757.00,1918.00,1415.00,1.0,-1,-1,-1
318,15,1281.00,708.00,179.00,243.00,1.0,-1,-1,-1
318,10,1930.00,767.00,1909.00,1405.00,1.0,-1,-1,-1
319,15,1278.00,709.00,179.00,244.00,1.0,-1,-1,-1
319,10,1937.00,774.00,1902.00,1397.00,1.0,-1,-1,-1
320,15,1274.00,710.00,181.00,245.00,1.0,-1,-1,-1
320,10,1942.00,769.00,1896.00,1396.00,1.0,-1,-1,-1
321,15,1273.00,710.00,181.00,245.00,1.0,-1,-1,-1
321,10,1947.00,772.00,1890.00,1393.00,1.0,-1,-1,-1
322,15,1269.00,710.00,182.00,245.00,1.0,-1,-1,-1
322,10,1949.00,777.00,1886.00,1388.00,1.0,-1,-1,-1
323,15,1266.00,712.00,184.00,248.00,1.0,-1,-1,-1
323,10,1951.00,779.00,1883.00,1385.00,1.0,-1,-1,-1
324,15,1266.00,712.00,184.00,251.00,1.0,-1,-1,-1
324,10,1916.00,757.00,1900.00,1397.00,1.0,-1,-1,-1
325,10,1933.00,762.00,1895.00,1396.00,1.0,-1,-1,-1
326,10,1939.00,762.00,1892.00,1397.00,1.0,-1,-1,-1
327,10,1914.00,744.00,1904.00,1407.00,1.0,-1,-1,-1
328,15,1262.00,713.00,194.00,261.00,1.0,-1,-1,-1
328,10,1900.00,732.00,1914.00,1417.00,1.0,-1,-1,-1
329,15,1262.00,714.00,195.00,263.00,1.0,-1,-1,-1
329,10,1894.00,728.00,1920.00,1422.00,1.0,-1,-1,-1
330,17,1116.00,1009.00,186.00,183.00,1.0,-1,-1,-1
330,15,1260.00,715.00,195.00,263.00,1.0,-1,-1,-1
330,10,1922.00,748.00,1910.00,1414.00,1.0,-1,-1,-1
331,17,1107.00,1015.00,190.00,185.00,1.0,-1,-1,-1
331,15,1257.00,716.00,195.00,264.00,1.0,-1,-1,-1
331,10,1933.00,758.00,1902.00,1408.00,1.0,-1,-1,-1
332,15,1253.00,717.00,198.00,268.00,1.0,-1,-1,-1
332,10,1935.00,767.00,1899.00,1400.00,1.0,-1,-1,-1
333,10,1908.00,749.00,1911.00,1408.00,1.0,-1,-1,-1
334,10,1922.00,756.00,1907.00,1405.00,1.0,-1,-1,-1
335,10,1900.00,733.00,1918.00,1418.00,1.0,-1,-1,-1
336,17,1084.00,1065.00,197.00,174.00,1.0,-1,-1,-1
336,10,1889.00,723.00,1927.00,1426.00,1.0,-1,-1,-1
337,17,1077.00,1064.00,202.00,178.00,1.0,-1,-1,-1
337,10,1883.00,719.00,1933.00,1431.00,1.0,-1,-1,-1
338,17,1070.00,1068.00,205.00,181.00,1.0,-1,-1,-1
338,10,1912.00,747.00,1921.00,1419.00,1.0,-1,-1,-1
339,17,1065.00,1073.00,208.00,183.00,1.0,-1,-1,-1
339,10,1925.00,763.00,1912.00,1407.00,1.0,-1,-1,-1
340,17,1059.00,1078.00,210.00,184.00,1.0,-1,-1,-1
340,15,1230.00,726.00,211.00,279.00,1.0,-1,-1,-1
340,10,1932.00,774.00,1905.00,1397.00,1.0,-1,-1,-1
341,17,1048.00,1085.00,213.00,185.00,1.0,-1,-1,-1
341,15,1229.00,727.00,213.00,280.00,1.0,-1,-1,-1
341,10,1938.00,785.00,1899.00,1386.00,1.0,-1,-1,-1
342,17,1041.00,1094.00,215.00,185.00,1.0,-1,-1,-1
342,10,1941.00,785.00,1895.00,1382.00,1.0,-1,-1,-1
343,17,1035.00,1104.00,218.00,185.00,1.0,-1,-1,-1
343,10,1916.00,759.00,1905.00,1394.00,1.0,-1,-1,-1
344,17,1029.00,1111.00,219.00,185.00,1.0,-1,-1,-1
344,10,1903.00,742.00,1914.00,1406.00,1.0,-1,-1,-1
345,17,1022.00,1115.00,221.00,187.00,1.0,-1,-1,-1
345,10,1897.00,732.00,1920.00,1416.00,1.0,-1,-1,-1
346,17,1013.00,1123.00,224.00,187.00,1.0,-1,-1,-1
346,10,1896.00,730.00,1923.00,1420.00,1.0,-1,-1,-1
347,17,1009.00,1130.00,225.00,190.00,1.0,-1,-1,-1
347,10,1923.00,761.00,1911.00,1406.00,1.0,-1,-1,-1
348,17,996.00,1139.00,232.00,194.00,1.0,-1,-1,-1
348,10,1908.00,743.00,1916.00,1413.00,1.0,-1,-1,-1
349,17,985.00,1149.00,237.00,195.00,1.0,-1,-1,-1
349,10,1929.00,762.00,1905.00,1403.00,1.0,-1,-1,-1
350,17,979.00,1156.00,239.00,197.00,1.0,-1,-1,-1
350,10,1936.00,766.00,1900.00,1399.00,1.0,-1,-1,-1
351,17,968.00,1162.00,244.00,201.00,1.0,-1,-1,-1
351,10,1934.00,757.00,1899.00,1402.00,1.0,-1,-1,-1
352,17,962.00,1168.00,246.00,202.00,1.0,-1,-1,-1
352,10,1935.00,759.00,1898.00,1401.00,1.0,-1,-1,-1
353,17,955.00,1175.00,250.00,205.00,1.0,-1,-1,-1
353,10,1935.00,756.00,1896.00,1403.00,1.0,-1,-1,-1
354,17,945.00,1183.00,253.00,209.00,1.0,-1,-1,-1
354,10,1934.00,754.00,1897.00,1405.00,1.0,-1,-1,-1
355,17,941.00,1191.00,252.00,211.00,1.0,-1,-1,-1
355,10,1935.00,754.00,1896.00,1405.00,1.0,-1,-1,-1
356,17,932.00,1199.00,256.00,215.00,1.0,-1,-1,-1
356,10,1937.00,764.00,1894.00,1399.00,1.0,-1,-1,-1
357,17,924.00,1206.00,258.00,216.00,1.0,-1,-1,-1
357,10,1939.00,767.00,1893.00,1396.00,1.0,-1,-1,-1
358,17,909.00,1216.00,262.00,220.00,1.0,-1,-1,-1
358,10,1939.00,765.00,1892.00,1396.00,1.0,-1,-1,-1
359,17,901.00,1226.00,265.00,221.00,1.0,-1,-1,-1
359,15,1183.00,749.00,235.00,304.00,1.0,-1,-1,-1
359,10,1943.00,774.00,1889.00,1390.00,1.0,-1,-1,-1
360,17,893.00,1238.00,267.00,224.00,1.0,-1,-1,-1
360,15,1181.00,752.00,234.00,306.00,1.0,-1,-1,-1
360,10,1945.00,779.00,1887.00,1386.00,1.0,-1,-1,-1
361,17,880.00,1246.00,272.00,227.00,1.0,-1,-1,-1
361,10,1943.00,773.00,1887.00,1388.00,1.0,-1,-1,-1
362,17,870.00,1254.00,275.00,231.00,1.0,-1,-1,-1
362,10,1914.00,755.00,1902.00,1397.00,1.0,-1,-1,-1
363,17,862.00,1266.00,276.00,233.00,1.0,-1,-1,-1
363,10,1931.00,777.00,1897.00,1387.00,1.0,-1,-1,-1
364,17,851.00,1277.00,278.00,235.00,1.0,-1,-1,-1
364,10,1906.00,753.00,1910.00,1399.00,1.0,-1,-1,-1
365,17,838.00,1290.00,283.00,238.00,1.0,-1,-1,-1
365,15,1164.00,758.00,238.00,320.00,1.0,-1,-1,-1
365,10,1924.00,773.00,1904.00,1390.00,1.0,-1,-1,-1
366,17,825.00,1298.00,289.00,242.00,1.0,-1,-1,-1
366,10,1933.00,781.00,1899.00,1384.00,1.0,-1,-1,-1
367,17,813.00,1313.00,293.00,245.00,1.0,-1,-1,-1
367,10,1937.00,779.00,1896.00,1384.00,1.0,-1,-1,-1
368,17,800.00,1327.00,297.00,247.00,1.0,-1,-1,-1
368,10,1934.00,777.00,1897.00,1384.00,1.0,-1,-1,-1
369,17,788.00,1337.00,300.00,252.00,1.0,-1,-1,-1
369,15,1152.00,763.00,236.00,327.00,1.0,-1,-1,-1
369,10,1935.00,777.00,1896.00,1383.00,1.0,-1,-1,-1
370,17,776.00,1345.00,301.00,257.00,1.0,-1,-1,-1
370,10,1935.00,780.00,1895.00,1381.00,1.0,-1,-1,-1
371,17,764.00,1360.00,305.00,260.00,1.0,-1,-1,-1
371,10,1938.00,782.00,1893.00,1380.00,1.0,-1,-1,-1
372,17,749.00,1376.00,311.00,264.00,1.0,-1,-1,-1
372,10,1940.00,783.00,1891.00,1378.00,1.0,-1,-1,-1
373,17,734.00,1392.00,317.00,269.00,1.0,-1,-1,-1
373,10,1943.00,788.00,1889.00,1375.00,1.0,-1,-1,-1
374,17,722.00,1404.00,321.00,275.00,1.0,-1,-1,-1
374,10,1945.00,788.00,1887.00,1374.00,1.0,-1,-1,-1
375,17,703.00,1416.00,328.00,282.00,1.0,-1,-1,-1
375,10,1947.00,790.00,1885.00,1372.00,1.0,-1,-1,-1
376,17,683.00,1430.00,335.00,286.00,1.0,-1,-1,-1
376,10,1948.00,795.00,1883.00,1368.00,1.0,-1,-1,-1
377,17,668.00,1438.00,338.00,295.00,1.0,-1,-1,-1
377,10,1948.00,789.00,1883.00,1371.00,1.0,-1,-1,-1
378,17,650.00,1459.00,344.00,301.00,1.0,-1,-1,-1
378,10,1947.00,787.00,1883.00,1372.00,1.0,-1,-1,-1
379,17,635.00,1481.00,348.00,303.00,1.0,-1,-1,-1
379,10,1949.00,782.00,1882.00,1375.00,1.0,-1,-1,-1
380,17,617.00,1498.00,354.00,307.00,1.0,-1,-1,-1
380,15,1116.00,783.00,254.00,344.00,1.0,-1,-1,-1
380,10,1947.00,773.00,1883.00,1381.00,1.0,-1,-1,-1
381,17,601.00,1519.00,357.00,312.00,1.0,-1,-1,-1
381,15,1112.00,785.00,255.00,348.00,1.0,-1,-1,-1
381,10,1945.00,770.00,1884.00,1385.00,1.0,-1,-1,-1
382,17,580.00,1541.00,365.00,319.00,1.0,-1,-1,-1
382,15,1109.00,787.00,256.00,350.00,1.0,-1,-1,-1
382,10,1946.00,768.00,1883.00,1388.00,1.0,-1,-1,-1
383,17,560.00,1559.00,372.00,327.00,1.0,-1,-1,-1
383,15,1104.00,788.00,260.00,354.00,1.0,-1,-1,-1
383,10,1948.00,768.00,1882.00,1389.00,1.0,-1,-1,-1
384,17,537.00,1579.00,378.00,330.00,1.0,-1,-1,-1
384,15,1098.00,791.00,262.00,357.00,1.0,-1,-1,-1
384,10,1918.00,754.00,1895.00,1398.00,1.0,-1,-1,-1
385,17,516.00,1597.00,386.00,337.00,1.0,-1,-1,-1
385,10,1941.00,740.00,1885.00,1409.00,1.0,-1,-1,-1
386,17,493.00,1623.00,392.00,346.00,1.0,-1,-1,-1
386,10,1949.00,735.00,1869.00,1415.00,1.0,-1,-1,-1
387,17,469.00,1642.00,402.00,351.00,1.0,-1,-1,-1
387,10,1946.00,732.00,1843.00,1420.00,1.0,-1,-1,-1
388,18,3611.00,1592.00,211.00,400.00,1.0,-1,-1,-1
388,17,441.00,1667.00,412.00,357.00,1.0,-1,-1,-1
388,15,1085.00,798.00,267.00,368.00,1.0,-1,-1,-1
388,10,1941.00,730.00,1810.00,1424.00,1.0,-1,-1,-1
389,18,3564.00,1562.00,251.00,387.00,1.0,-1,-1,-1
389,17,417.00,1686.00,420.00,371.00,1.0,-1,-1,-1
389,15,1080.00,801.00,269.00,370.00,1.0,-1,-1,-1
389,10,1940.00,729.00,1783.00,1426.00,1.0,-1,-1,-1
390,18,3523.00,1543.00,290.00,373.00,1.0,-1,-1,-1
390,17,390.00,1710.00,428.00,377.00,1.0,-1,-1,-1
390,10,1944.00,730.00,1756.00,1426.00,1.0,-1,-1,-1
391,18,3481.00,1522.00,328.00,361.00,1.0,-1,-1,-1
391,17,361.00,1735.00,437.00,382.00,1.0,-1,-1,-1
391,10,1942.00,729.00,1728.00,1427.00,1.0,-1,-1,-1
392,18,3438.00,1503.00,355.00,341.00,1.0,-1,-1,-1
392,17,325.00,1768.00,450.00,385.00,1.0,-1,-1,-1
392,10,1945.00,730.00,1708.00,1427.00,1.0,-1,-1,-1
393,18,3388.00,1482.00,369.00,330.00,1.0,-1,-1,-1
393,17,299.00,1788.00,457.00,378.00,1.0,-1,-1,-1
393,15,1062.00,806.00,276.00,387.00,1.0,-1,-1,-1
393,10,1958.00,731.00,1701.00,1427.00,1.0,-1,-1,-1
394,18,3342.00,1461.00,378.00,321.00,1.0,-1,-1,-1
394,17,273.00,1812.00,463.00,366.00,1.0,-1,-1,-1
394,10,1961.00,730.00,1692.00,1428.00,1.0,-1,-1,-1
395,18,3301.00,1438.00,378.00,313.00,1.0,-1,-1,-1
395,17,233.00,1839.00,477.00,345.00,1.0,-1,-1,-1
395,10,1918.00,725.00,1727.00,1431.00,1.0,-1,-1,-1
396,18,3263.00,1419.00,377.00,301.00,1.0,-1,-1,-1
396,10,1884.00,722.00,1733.00,1433.00,1.0,-1,-1,-1
397,18,3223.00,1402.00,374.00,295.00,1.0,-1,-1,-1
397,15,1048.00,813.00,282.00,399.00,1.0,-1,-1,-1
397,10,1866.00,722.00,1727.00,1433.00,1.0,-1,-1,-1
398,18,3193.00,1389.00,366.00,283.00,1.0,-1,-1,-1
398,15,1043.00,815.00,284.00,403.00,1.0,-1,-1,-1
398,10,1857.00,723.00,1712.00,1433.00,1.0,-1,-1,-1
399,18,3160.00,1370.00,359.00,273.00,1.0,-1,-1,-1
399,15,1041.00,817.00,289.00,405.00,1.0,-1,-1,-1
399,10,1866.00,725.00,1715.00,1432.00,1.0,-1,-1,-1
400,18,3129.00,1352.00,352.00,266.00,1.0,-1,-1,-1
400,15,1035.00,820.00,291.00,407.00,1.0,-1,-1,-1
400,10,1880.00,726.00,1728.00,1432.00,1.0,-1,-1,-1
401,18,3100.00,1340.00,347.00,259.00,1.0,-1,-1,-1
401,15,1030.00,822.00,292.00,409.00,1.0,-1,-1,-1
401,10,1969.00,734.00,1758.00,1427.00,1.0,-1,-1,-1
402,18,3073.00,1327.00,337.00,254.00,1.0,-1,-1,-1
402,15,1025.00,826.00,292.00,410.00,1.0,-1,-1,-1
402,10,1995.00,736.00,1777.00,1426.00,1.0,-1,-1,-1
403,18,3050.00,1309.00,329.00,246.00,1.0,-1,-1,-1
403,15,1020.00,830.00,293.00,411.00,1.0,-1,-1,-1
403,10,1999.00,736.00,1791.00,1425.00,1.0,-1,-1,-1
404,18,3026.00,1294.00,321.00,239.00,1.0,-1,-1,-1
404,15,1016.00,832.00,294.00,413.00,1.0,-1,-1,-1
404,10,2001.00,743.00,1798.00,1420.00,1.0,-1,-1,-1
405,18,3002.00,1278.00,315.00,234.00,1.0,-1,-1,-1
405,15,1013.00,836.00,295.00,415.00,1.0,-1,-1,-1
405,10,1972.00,748.00,1811.00,1415.00,1.0,-1,-1,-1
406,18,2977.00,1259.00,310.00,233.00,1.0,-1,-1,-1
406,15,1007.00,841.00,298.00,420.00,1.0,-1,-1,-1
406,10,1930.00,742.00,1822.00,1418.00,1.0,-1,-1,-1
407,18,2953.00,1250.00,303.00,227.00,1.0,-1,-1,-1
407,15,1001.00,844.00,299.00,424.00,1.0,-1,-1,-1
407,10,1940.00,738.00,1830.00,1419.00,1.0,-1,-1,-1
408,18,2934.00,1241.00,296.00,221.00,1.0,-1,-1,-1
408,15,996.00,846.00,302.00,429.00,1.0,-1,-1,-1
408,10,1942.00,735.00,1839.00,1421.00,1.0,-1,-1,-1
409,18,2911.00,1227.00,291.00,217.00,1.0,-1,-1,-1
409,15,992.00,847.00,305.00,433.00,1.0,-1,-1,-1
409,10,1941.00,731.00,1850.00,1424.00,1.0,-1,-1,-1
410,18,2891.00,1216.00,285.00,213.00,1.0,-1,-1,-1
410,15,986.00,850.00,307.00,437.00,1.0,-1,-1,-1
410,10,1935.00,727.00,1860.00,1427.00,1.0,-1,-1,-1
411,18,2870.00,1206.00,280.00,207.00,1.0,-1,-1,-1
411,15,978.00,851.00,311.00,441.00,1.0,-1,-1,-1
411,10,1930.00,725.00,1864.00,1429.00,1.0,-1,-1,-1
412,18,2854.00,1193.00,273.00,204.00,1.0,-1,-1,-1
412,15,971.00,852.00,315.00,445.00,1.0,-1,-1,-1
412,10,1930.00,724.00,1869.00,1430.00,1.0,-1,-1,-1
413,18,2836.00,1182.00,269.00,203.00,1.0,-1,-1,-1
413,15,966.00,853.00,318.00,451.00,1.0,-1,-1,-1
413,10,1930.00,724.00,1872.00,1431.00,1.0,-1,-1,-1
414,18,2818.00,1171.00,264.00,200.00,1.0,-1,-1,-1
414,15,962.00,854.00,321.00,456.00,1.0,-1,-1,-1
414,10,1929.00,723.00,1874.00,1432.00,1.0,-1,-1,-1
415,18,2802.00,1160.00,259.00,195.00,1.0,-1,-1,-1
415,15,958.00,855.00,324.00,462.00,1.0,-1,-1,-1
415,10,1934.00,725.00,1872.00,1431.00,1.0,-1,-1,-1
416,18,2788.00,1155.00,251.00,190.00,1.0,-1,-1,-1
416,15,953.00,856.00,327.00,466.00,1.0,-1,-1,-1
416,10,1964.00,725.00,1855.00,1431.00,1.0,-1,-1,-1
417,18,2771.00,1144.00,248.00,188.00,1.0,-1,-1,-1
417,15,950.00,859.00,330.00,470.00,1.0,-1,-1,-1
417,10,1977.00,724.00,1845.00,1432.00,1.0,-1,-1,-1
418,18,2757.00,1134.00,244.00,184.00,1.0,-1,-1,-1
418,15,944.00,861.00,333.00,473.00,1.0,-1,-1,-1
418,10,1989.00,726.00,1835.00,1432.00,1.0,-1,-1,-1
419,18,2744.00,1123.00,237.00,182.00,1.0,-1,-1,-1
419,15,937.00,866.00,337.00,477.00,1.0,-1,-1,-1
419,10,1992.00,725.00,1829.00,1433.00,1.0,-1,-1,-1
420,18,2727.00,1115.00,234.00,180.00,1.0,-1,-1,-1
420,15,931.00,871.00,338.00,480.00,1.0,-1,-1,-1
420,10,1963.00,719.00,1843.00,1436.00,1.0,-1,-1,-1
421,18,2716.00,1110.00,228.00,175.00,1.0,-1,-1,-1
421,15,924.00,875.00,340.00,485.00,1.0,-1,-1,-1
421,10,1949.00,713.00,1852.00,1441.00,1.0,-1,-1,-1
422,18,2699.00,1089.00,228.00,179.00,1.0,-1,-1,-1
422,15,919.00,877.00,343.00,490.00,1.0,-1,-1,-1
422,10,1940.00,710.00,1862.00,1444.00,1.0,-1,-1,-1
423,18,2678.00,1080.00,229.00,179.00,1.0,-1,-1,-1
423,15,910.00,880.00,348.00,496.00,1.0,-1,-1,-1
423,10,1933.00,702.00,1870.00,1450.00,1.0,-1,-1,-1
424,18,2667.00,1079.00,225.00,174.00,1.0,-1,-1,-1
424,15,902.00,882.00,353.00,501.00,1.0,-1,-1,-1
424,10,1929.00,695.00,1875.00,1456.00,1.0,-1,-1,-1
425,18,2662.00,1067.00,217.00,171.00,1.0,-1,-1,-1
425,15,897.00,885.00,357.00,503.00,1.0,-1,-1,-1
425,10,1928.00,689.00,1880.00,1462.00,1.0,-1,-1,-1
426,18,2655.00,1063.00,211.00,168.00,1.0,-1,-1,-1
426,15,892.00,890.00,360.00,507.00,1.0,-1,-1,-1
426,10,1926.00,687.00,1884.00,1466.00,1.0,-1,-1,-1
427,18,2638.00,1056.00,210.00,165.00,1.0,-1,-1,-1
427,15,887.00,895.00,363.00,512.00,1.0,-1,-1,-1
427,10,1926.00,686.00,1885.00,1468.00,1.0,-1,-1,-1
428,18,2625.00,1050.00,209.00,162.00,1.0,-1,-1,-1
428,15,878.00,898.00,367.00,516.00,1.0,-1,-1,-1
428,10,1923.00,685.00,1887.00,1470.00,1.0,-1,-1,-1
429,18,2612.00,1044.00,208.00,159.00,1.0,-1,-1,-1
429,15,869.00,902.00,370.00,521.00,1.0,-1,-1,-1
429,10,1920.00,687.00,1890.00,1470.00,1.0,-1,-1,-1
430,18,2601.00,1037.00,204.00,157.00,1.0,-1,-1,-1
430,15,865.00,904.00,373.00,528.00,1.0,-1,-1,-1
430,10,1919.00,689.00,1892.00,1469.00,1.0,-1,-1,-1
431,18,2587.00,1033.00,201.00,154.00,1.0,-1,-1,-1
431,15,862.00,908.00,375.00,534.00,1.0,-1,-1,-1
431,10,1917.00,686.00,1893.00,1472.00,1.0,-1,-1,-1
432,18,2579.00,1029.00,198.00,151.00,1.0,-1,-1,-1
432,15,854.00,913.00,378.00,542.00,1.0,-1,-1,-1
432,10,1915.00,688.00,1896.00,1471.00,1.0,-1,-1,-1
433,18,2572.00,1024.00,193.00,148.00,1.0,-1,-1,-1
433,15,843.00,915.00,384.00,549.00,1.0,-1,-1,-1
433,10,1915.00,689.00,1897.00,1470.00,1.0,-1,-1,-1
434,18,2563.00,1018.00,190.00,145.00,1.0,-1,-1,-1
434,15,833.00,920.00,387.00,554.00,1.0,-1,-1,-1
434,10,1913.00,692.00,1900.00,1468.00,1.0,-1,-1,-1
435,18,2548.00,1008.00,188.00,146.00,1.0,-1,-1,-1
435,15,828.00,922.00,391.00,561.00,1.0,-1,-1,-1
435,10,1911.00,691.00,1903.00,1468.00,1.0,-1,-1,-1
436,15,818.00,926.00,394.00,569.00,1.0,-1,-1,-1
436,10,1909.00,689.00,1905.00,1470.00,1.0,-1,-1,-1
437,15,812.00,930.00,398.00,575.00,1.0,-1,-1,-1
437,10,1908.00,691.00,1907.00,1468.00,1.0,-1,-1,-1
438,15,802.00,934.00,402.00,578.00,1.0,-1,-1,-1
438,10,1907.00,683.00,1909.00,1473.00,1.0,-1,-1,-1
439,18,2514.00,980.00,173.00,142.00,1.0,-1,-1,-1
439,15,792.00,937.00,407.00,583.00,1.0,-1,-1,-1
439,10,1910.00,680.00,1908.00,1476.00,1.0,-1,-1,-1
440,18,2501.00,968.00,174.00,145.00,1.0,-1,-1,-1
440,15,786.00,943.00,410.00,587.00,1.0,-1,-1,-1
440,10,1912.00,683.00,1907.00,1475.00,1.0,-1,-1,-1
441,18,2492.00,969.00,173.00,141.00,1.0,-1,-1,-1
441,15,779.00,949.00,415.00,596.00,1.0,-1,-1,-1
441,10,1914.00,704.00,1906.00,1463.00,1.0,-1,-1,-1
442,21,1934.00,1006.00,1894.00,1151.00,1.0,-1,-1,-1
442,18,2484.00,966.00,170.00,137.00,1.0,-1,-1,-1
442,15,768.00,953.00,421.00,607.00,1.0,-1,-1,-1
442,10,1911.00,695.00,1908.00,1466.00,1.0,-1,-1,-1
443,21,1924.00,972.00,1912.00,1177.00,1.0,-1,-1,-1
443,18,2472.00,962.00,169.00,133.00,1.0,-1,-1,-1
443,15,759.00,953.00,427.00,618.00,1.0,-1,-1,-1
443,10,1910.00,685.00,1909.00,1472.00,1.0,-1,-1,-1
444,21,1941.00,959.00,1902.00,1189.00,1.0,-1,-1,-1
444,18,2464.00,956.00,166.00,131.00,1.0,-1,-1,-1
444,15,749.00,956.00,433.00,627.00,1.0,-1,-1,-1
444,10,1911.00,688.00,1909.00,1471.00,1.0,-1,-1,-1
445,21,1947.00,952.00,1895.00,1198.00,1.0,-1,-1,-1
445,18,2453.00,953.00,164.00,128.00,1.0,-1,-1,-1
445,15,735.00,958.00,442.00,635.00,1.0,-1,-1,-1
445,10,1912.00,690.00,1908.00,1470.00,1.0,-1,-1,-1
446,21,1934.00,946.00,1903.00,1207.00,1.0,-1,-1,-1
446,18,2446.00,950.00,161.00,127.00,1.0,-1,-1,-1
446,15,724.00,961.00,450.00,643.00,1.0,-1,-1,-1
447,21,1925.00,936.00,1911.00,1217.00,1.0,-1,-1,-1
447,18,2439.00,948.00,158.00,124.00,1.0,-1,-1,-1
447,15,714.00,964.00,457.00,651.00,1.0,-1,-1,-1
448,21,1926.00,952.00,1908.00,1210.00,1.0,-1,-1,-1
448,18,2431.00,944.00,157.00,121.00,1.0,-1,-1,-1
448,15,703.00,972.00,465.00,661.00,1.0,-1,-1,-1
449,21,1929.00,959.00,1905.00,1205.00,1.0,-1,-1,-1
449,18,2423.00,941.00,157.00,118.00,1.0,-1,-1,-1
449,15,693.00,979.00,471.00,669.00,1.0,-1,-1,-1
450,21,1931.00,952.00,1904.00,1208.00,1.0,-1,-1,-1
450,15,681.00,986.00,479.00,678.00,1.0,-1,-1,-1
451,21,1930.00,953.00,1903.00,1208.00,1.0,-1,-1,-1
452,21,1928.00,958.00,1904.00,1204.00,1.0,-1,-1,-1
453,22,640.00,991.00,514.00,717.00,1.0,-1,-1,-1
453,21,1931.00,959.00,1901.00,1203.00,1.0,-1,-1,-1
453,18,2389.00,919.00,150.00,117.00,1.0,-1,-1,-1
454,22,620.00,996.00,524.00,727.00,1.0,-1,-1,-1
454,21,1931.00,953.00,1901.00,1206.00,1.0,-1,-1,-1
455,22,606.00,1002.00,535.00,744.00,1.0,-1,-1,-1
455,21,1930.00,954.00,1902.00,1206.00,1.0,-1,-1,-1
456,22,591.00,1005.00,547.00,760.00,1.0,-1,-1,-1
456,21,1927.00,949.00,1904.00,1209.00,1.0,-1,-1,-1
457,22,577.00,1010.00,556.00,772.00,1.0,-1,-1,-1
457,21,1929.00,952.00,1903.00,1208.00,1.0,-1,-1,-1
458,22,566.00,1017.00,561.00,779.00,1.0,-1,-1,-1
458,21,1922.00,942.00,1908.00,1215.00,1.0,-1,-1,-1
459,22,556.00,1023.00,567.00,788.00,1.0,-1,-1,-1
459,21,1923.00,934.00,1909.00,1221.00,1.0,-1,-1,-1
460,22,541.00,1031.00,577.00,800.00,1.0,-1,-1,-1
460,21,1920.00,930.00,1912.00,1226.00,1.0,-1,-1,-1
461,22,528.00,1036.00,582.00,816.00,1.0,-1,-1,-1
461,21,1925.00,935.00,1909.00,1225.00,1.0,-1,-1,-1
462,22,513.00,1042.00,591.00,833.00,1.0,-1,-1,-1
462,21,1923.00,939.00,1910.00,1223.00,1.0,-1,-1,-1
462,18,2320.00,890.00,141.00,104.00,1.0,-1,-1,-1
463,23,1112.00,1034.00,203.00,167.00,1.0,-1,-1,-1
463,22,495.00,1045.00,601.00,848.00,1.0,-1,-1,-1
463,21,1930.00,946.00,1905.00,1218.00,1.0,-1,-1,-1
463,18,2317.00,885.00,137.00,103.00,1.0,-1,-1,-1
464,22,475.00,1050.00,614.00,860.00,1.0,-1,-1,-1
464,21,1936.00,943.00,1901.00,1218.00,1.0,-1,-1,-1
464,18,2312.00,877.00,136.00,105.00,1.0,-1,-1,-1
465,22,458.00,1060.00,625.00,874.00,1.0,-1,-1,-1
465,21,1935.00,940.00,1899.00,1220.00,1.0,-1,-1,-1
465,18,2306.00,873.00,136.00,106.00,1.0,-1,-1,-1
466,22,445.00,1068.00,634.00,888.00,1.0,-1,-1,-1
466,21,1936.00,932.00,1899.00,1225.00,1.0,-1,-1,-1
466,18,2302.00,870.00,133.00,106.00,1.0,-1,-1,-1
467,22,429.00,1074.00,646.00,903.00,1.0,-1,-1,-1
467,21,1939.00,921.00,1897.00,1233.00,1.0,-1,-1,-1
468,22,410.00,1079.00,658.00,918.00,1.0,-1,-1,-1
468,21,1949.00,923.00,1889.00,1234.00,1.0,-1,-1,-1
469,22,391.00,1086.00,667.00,932.00,1.0,-1,-1,-1
469,21,1955.00,918.00,1884.00,1238.00,1.0,-1,-1,-1
470,22,370.00,1097.00,679.00,951.00,1.0,-1,-1,-1
470,21,1961.00,917.00,1878.00,1240.00,1.0,-1,-1,-1
471,23,1098.00,1073.00,214.00,182.00,1.0,-1,-1,-1
471,22,353.00,1106.00,689.00,968.00,1.0,-1,-1,-1
471,21,1964.00,913.00,1874.00,1244.00,1.0,-1,-1,-1
472,23,1098.00,1075.00,213.00,186.00,1.0,-1,-1,-1
472,22,334.00,1113.00,700.00,984.00,1.0,-1,-1,-1
472,21,1969.00,913.00,1869.00,1245.00,1.0,-1,-1,-1
473,23,1099.00,1081.00,212.00,186.00,1.0,-1,-1,-1
473,22,317.00,1121.00,709.00,1000.00,1.0,-1,-1,-1
473,21,1969.00,905.00,1868.00,1251.00,1.0,-1,-1,-1
474,23,1098.00,1087.00,212.00,187.00,1.0,-1,-1,-1
474,22,297.00,1122.00,722.00,1018.00,1.0,-1,-1,-1
474,21,1970.00,892.00,1866.00,1260.00,1.0,-1,-1,-1
475,23,1098.00,1094.00,211.00,186.00,1.0,-1,-1,-1
475,22,270.00,1125.00,735.00,1031.00,1.0,-1,-1,-1
475,21,1967.00,890.00,1868.00,1264.00,1.0,-1,-1,-1
476,23,1098.00,1100.00,212.00,188.00,1.0,-1,-1,-1
476,22,255.00,1127.00,743.00,1033.00,1.0,-1,-1,-1
476,21,1966.00,882.00,1868.00,1271.00,1.0,-1,-1,-1
477,23,1093.00,1106.00,216.00,191.00,1.0,-1,-1,-1
477,22,231.00,1133.00,757.00,1029.00,1.0,-1,-1,-1
477,21,1970.00,880.00,1866.00,1275.00,1.0,-1,-1,-1
478,23,1092.00,1113.00,217.00,192.00,1.0,-1,-1,-1
478,22,208.00,1145.00,773.00,1028.00,1.0,-1,-1,-1
478,21,1970.00,882.00,1865.00,1276.00,1.0,-1,-1,-1
479,23,1095.00,1119.00,216.00,190.00,1.0,-1,-1,-1
479,22,180.00,1153.00,789.00,1025.00,1.0,-1,-1,-1
479,21,1973.00,880.00,1863.00,1278.00,1.0,-1,-1,-1
480,23,1092.00,1125.00,218.00,190.00,1.0,-1,-1,-1
480,22,146.00,1162.00,807.00,1017.00,1.0,-1,-1,-1
480,21,1973.00,876.00,1862.00,1281.00,1.0,-1,-1,-1
481,23,1090.00,1130.00,220.00,190.00,1.0,-1,-1,-1
481,22,124.00,1170.00,822.00,1007.00,1.0,-1,-1,-1
481,21,1972.00,872.00,1863.00,1285.00,1.0,-1,-1,-1
482,23,1088.00,1136.00,224.00,193.00,1.0,-1,-1,-1
482,22,105.00,1181.00,835.00,998.00,1.0,-1,-1,-1
482,21,1973.00,871.00,1862.00,1287.00,1.0,-1,-1,-1
483,23,1087.00,1143.00,226.00,194.00,1.0,-1,-1,-1
483,22,81.00,1191.00,851.00,989.00,1.0,-1,-1,-1
483,21,1969.00,861.00,1864.00,1294.00,1.0,-1,-1,-1
484,23,1083.00,1149.00,233.00,197.00,1.0,-1,-1,-1
484,22,54.00,1198.00,865.00,977.00,1.0,-1,-1,-1
484,21,1969.00,852.00,1864.00,1301.00,1.0,-1,-1,-1
485,23,1080.00,1154.00,237.00,200.00,1.0,-1,-1,-1
485,22,31.00,1209.00,872.00,965.00,1.0,-1,-1,-1
485,21,1964.00,843.00,1868.00,1309.00,1.0,-1,-1,-1
486,23,1079.00,1161.00,240.00,202.00,1.0,-1,-1,-1
486,22,7.00,1221.00,884.00,954.00,1.0,-1,-1,-1
486,21,1956.00,842.00,1873.00,1313.00,1.0,-1,-1,-1
487,23,1077.00,1169.00,242.00,202.00,1.0,-1,-1,-1
487,22,-4.00,1234.00,891.00,939.00,1.0,-1,-1,-1
487,21,1952.00,833.00,1877.00,1321.00,1.0,-1,-1,-1
488,23,1072.00,1177.00,246.00,203.00,1.0,-1,-1,-1
488,22,-11.00,1247.00,890.00,930.00,1.0,-1,-1,-1
488,21,1950.00,829.00,1880.00,1326.00,1.0,-1,-1,-1
489,23,1070.00,1186.00,247.00,204.00,1.0,-1,-1,-1
489,22,-17.00,1259.00,886.00,918.00,1.0,-1,-1,-1
489,21,1951.00,822.00,1880.00,1332.00,1.0,-1,-1,-1
490,23,1070.00,1190.00,247.00,206.00,1.0,-1,-1,-1
490,22,-19.00,1273.00,880.00,904.00,1.0,-1,-1,-1
490,21,1954.00,821.00,1879.00,1335.00,1.0,-1,-1,-1
491,23,1069.00,1196.00,247.00,208.00,1.0,-1,-1,-1
491,22,-21.00,1287.00,873.00,891.00,1.0,-1,-1,-1
491,21,1949.00,818.00,1882.00,1339.00,1.0,-1,-1,-1
492,23,1069.00,1205.00,246.00,207.00,1.0,-1,-1,-1
492,22,-23.00,1299.00,861.00,873.00,1.0,-1,-1,-1
492,21,1954.00,819.00,1879.00,1339.00,1.0,-1,-1,-1
493,23,1067.00,1214.00,249.00,209.00,1.0,-1,-1,-1
493,22,-24.00,1316.00,850.00,858.00,1.0,-1,-1,-1
493,21,1959.00,817.00,1876.00,1341.00,1.0,-1,-1,-1
494,23,1062.00,1223.00,252.00,212.00,1.0,-1,-1,-1
494,22,-25.00,1333.00,836.00,845.00,1.0,-1,-1,-1
494,21,1963.00,815.00,1873.00,1344.00,1.0,-1,-1,-1
495,23,1058.00,1232.00,256.00,215.00,1.0,-1,-1,-1
495,22,-26.00,1346.00,821.00,833.00,1.0,-1,-1,-1
495,21,1966.00,814.00,1870.00,1345.00,1.0,-1,-1,-1
496,23,1056.00,1239.00,259.00,217.00,1.0,-1,-1,-1
496,22,-27.00,1363.00,806.00,817.00,1.0,-1,-1,-1
496,21,1969.00,812.00,1867.00,1347.00,1.0,-1,-1,-1
497,23,1051.00,1246.00,263.00,220.00,1.0,-1,-1,-1
497,21,1968.00,808.00,1866.00,1350.00,1.0,-1,-1,-1
498,23,1045.00,1256.00,267.00,223.00,1.0,-1,-1,-1
498,21,1976.00,794.00,1860.00,1359.00,1.0,-1,-1,-1
499,23,1044.00,1264.00,270.00,227.00,1.0,-1,-1,-1
499,21,1974.00,797.00,1860.00,1360.00,1.0,-1,-1,-1
500,23,1042.00,1273.00,271.00,229.00,1.0,-1,-1,-1
500,21,1980.00,787.00,1856.00,1367.00,1.0,-1,-1,-1
501,23,1041.00,1277.00,271.00,234.00,1.0,-1,-1,-1
501,21,1983.00,782.00,1853.00,1372.00,1.0,-1,-1,-1
502,23,1038.00,1288.00,274.00,237.00,1.0,-1,-1,-1
502,21,1985.00,779.00,1851.00,1376.00,1.0,-1,-1,-1
503,23,1035.00,1298.00,278.00,240.00,1.0,-1,-1,-1
503,21,1985.00,777.00,1850.00,1379.00,1.0,-1,-1,-1
504,23,1027.00,1309.00,285.00,243.00,1.0,-1,-1,-1
504,21,1985.00,772.00,1849.00,1384.00,1.0,-1,-1,-1
505,23,1026.00,1320.00,287.00,243.00,1.0,-1,-1,-1
505,21,1983.00,769.00,1850.00,1388.00,1.0,-1,-1,-1
506,23,1023.00,1327.00,291.00,248.00,1.0,-1,-1,-1
506,21,1982.00,769.00,1851.00,1389.00,1.0,-1,-1,-1
507,23,1024.00,1340.00,293.00,253.00,1.0,-1,-1,-1
507,21,1982.00,766.00,1851.00,1392.00,1.0,-1,-1,-1
508,23,1023.00,1350.00,294.00,254.00,1.0,-1,-1,-1
508,21,1980.00,767.00,1853.00,1392.00,1.0,-1,-1,-1
509,23,1021.00,1362.00,296.00,257.00,1.0,-1,-1,-1
509,21,1981.00,768.00,1852.00,1392.00,1.0,-1,-1,-1
510,23,1014.00,1373.00,302.00,263.00,1.0,-1,-1,-1
510,21,1980.00,765.00,1852.00,1394.00,1.0,-1,-1,-1
511,23,1010.00,1385.00,306.00,267.00,1.0,-1,-1,-1
511,21,1980.00,765.00,1852.00,1395.00,1.0,-1,-1,-1
512,23,1004.00,1396.00,310.00,272.00,1.0,-1,-1,-1
512,21,1979.00,763.00,1853.00,1396.00,1.0,-1,-1,-1
513,23,999.00,1408.00,314.00,275.00,1.0,-1,-1,-1
513,21,1978.00,762.00,1854.00,1397.00,1.0,-1,-1,-1
514,23,1000.00,1420.00,318.00,279.00,1.0,-1,-1,-1
514,21,1976.00,762.00,1855.00,1398.00,1.0,-1,-1,-1
515,23,997.00,1432.00,320.00,282.00,1.0,-1,-1,-1
515,21,1978.00,763.00,1854.00,1398.00,1.0,-1,-1,-1
516,23,993.00,1443.00,323.00,290.00,1.0,-1,-1,-1
516,21,1976.00,761.00,1855.00,1399.00,1.0,-1,-1,-1
517,23,987.00,1458.00,329.00,296.00,1.0,-1,-1,-1
517,21,1976.00,762.00,1856.00,1399.00,1.0,-1,-1,-1
518,23,983.00,1479.00,332.00,300.00,1.0,-1,-1,-1
518,21,1976.00,763.00,1856.00,1398.00,1.0,-1,-1,-1
519,23,982.00,1491.00,333.00,304.00,1.0,-1,-1,-1
519,21,1977.00,763.00,1855.00,1398.00,1.0,-1,-1,-1
520,23,975.00,1503.00,338.00,307.00,1.0,-1,-1,-1
520,21,1977.00,763.00,1855.00,1398.00,1.0,-1,-1,-1
521,23,965.00,1513.00,346.00,317.00,1.0,-1,-1,-1
521,21,1978.00,763.00,1854.00,1398.00,1.0,-1,-1,-1
522,23,962.00,1536.00,351.00,321.00,1.0,-1,-1,-1
522,21,1977.00,764.00,1855.00,1397.00,1.0,-1,-1,-1
523,23,960.00,1554.00,353.00,327.00,1.0,-1,-1,-1
523,21,1977.00,763.00,1855.00,1398.00,1.0,-1,-1,-1
524,23,951.00,1572.00,361.00,330.00,1.0,-1,-1,-1
524,21,1975.00,760.00,1856.00,1400.00,1.0,-1,-1,-1
525,23,940.00,1583.00,370.00,340.00,1.0,-1,-1,-1
525,21,1974.00,760.00,1857.00,1400.00,1.0,-1,-1,-1
526,23,932.00,1593.00,377.00,353.00,1.0,-1,-1,-1
526,21,1970.00,761.00,1861.00,1400.00,1.0,-1,-1,-1
527,23,924.00,1603.00,384.00,367.00,1.0,-1,-1,-1
527,21,1968.00,759.00,1863.00,1401.00,1.0,-1,-1,-1
528,23,914.00,1635.00,390.00,365.00,1.0,-1,-1,-1
528,21,1969.00,760.00,1863.00,1401.00,1.0,-1,-1,-1
529,23,909.00,1661.00,396.00,366.00,1.0,-1,-1,-1
529,21,1963.00,754.00,1868.00,1404.00,1.0,-1,-1,-1
530,23,903.00,1682.00,403.00,374.00,1.0,-1,-1,-1
530,21,1961.00,752.00,1870.00,1407.00,1.0,-1,-1,-1
531,23,894.00,1699.00,410.00,383.00,1.0,-1,-1,-1
531,21,1962.00,753.00,1870.00,1407.00,1.0,-1,-1,-1
532,23,888.00,1724.00,413.00,386.00,1.0,-1,-1,-1
532,21,1960.00,751.00,1872.00,1408.00,1.0,-1,-1,-1
533,23,878.00,1756.00,421.00,386.00,1.0,-1,-1,-1
533,21,1959.00,751.00,1873.00,1409.00,1.0,-1,-1,-1
534,23,867.00,1781.00,429.00,381.00,1.0,-1,-1,-1
534,21,1957.00,752.00,1875.00,1409.00,1.0,-1,-1,-1
535,23,865.00,1807.00,431.00,370.00,1.0,-1,-1,-1
535,21,1957.00,750.00,1876.00,1410.00,1.0,-1,-1,-1
536,23,856.00,1824.00,435.00,354.00,1.0,-1,-1,-1
536,21,1957.00,749.00,1876.00,1411.00,1.0,-1,-1,-1
537,23,848.00,1846.00,440.00,335.00,1.0,-1,-1,-1
537,21,1953.00,748.00,1879.00,1412.00,1.0,-1,-1,-1
538,21,1956.00,747.00,1878.00,1413.00,1.0,-1,-1,-1
