0,1,531.53,226.96,33.639999999999986,36.650000000000006,1,1,1.0
0,2,672.12,286.21,53.72000000000003,56.23000000000002,1,1,1.0
0,3,814.21,377.09,92.38,75.31,1,1,1.0
0,4,703.25,224.45,35.139999999999986,29.620000000000005,1,1,1.0
0,5,647.01,187.3,36.14999999999998,45.17999999999998,1,2,1.0
1,1,530.53,227.46,33.639999999999986,36.66,1,1,1.0
1,2,671.11,284.96,53.73000000000002,56.23000000000002,1,1,1.0
1,3,811.2,372.57,92.38,75.32,1,1,1.0
1,4,702.24,223.7,35.14999999999998,29.620000000000005,1,1,1.0
1,5,646.26,187.3,36.14999999999998,45.17999999999998,1,2,1.0
2,1,529.52,227.96,33.639999999999986,36.66,1,1,1.0
2,2,670.11,283.7,53.72000000000003,56.24000000000001,1,1,1.0
2,3,808.19,368.06,92.38999999999999,75.31,1,1,1.0
2,4,701.24,222.95,35.14999999999998,29.620000000000005,1,1,1.0
2,5,645.51,187.3,36.14999999999998,45.17999999999998,1,2,1.0
3,1,528.52,228.47,33.639999999999986,36.650000000000006,1,1,1.0
3,2,669.11,282.45,53.72000000000003,56.23000000000002,1,1,1.0
3,3,805.18,363.55,92.3900000000001,75.31,1,1,1.0
3,4,700.24,222.2,35.139999999999986,29.620000000000005,1,1,1.0
3,5,644.76,187.3,36.14999999999998,45.19,1,2,1.0
4,1,527.52,228.97,33.639999999999986,36.650000000000006,1,1,1.0
4,2,668.1,281.19,53.73000000000002,56.24000000000001,1,1,1.0
4,3,802.17,359.03,92.38999999999999,75.32000000000005,1,1,1.0
4,4,699.23,221.44,35.14999999999998,29.629999999999995,1,1,1.0
4,5,644.0,187.3,36.14999999999998,45.19,1,2,1.0
5,1,526.52,229.47,33.639999999999986,36.650000000000006,1,1,1.0
5,2,667.1,279.94,53.73000000000002,56.24000000000001,1,1,1.0
5,3,799.17,354.52,92.38,75.32,1,1,1.0
5,4,698.23,220.69,35.14999999999998,29.620000000000005,1,1,1.0
5,5,643.25,187.3,36.14999999999998,45.19,1,2,1.0
6,1,526.52,234.48,33.639999999999986,36.66,1,1,1.0
6,2,664.59,276.18,53.73000000000002,56.23000000000002,1,1,1.0
6,3,791.6,349.5,87.39999999999998,66.5,1,1,1.0
6,4,696.98,219.44,35.139999999999986,29.620000000000005,1,1,1.0
6,5,644.5,187.3,34.89999999999998,41.39999999999998,1,2,1.0
7,1,524.84,235.84,34.26999999999998,37.28,1,1,1.0
7,2,663.34,272.42,53.719999999999914,56.22999999999996,1,1,1.0
7,3,789.09,344.48,87.39999999999998,66.5,1,1,1.0
7,4,696.35,218.71,34.84000000000003,29.19999999999999,1,1,1.0
7,5,644.29,187.09,34.690000000000055,40.879999999999995,1,2,1.0
8,1,523.17,237.19,34.889999999999986,37.920000000000016,1,1,1.0
8,2,662.77,270.48,53.14999999999998,55.66999999999996,1,1,1.0
8,3,786.13,340.84,85.24000000000001,64.56,1,1,1.0
8,4,695.72,217.98,34.52999999999997,28.78,1,1,1.0
8,5,644.08,186.88,34.49000000000001,40.360000000000014,1,2,1.0
9,1,521.5,238.55,35.51999999999998,38.539999999999964,1,1,1.0
9,2,662.2,268.54,52.57999999999993,55.099999999999966,1,1,1.0
9,3,783.17,337.2,83.07000000000005,62.620000000000005,1,1,1.0
9,4,695.1,217.26,34.20999999999992,28.350000000000023,1,1,1.0
9,5,643.87,186.68,34.27999999999997,39.829999999999984,1,2,1.0
10,1,519.83,239.9,36.139999999999986,39.17999999999998,1,1,1.0
10,2,661.63,266.6,52.00999999999999,54.52999999999997,1,1,1.0
10,3,780.2,333.56,80.91999999999996,60.670000000000016,1,1,1.0
10,4,694.47,216.53,33.90999999999997,27.939999999999998,1,1,1.0
10,5,643.66,186.47,34.07000000000005,39.31,1,2,1.0
11,1,518.16,241.26,36.75999999999999,39.80000000000001,1,1,1.0
11,2,661.06,264.66,51.440000000000055,53.95999999999998,1,1,1.0
11,3,777.24,329.91,78.75,58.73999999999995,1,1,1.0
11,4,693.84,215.8,33.60000000000002,27.519999999999982,1,1,1.0
11,5,643.46,186.27,33.84999999999991,38.76999999999998,1,2,1.0
12,1,516.49,242.62,37.379999999999995,40.43000000000001,1,1,1.0
12,2,660.49,262.73,50.870000000000005,53.389999999999986,1,1,1.0
12,3,774.28,326.27,76.58000000000004,56.79000000000002,1,1,1.0
12,4,693.22,215.07,33.27999999999997,27.099999999999994,1,1,1.0
12,5,643.25,186.06,33.64999999999998,38.25,1,2,1.0
13,1,514.81,243.97,38.020000000000095,41.059999999999974,1,1,1.0
13,2,659.92,260.79,50.30000000000007,52.81999999999999,1,1,1.0
13,3,771.31,322.63,74.43000000000006,54.85000000000002,1,1,1.0
13,4,692.59,214.35,32.969999999999914,26.670000000000016,1,1,1.0
13,5,643.04,185.86,33.440000000000055,37.72,1,2,1.0
14,1,513.14,245.33,38.639999999999986,41.68999999999997,1,1,1.0
14,2,659.35,258.85,49.72000000000003,52.25,1,1,1.0
14,3,768.35,318.99,72.25999999999999,52.89999999999998,1,1,1.0
14,4,691.96,213.62,32.66999999999996,26.25,1,1,1.0
14,5,642.83,185.65,33.229999999999905,37.19999999999999,1,2,1.0
15,1,511.47,246.68,39.25999999999999,42.31999999999999,1,1,1.0
15,2,658.78,256.91,49.14999999999998,51.69,1,1,1.0
15,3,765.39,315.34,70.10000000000002,50.97000000000003,1,1,1.0
15,4,691.34,212.89,32.35000000000002,25.830000000000013,1,1,1.0
15,5,642.62,185.44,33.01999999999998,36.68000000000001,1,2,1.0
16,1,509.8,248.04,39.89000000000004,42.95000000000002,1,1,1.0
16,2,658.21,254.97,48.57999999999993,51.119999999999976,1,1,1.0
16,3,762.42,311.7,67.94000000000005,49.02000000000004,1,1,1.0
16,4,690.71,212.16,32.039999999999964,25.409999999999997,1,1,1.0
16,5,642.41,185.24,32.82000000000005,36.14999999999998,1,2,1.0
17,1,508.13,249.39,40.50999999999999,43.58000000000004,1,1,1.0
17,2,657.64,253.03,48.00999999999999,50.54999999999998,1,1,1.0
17,3,759.46,308.06,65.76999999999998,47.079999999999984,1,1,1.0
17,4,690.08,211.44,31.729999999999905,24.97999999999999,1,1,1.0
17,5,642.2,185.03,32.6099999999999,35.629999999999995,1,2,1.0
18,6,758.51,580.11,167.99,139.89,1,1,1.0
18,7,956.59,456.0,256.9999999999999,235.69000000000005,1,3,1.0
18,1,506.46,250.75,41.13000000000005,44.20999999999998,1,1,1.0
18,2,657.07,251.09,47.43999999999994,49.97999999999999,1,1,1.0
18,3,756.5,304.42,63.610000000000014,45.129999999999995,1,1,1.0
18,4,689.46,210.71,31.41999999999996,24.560000000000002,1,1,1.0
18,5,641.99,184.83,32.39999999999998,35.099999999999994,1,2,1.0
19,6,753.12,566.44,163.88,142.26,1,1,1.0
19,7,945.93,446.84,246.73000000000013,225.79000000000002,1,3,1.0
19,1,504.33,253.38,42.14000000000004,45.70999999999998,1,1,1.0
19,2,656.32,249.59,46.93999999999994,49.47999999999999,1,1,1.0
19,3,754.37,301.03,63.23000000000002,44.89000000000004,1,1,1.0
19,4,688.83,210.21,31.039999999999964,24.439999999999998,1,1,1.0
20,6,747.73,552.77,159.76999999999998,144.63,1,1,1.0
20,7,935.28,437.68,236.45000000000005,215.90000000000003,1,3,1.0
20,1,502.19,256.02,43.150000000000034,47.210000000000036,1,1,1.0
20,2,655.57,248.09,46.43999999999994,48.97,1,1,1.0
20,3,752.24,297.64,62.85000000000002,44.639999999999986,1,1,1.0
20,4,688.2,209.71,30.66999999999996,24.310000000000002,1,1,1.0
21,6,742.34,539.1,155.0,138.72000000000003,1,1,1.0
21,7,924.62,428.53,226.17999999999995,205.99,1,3,1.0
21,1,500.06,258.65,44.160000000000025,48.72000000000003,1,1,1.0
21,2,654.82,246.59,45.93999999999994,48.47,1,1,1.0
21,3,750.1,294.25,62.48000000000002,44.39999999999998,1,1,1.0
21,4,687.57,209.22,30.289999999999964,24.169999999999987,1,1,1.0
22,6,736.95,525.43,150.2299999999999,132.80000000000007,1,1,1.0
22,7,913.96,419.37,215.89999999999986,196.10000000000002,1,3,1.0
22,1,497.93,261.29,45.160000000000025,50.21999999999997,1,1,1.0
22,2,654.06,245.09,45.440000000000055,47.96000000000001,1,1,1.0
22,3,747.97,290.87,62.10000000000002,44.139999999999986,1,1,1.0
22,4,686.95,208.72,29.909999999999968,24.039999999999992,1,1,1.0
23,6,731.56,511.76,145.45000000000005,126.88999999999999,1,1,1.0
23,7,903.31,410.21,205.62000000000012,186.2,1,3,1.0
23,1,495.8,263.92,46.170000000000016,51.71999999999997,1,1,1.0
23,2,653.31,243.59,44.940000000000055,47.45000000000002,1,1,1.0
23,3,745.84,287.48,61.719999999999914,43.89999999999998,1,1,1.0
23,4,686.32,208.22,29.529999999999973,23.919999999999987,1,1,1.0
24,6,726.16,498.08,140.69000000000005,120.97999999999996,1,1,1.0
24,7,892.65,401.06,195.35000000000002,176.29000000000002,1,3,1.0
24,1,493.67,266.56,47.18000000000001,53.21999999999997,1,1,1.0
24,2,652.56,242.09,44.440000000000055,46.95000000000002,1,1,1.0
24,3,743.71,284.09,61.33999999999992,43.650000000000034,1,1,1.0
24,4,685.69,207.72,29.159999999999968,23.789999999999992,1,1,1.0
25,6,720.77,484.41,135.92000000000007,115.07,1,1,1.0
25,7,882.0,391.9,185.06999999999994,166.39999999999998,1,3,1.0
25,1,491.54,269.19,48.18000000000001,54.73000000000002,1,1,1.0
25,2,651.81,240.59,43.940000000000055,46.43999999999997,1,1,1.0
25,3,741.58,280.7,60.95999999999992,43.410000000000025,1,1,1.0
25,4,685.07,207.22,28.779999999999973,23.659999999999997,1,1,1.0
26,6,715.38,470.74,131.14999999999998,109.14999999999998,1,1,1.0
26,7,871.34,382.74,174.79000000000008,156.5,1,3,1.0
26,1,489.41,271.83,49.19,56.22000000000003,1,1,1.0
26,2,651.06,239.09,43.440000000000055,45.93999999999997,1,1,1.0
26,3,739.45,277.31,60.57999999999993,43.160000000000025,1,1,1.0
26,4,684.44,206.73,28.399999999999977,23.53,1,1,1.0
27,6,709.99,457.07,126.37,103.23999999999995,1,1,1.0
27,7,860.68,373.59,164.5200000000001,146.60000000000008,1,3,1.0
27,1,487.28,274.47,50.190000000000055,57.71999999999997,1,1,1.0
27,2,650.3,237.59,42.950000000000045,45.42999999999998,1,1,1.0
27,3,737.32,273.93,60.19999999999993,42.89999999999998,1,1,1.0
27,4,683.81,206.23,28.030000000000086,23.400000000000006,1,1,1.0
28,6,704.6,443.4,121.60000000000002,97.32000000000005,1,1,1.0
28,7,850.03,364.43,154.24,136.7,1,3,1.0
28,8,1029.3,572.59,248.23000000000002,147.40999999999997,1,3,1.0
28,1,485.15,277.1,51.200000000000045,59.22999999999996,1,1,1.0
28,2,649.55,236.09,42.450000000000045,44.92999999999998,1,1,1.0
28,3,735.19,270.54,59.819999999999936,42.65999999999997,1,1,1.0
28,4,683.19,205.73,27.639999999999986,23.27000000000001,1,1,1.0
29,6,701.3,433.0,117.71000000000004,95.07000000000005,1,1,1.0
29,7,843.97,357.54,149.35000000000002,132.93,1,3,1.0
29,8,1009.12,553.7,269.2299999999999,166.29999999999995,1,3,1.0
29,1,481.38,280.61,52.960000000000036,62.870000000000005,1,1,1.0
29,2,649.43,235.22,41.690000000000055,44.03999999999999,1,1,1.0
29,3,732.18,268.78,58.700000000000045,42.29000000000002,1,1,1.0
29,4,681.81,204.73,27.6400000000001,23.27000000000001,1,1,1.0
30,6,698.0,422.6,113.82000000000005,92.80999999999995,1,1,1.0
30,7,837.91,350.64,144.47000000000003,129.18,1,3,1.0
30,8,988.94,534.82,290.24,185.17999999999995,1,3,1.0
30,1,477.62,284.12,54.710000000000036,66.51999999999998,1,1,1.0
30,2,649.3,234.34,40.940000000000055,43.16999999999999,1,1,1.0
30,3,729.17,267.03,57.58000000000004,41.910000000000025,1,1,1.0
30,4,680.43,203.73,27.6400000000001,23.27000000000001,1,1,1.0
31,6,694.7,412.21,109.92999999999995,90.54000000000002,1,1,1.0
31,7,831.85,343.75,139.59000000000003,125.41000000000003,1,3,1.0
31,8,968.76,515.93,311.24,204.07000000000005,1,3,1.0
31,1,473.86,287.63,56.460000000000036,70.16000000000003,1,1,1.0
31,2,649.18,233.46,40.180000000000064,42.29999999999998,1,1,1.0
31,3,726.16,265.28,56.450000000000045,41.53000000000003,1,1,1.0
31,4,679.05,202.72,27.65000000000009,23.27000000000001,1,1,1.0
32,6,693.79,401.63,106.04000000000008,88.29000000000002,1,1,1.0
32,7,826.39,338.02,134.70000000000005,121.65000000000003,1,3,1.0
32,8,950.73,496.18,294.27,217.96999999999997,1,3,1.0
32,1,470.1,291.14,58.20999999999992,73.81,1,1,1.0
32,2,649.05,232.58,39.430000000000064,41.42999999999998,1,1,1.0
32,3,724.94,263.52,55.32999999999993,41.150000000000034,1,1,1.0
32,4,677.67,201.72,27.65000000000009,23.27000000000001,1,1,1.0
33,6,692.87,391.05,102.14999999999998,86.02999999999997,1,1,1.0
33,7,820.93,332.29,129.81000000000006,117.88999999999999,1,3,1.0
33,8,932.7,476.43,277.29999999999995,231.86999999999995,1,3,1.0
33,1,466.34,294.65,59.95999999999998,77.45000000000005,1,1,1.0
33,2,648.93,231.71,38.67000000000007,40.54999999999998,1,1,1.0
33,3,723.73,261.77,54.18999999999994,40.77000000000004,1,1,1.0
33,4,676.29,200.72,27.65000000000009,23.27000000000001,1,1,1.0
34,6,691.96,385.73,98.25999999999999,83.76999999999998,1,1,1.0
34,7,815.46,327.43,124.92999999999995,114.13,1,3,1.0
34,8,921.68,464.57,262.96000000000015,221.25000000000006,1,3,1.0
34,1,462.58,298.16,61.21999999999997,78.57,1,1,1.0
34,2,648.8,230.83,37.92000000000007,39.67999999999998,1,1,1.0
34,3,722.51,260.02,53.07000000000005,40.39000000000004,1,1,1.0
34,4,675.92,199.71,27.639999999999986,23.28,1,1,1.0
35,6,691.05,380.42,94.36000000000001,81.50999999999999,1,1,1.0
35,7,810.0,322.58,120.03999999999996,110.36000000000001,1,3,1.0
35,8,910.66,452.71,248.62,210.63000000000005,1,3,1.0
35,1,458.82,301.67,62.47999999999996,79.69,1,1,1.0
35,2,648.67,229.95,37.17000000000007,38.80000000000001,1,1,1.0
35,3,721.29,258.26,51.940000000000055,40.01999999999998,1,1,1.0
35,4,675.54,198.71,27.639999999999986,23.269999999999982,1,1,1.0
36,6,690.13,375.1,90.48000000000002,79.25,1,1,1.0
36,7,804.54,317.72,115.16000000000008,106.60999999999996,1,3,1.0
36,8,899.65,440.85,234.2700000000001,200.01,1,3,1.0
36,1,455.06,305.18,63.73999999999995,80.81,1,1,1.0
36,2,648.55,229.07,36.41000000000008,37.93000000000001,1,1,1.0
36,3,720.07,256.51,50.819999999999936,39.639999999999986,1,1,1.0
36,4,675.16,197.71,27.649999999999977,23.269999999999982,1,1,1.0
37,6,689.22,369.78,86.57999999999993,77.0,1,1,1.0
37,7,799.08,312.87,110.26999999999998,102.83999999999997,1,3,1.0
37,8,888.63,428.99,219.92999999999995,189.39,1,3,1.0
37,1,451.3,308.69,64.99999999999994,81.93,1,1,1.0
37,2,648.42,228.2,35.66000000000008,37.05000000000001,1,1,1.0
37,3,718.85,254.75,49.68999999999994,39.26999999999998,1,1,1.0
37,4,674.79,196.7,27.639999999999986,23.28,1,1,1.0
38,6,688.3,364.46,82.70000000000005,74.74000000000001,1,1,1.0
38,7,793.61,308.01,105.38999999999999,99.07999999999998,1,3,1.0
38,8,877.61,417.13,205.59000000000003,178.76999999999998,1,3,1.0
38,1,447.54,312.2,66.25999999999993,83.05000000000001,1,1,1.0
38,2,648.3,227.32,34.90000000000009,36.18000000000001,1,1,1.0
38,3,717.63,253.0,48.57000000000005,38.889999999999986,1,1,1.0
38,4,674.41,195.7,27.649999999999977,23.27000000000001,1,1,1.0
39,6,686.55,360.08,81.44000000000005,73.73000000000002,1,1,1.0
39,7,790.73,305.0,102.38,97.07999999999998,1,3,1.0
39,8,871.34,409.74,196.43999999999994,171.24,1,3,1.0
39,1,441.14,318.72,70.28000000000003,85.67999999999995,1,1,1.0
39,2,647.8,226.82,34.770000000000095,35.80000000000001,1,1,1.0
39,3,716.38,251.37,47.81000000000006,38.639999999999986,1,1,1.0
39,4,673.78,195.33,27.649999999999977,23.269999999999982,1,1,1.0
40,6,684.79,355.69,80.19000000000005,72.73000000000002,1,1,1.0
40,7,787.85,301.99,99.37,95.07,1,3,1.0
40,8,865.07,402.34,187.28999999999985,163.71999999999997,1,3,1.0
40,1,434.75,325.24,74.29000000000002,88.31,1,1,1.0
40,2,647.3,226.31,34.6400000000001,35.43000000000001,1,1,1.0
40,3,715.13,249.74,47.049999999999955,38.389999999999986,1,1,1.0
40,4,673.16,194.95,27.639999999999986,23.27000000000001,1,1,1.0
41,6,683.04,351.3,78.93000000000006,71.72999999999996,1,1,1.0
41,7,784.96,298.98,96.37,93.07,1,3,1.0
41,8,858.8,394.94,178.1400000000001,156.2,1,3,1.0
41,1,428.35,331.76,78.31,90.94999999999999,1,1,1.0
41,2,646.79,225.81,34.51999999999998,35.05000000000001,1,1,1.0
41,3,713.87,248.11,46.299999999999955,38.139999999999986,1,1,1.0
41,4,672.53,194.57,27.639999999999986,23.27000000000001,1,1,1.0
42,6,681.28,346.91,77.68000000000006,70.73999999999995,1,1,1.0
42,7,782.08,295.97,93.36000000000001,91.05999999999995,1,3,1.0
42,8,852.53,387.55,168.99,148.67000000000002,1,3,1.0
42,1,421.96,338.28,82.32,93.58000000000004,1,1,1.0
42,2,646.29,225.31,34.389999999999986,34.670000000000016,1,1,1.0
42,3,712.62,246.48,45.539999999999964,37.890000000000015,1,1,1.0
42,4,671.9,194.2,27.649999999999977,23.27000000000001,1,1,1.0
43,6,679.53,342.52,76.42000000000007,69.74000000000001,1,1,1.0
43,7,779.19,292.96,90.3599999999999,89.06,1,3,1.0
43,8,846.27,380.15,159.83000000000004,141.14999999999998,1,3,1.0
43,1,415.57,344.8,86.32999999999998,96.20999999999998,1,1,1.0
43,2,645.79,224.81,34.25999999999999,34.29000000000002,1,1,1.0
43,3,711.37,244.85,44.77999999999997,37.640000000000015,1,1,1.0
43,4,671.28,193.82,27.639999999999986,23.27000000000001,1,1,1.0
44,6,677.77,338.14,75.17000000000007,68.73000000000002,1,1,1.0
44,7,776.31,289.95,87.35000000000002,87.05000000000001,1,3,1.0
44,8,840.0,372.75,153.67999999999995,138.64999999999998,1,3,1.0
44,1,409.17,351.32,90.34999999999997,98.84000000000003,1,1,1.0
44,2,645.29,224.31,34.129999999999995,33.910000000000025,1,1,1.0
44,3,710.11,243.22,44.02999999999997,37.390000000000015,1,1,1.0
44,4,670.65,193.44,27.639999999999986,23.28,1,1,1.0
45,6,676.02,333.75,73.90999999999997,67.73000000000002,1,1,1.0
45,7,773.43,286.93,84.34000000000003,85.06,1,3,1.0
45,8,833.73,365.36,147.52999999999997,136.14,1,3,1.0
45,1,402.78,357.84,94.36000000000001,101.47000000000003,1,1,1.0
45,2,644.79,223.81,34.0,33.52999999999997,1,1,1.0
45,3,708.86,241.59,43.26999999999998,37.150000000000006,1,1,1.0
45,4,670.02,193.07,27.649999999999977,23.27000000000001,1,1,1.0
46,6,674.26,329.36,72.65999999999997,66.72999999999996,1,1,1.0
46,7,770.54,283.92,81.34000000000003,83.06,1,3,1.0
46,8,827.46,357.96,141.38,133.64000000000004,1,3,1.0
46,1,396.39,364.36,98.37,104.11000000000001,1,1,1.0
46,2,644.29,223.31,33.870000000000005,33.14999999999998,1,1,1.0
46,3,707.6,239.96,42.50999999999999,36.900000000000006,1,1,1.0
46,4,669.4,192.69,27.639999999999986,23.27000000000001,1,1,1.0
47,6,672.51,324.97,71.39999999999998,65.72999999999996,1,1,1.0
47,7,767.66,280.91,78.33000000000004,81.04999999999995,1,3,1.0
47,8,821.19,350.56,135.2299999999999,131.14,1,3,1.0
47,1,389.99,370.88,102.38999999999999,106.74000000000001,1,1,1.0
47,2,643.79,222.8,33.74000000000001,32.78,1,1,1.0
47,3,706.35,238.33,41.75,36.650000000000006,1,1,1.0
47,4,668.77,192.32,27.639999999999986,23.27000000000001,1,1,1.0
48,6,670.75,320.58,70.14999999999998,64.73000000000002,1,1,1.0
48,7,764.78,277.9,75.32000000000005,79.05000000000001,1,3,1.0
48,8,814.92,343.17,129.08000000000004,128.63,1,3,1.0
48,1,383.6,377.4,106.39999999999998,109.37,1,1,1.0
48,2,643.28,222.3,33.620000000000005,32.39999999999998,1,1,1.0
48,3,705.1,236.7,40.99000000000001,36.400000000000034,1,1,1.0
48,4,668.14,191.94,27.649999999999977,23.27000000000001,1,1,1.0
49,6,669.5,317.45,69.26999999999998,63.60000000000002,1,1,1.0
49,7,762.14,275.52,74.45000000000005,77.92000000000002,1,3,1.0
49,8,810.66,338.78,124.94000000000005,125.37,1,3,1.0
49,1,371.34,386.46,113.27000000000004,120.65000000000003,1,1,1.0
49,2,642.78,221.3,33.620000000000005,32.39999999999998,1,1,1.0
49,3,704.22,235.7,40.370000000000005,36.02000000000004,1,1,1.0
49,4,667.64,191.69,27.649999999999977,23.27000000000001,1,1,1.0
50,6,668.24,314.32,68.39999999999998,62.47000000000003,1,1,1.0
50,7,759.5,273.14,73.57000000000005,76.79000000000002,1,3,1.0
50,8,806.4,334.39,120.80000000000007,122.11000000000001,1,3,1.0
50,1,359.07,395.52,120.15000000000003,131.93000000000006,1,1,1.0
50,2,642.28,220.3,33.620000000000005,32.389999999999986,1,1,1.0
50,3,703.34,234.7,39.75,35.639999999999986,1,1,1.0
50,4,667.14,191.44,27.639999999999986,23.27000000000001,1,1,1.0
51,6,666.99,311.18,67.51999999999998,61.349999999999966,1,1,1.0
51,7,756.86,270.76,72.69999999999993,75.66000000000003,1,3,1.0
51,8,802.14,330.0,116.65999999999997,118.85000000000002,1,3,1.0
51,1,346.81,404.59,127.01999999999998,143.2,1,1,1.0
51,2,641.78,219.29,33.620000000000005,32.400000000000006,1,1,1.0
51,3,702.47,233.69,39.129999999999995,35.26999999999998,1,1,1.0
51,4,666.64,191.19,27.639999999999986,23.27000000000001,1,1,1.0
52,6,665.74,308.05,66.63999999999999,60.21999999999997,1,1,1.0
52,7,754.23,268.37,71.80999999999995,74.54000000000002,1,3,1.0
52,8,797.87,325.62,112.52999999999997,115.57999999999998,1,3,1.0
52,1,334.55,413.65,133.89,154.48000000000002,1,1,1.0
52,2,641.28,218.29,33.610000000000014,32.400000000000006,1,1,1.0
52,3,701.59,232.69,38.50999999999999,34.889999999999986,1,1,1.0
52,4,666.14,190.94,27.639999999999986,23.27000000000001,1,1,1.0
53,6,664.48,304.91,65.76999999999998,59.099999999999966,1,1,1.0
53,7,751.59,265.99,70.93999999999994,73.40999999999997,1,3,1.0
53,8,793.61,321.23,108.38999999999999,112.32,1,3,1.0
53,1,322.29,422.71,140.76,165.77000000000004,1,1,1.0
53,2,640.78,217.29,33.610000000000014,32.400000000000006,1,1,1.0
53,3,700.71,231.69,37.889999999999986,34.50999999999999,1,1,1.0
53,4,665.63,190.69,27.649999999999977,23.27000000000001,1,1,1.0
54,6,663.23,301.78,64.88999999999999,57.97000000000003,1,1,1.0
54,7,748.95,263.61,70.05999999999995,72.27999999999997,1,3,1.0
54,8,789.35,316.84,104.25,109.06,1,3,1.0
54,1,310.02,431.77,147.64000000000004,177.05000000000007,1,1,1.0
54,2,640.28,216.29,33.610000000000014,32.390000000000015,1,1,1.0
54,3,699.83,230.68,37.26999999999998,34.139999999999986,1,1,1.0
54,4,665.13,190.44,27.649999999999977,23.27000000000001,1,1,1.0
55,6,661.98,298.65,64.00999999999999,56.83000000000004,1,1,1.0
55,7,746.31,261.23,69.19000000000005,71.14999999999998,1,3,1.0
55,8,785.09,312.45,100.11000000000001,105.80000000000001,1,3,1.0
55,1,297.76,440.84,154.51,188.32,1,1,1.0
55,2,639.77,215.28,33.620000000000005,32.400000000000006,1,1,1.0
55,3,698.95,229.68,36.64999999999998,33.75999999999999,1,1,1.0
55,4,664.63,190.19,27.649999999999977,23.27000000000001,1,1,1.0
56,6,660.72,295.51,63.139999999999986,55.710000000000036,1,1,1.0
56,7,743.68,258.85,68.30000000000007,70.01999999999998,1,3,1.0
56,8,780.82,308.07,95.9799999999999,102.53000000000003,1,3,1.0
56,1,285.5,449.9,161.38,199.60000000000002,1,1,1.0
56,2,639.27,214.28,33.620000000000005,32.400000000000006,1,1,1.0
56,3,698.08,228.68,36.01999999999998,33.379999999999995,1,1,1.0
56,4,664.13,189.93,27.639999999999986,23.28,1,1,1.0
57,6,659.47,292.38,62.25999999999999,54.579999999999984,1,1,1.0
57,7,741.04,256.47,67.43000000000006,68.88999999999999,1,3,1.0
57,8,776.56,303.68,91.84000000000003,99.26999999999998,1,3,1.0
57,1,259.96,470.7,181.53000000000003,217.8,1,1,1.0
57,2,638.77,213.28,33.620000000000005,32.389999999999986,1,1,1.0
57,3,697.2,227.68,35.39999999999998,33.0,1,1,1.0
57,4,663.63,189.68,27.639999999999986,23.28,1,1,1.0
58,6,658.21,289.24,61.389999999999986,53.45999999999998,1,1,1.0
58,7,738.4,254.09,66.55000000000007,67.76000000000002,1,3,1.0
58,8,772.3,299.29,87.70000000000005,96.00999999999999,1,3,1.0
58,1,234.41,491.5,201.69000000000003,215.90999999999997,1,1,1.0
58,2,638.27,212.27,33.620000000000005,32.39999999999998,1,1,1.0
58,3,696.32,226.67,34.77999999999997,32.630000000000024,1,1,1.0
59,6,657.46,287.49,60.379999999999995,52.579999999999984,1,1,1.0
59,7,736.77,252.33,65.03999999999996,67.25999999999996,1,3,1.0
59,8,769.67,296.53,85.69000000000005,94.26000000000005,1,3,1.0
59,1,213.1,491.5,223.00000000000003,228.5,1,1,1.0
59,2,637.77,211.65,33.610000000000014,32.389999999999986,1,1,1.0
59,3,695.32,225.54,34.14999999999998,32.51000000000002,1,1,1.0
60,6,656.71,285.73,59.370000000000005,51.70999999999998,1,1,1.0
60,7,735.14,250.58,63.52999999999997,66.74999999999997,1,3,1.0
60,8,767.03,293.77,83.69000000000005,92.50999999999999,1,3,1.0
60,1,215.47,525.3,200.63000000000002,193.30000000000007,1,1,1.0
60,2,637.27,211.02,33.610000000000014,32.39999999999998,1,1,1.0
60,3,694.32,224.42,33.51999999999998,32.380000000000024,1,1,1.0
61,6,655.96,283.98,58.360000000000014,50.829999999999984,1,1,1.0
61,7,733.51,248.82,62.01999999999998,66.25,1,3,1.0
61,8,764.4,291.02,81.68000000000006,90.75,1,3,1.0
61,1,166.5,557.4,234.60000000000002,159.80000000000007,1,1,1.0
61,2,636.77,210.39,33.610000000000014,32.400000000000006,1,1,1.0
61,3,693.31,223.29,32.90000000000009,32.26000000000002,1,1,1.0
62,6,655.21,282.22,57.34999999999991,49.95999999999998,1,1,1.0
62,7,731.88,247.07,60.51999999999998,65.74000000000001,1,3,1.0
62,8,761.77,288.26,79.67000000000007,89.0,1,3,1.0
62,1,176.2,576.8,213.60000000000002,139.0,1,1,1.0
62,2,636.26,209.77,33.620000000000005,32.389999999999986,1,1,1.0
62,3,692.31,222.16,32.270000000000095,32.140000000000015,1,1,1.0
63,6,654.45,280.47,56.34999999999991,49.079999999999984,1,1,1.0
63,7,730.25,245.31,59.00999999999999,65.24000000000001,1,3,1.0
63,8,759.14,285.5,77.65999999999997,87.25,1,3,1.0
63,1,154.6,593.9,225.4,120.50999999999999,1,1,1.0
63,2,635.76,209.14,33.620000000000005,32.400000000000006,1,1,1.0
63,3,691.31,221.03,31.6400000000001,32.02000000000001,1,1,1.0
64,6,653.7,278.71,55.33999999999992,48.210000000000036,1,1,1.0
64,7,728.62,243.55,57.5,64.74000000000001,1,3,1.0
64,8,756.5,282.74,75.65999999999997,85.5,1,3,1.0
64,1,161.79,622.3,194.41,97.70000000000005,1,1,1.0
64,2,635.26,208.51,33.620000000000005,32.400000000000006,1,1,1.0
64,3,690.3,219.9,31.020000000000095,31.900000000000006,1,1,1.0
65,6,652.95,276.96,54.32999999999993,47.33000000000004,1,1,1.0
65,7,726.99,241.8,55.99000000000001,64.22999999999996,1,3,1.0
65,8,753.87,279.98,73.64999999999998,83.75,1,3,1.0
65,1,153.65,677.3,147.35,42.700000000000045,1,1,1.0
65,2,634.76,207.89,33.620000000000005,32.390000000000015,1,1,1.0
65,3,689.3,218.77,30.3900000000001,31.78,1,1,1.0
66,6,652.2,275.2,53.319999999999936,46.460000000000036,1,1,1.0
66,7,725.36,240.04,54.48000000000002,63.72999999999999,1,3,1.0
66,8,751.24,277.23,71.63999999999999,81.99000000000001,1,3,1.0
66,2,634.26,207.26,33.610000000000014,32.400000000000006,1,1,1.0
66,3,688.3,217.65,29.75999999999999,31.650000000000006,1,1,1.0
67,6,651.44,273.45,52.319999999999936,45.579999999999984,1,1,1.0
67,7,723.73,238.29,52.97000000000003,63.22,1,3,1.0
67,8,748.61,274.47,69.63,80.23999999999995,1,3,1.0
67,2,633.76,206.63,33.610000000000014,32.400000000000006,1,1,1.0
67,3,687.3,216.52,29.129999999999995,31.53,1,1,1.0
68,6,650.69,271.69,51.309999999999945,44.70999999999998,1,1,1.0
68,7,722.1,236.53,51.45999999999992,62.72,1,3,1.0
68,8,745.97,271.71,67.63,78.49000000000001,1,3,1.0
68,2,633.25,206.0,33.620000000000005,32.400000000000006,1,1,1.0
68,3,686.29,215.39,28.50999999999999,31.410000000000025,1,1,1.0
69,6,650.07,270.02,50.889999999999986,44.08000000000004,1,1,1.0
69,7,717.09,236.53,51.45999999999992,62.72,1,3,1.0
69,8,738.45,270.46,67.63,78.49000000000001,1,3,1.0
69,2,633.25,205.48,33.309999999999945,32.09,1,1,1.0
69,3,685.56,214.87,28.510000000000105,31.409999999999997,1,1,1.0
70,6,649.44,268.35,50.479999999999905,43.44999999999999,1,1,1.0
70,7,715.95,235.51,50.19999999999993,61.910000000000025,1,3,1.0
70,8,736.86,268.52,66.59000000000003,77.58000000000004,1,3,1.0
70,2,633.25,204.96,32.99000000000001,31.78,1,1,1.0
70,3,684.83,214.34,28.50999999999999,31.419999999999987,1,1,1.0
71,6,648.81,266.68,50.07000000000005,42.81999999999999,1,1,1.0
71,7,714.81,234.48,48.950000000000045,61.12000000000003,1,3,1.0
71,8,735.26,266.58,65.57000000000005,76.67000000000002,1,3,1.0
71,2,633.25,204.44,32.67999999999995,31.460000000000008,1,1,1.0
71,3,684.1,213.82,28.50999999999999,31.409999999999997,1,1,1.0
72,6,648.19,265.01,49.639999999999986,42.19,1,1,1.0
72,7,713.67,233.45,47.690000000000055,60.329999999999984,1,3,1.0
72,8,733.66,264.64,64.54000000000008,75.75999999999999,1,3,1.0
72,2,633.25,203.92,32.360000000000014,31.150000000000006,1,1,1.0
72,3,683.37,213.3,28.5,31.409999999999997,1,1,1.0
73,6,647.56,263.33,49.23000000000002,41.56999999999999,1,1,1.0
73,7,712.53,232.43,46.440000000000055,59.52999999999997,1,3,1.0
73,8,732.07,262.71,63.50999999999999,74.84000000000003,1,3,1.0
73,2,633.25,203.39,32.049999999999955,30.840000000000003,1,1,1.0
73,3,682.64,212.78,28.5,31.409999999999997,1,1,1.0
74,6,646.93,261.66,48.82000000000005,40.94,1,1,1.0
74,7,711.39,231.4,45.180000000000064,58.72999999999999,1,3,1.0
74,8,730.47,260.77,62.48000000000002,73.93,1,3,1.0
74,2,633.25,202.87,31.74000000000001,30.53,1,1,1.0
74,3,681.91,212.26,28.5,31.409999999999997,1,1,1.0
75,6,646.3,259.99,48.41000000000008,40.31,1,1,1.0
75,7,710.25,230.37,43.92999999999995,57.94,1,3,1.0
75,8,728.88,258.83,61.450000000000045,73.02000000000004,1,3,1.0
75,2,633.25,202.35,31.41999999999996,30.22,1,1,1.0
75,3,681.17,211.73,28.50999999999999,31.409999999999997,1,1,1.0
76,6,645.68,258.32,47.99000000000001,39.68000000000001,1,1,1.0
76,7,709.11,229.35,42.66999999999996,57.140000000000015,1,3,1.0
76,8,727.28,256.89,60.42000000000007,72.11000000000001,1,3,1.0
76,2,633.25,201.83,31.110000000000014,29.899999999999977,1,1,1.0
76,3,680.44,211.21,28.50999999999999,31.409999999999997,1,1,1.0
77,6,645.05,256.65,47.57000000000005,39.05000000000001,1,1,1.0
77,7,707.97,228.32,41.41999999999996,56.35000000000002,1,3,1.0
77,8,725.69,254.96,59.389999999999986,71.18999999999997,1,3,1.0
77,2,633.25,201.3,30.789999999999964,29.599999999999994,1,1,1.0
77,3,679.71,210.69,28.50999999999999,31.409999999999997,1,1,1.0
78,6,644.42,254.98,47.16000000000008,38.41999999999999,1,1,1.0
78,7,706.83,227.29,40.15999999999997,55.54999999999998,1,3,1.0
78,8,724.09,253.02,58.360000000000014,70.28,1,3,1.0
78,3,678.98,210.17,28.50999999999999,31.410000000000025,1,1,1.0
79,6,643.8,253.31,46.74000000000001,37.79000000000002,1,1,1.0
79,7,705.69,226.27,38.90999999999997,54.74999999999997,1,3,1.0
79,8,722.5,251.08,57.33000000000004,69.36999999999998,1,3,1.0
80,6,643.17,251.63,46.33000000000004,37.170000000000016,1,1,1.0
80,7,704.55,225.24,37.65000000000009,53.95999999999998,1,3,1.0
80,8,720.9,249.14,56.30000000000007,68.46000000000004,1,3,1.0
80,9,908.95,377.02,366.06999999999994,342.98,1,2,1.0
81,6,642.92,250.51,45.58000000000004,36.53000000000003,1,1,1.0
81,7,703.54,224.11,37.530000000000086,53.329999999999984,1,3,1.0
81,8,719.4,247.76,55.29000000000008,67.07999999999998,1,3,1.0
81,9,900.3,370.62,375.97,349.38,1,2,1.0
82,6,642.67,249.38,44.83000000000004,35.89999999999998,1,1,1.0
82,7,702.54,222.98,37.40000000000009,52.70000000000002,1,3,1.0
82,8,717.89,246.38,54.289999999999964,65.69999999999999,1,3,1.0
82,9,891.65,364.23,385.86,355.77,1,2,1.0
83,6,642.42,248.25,44.08000000000004,35.26999999999998,1,1,1.0
83,7,701.53,221.85,37.29000000000008,52.07000000000002,1,3,1.0
83,8,716.39,245.01,53.27999999999997,64.31,1,3,1.0
83,9,883.0,357.84,395.76,362.16,1,2,1.0
84,6,642.17,247.12,43.33000000000004,34.639999999999986,1,1,1.0
84,7,700.53,220.72,37.16000000000008,51.440000000000026,1,3,1.0
84,8,714.88,243.63,52.27999999999997,62.93000000000001,1,3,1.0
84,9,874.35,351.44,405.65,368.56,1,2,1.0
85,6,641.92,245.99,42.58000000000004,34.00999999999999,1,1,1.0
85,7,699.52,219.6,37.039999999999964,50.79999999999998,1,3,1.0
85,8,713.38,242.25,51.26999999999998,61.55000000000001,1,3,1.0
85,9,850.7,335.0,419.8899999999999,382.05999999999995,1,2,1.0
86,6,641.67,244.86,41.83000000000004,33.379999999999995,1,1,1.0
86,7,698.52,218.47,36.90999999999997,50.16999999999999,1,3,1.0
86,8,711.87,240.87,50.26999999999998,60.170000000000016,1,3,1.0
86,9,845.05,330.62,401.68000000000006,365.05999999999995,1,2,1.0
87,6,641.42,243.74,41.08000000000004,32.74000000000001,1,1,1.0
87,7,697.51,217.34,36.789999999999964,49.53999999999999,1,3,1.0
87,8,710.37,239.49,49.25999999999999,58.789999999999964,1,3,1.0
87,9,839.4,326.23,383.4599999999999,348.05999999999995,1,2,1.0
88,6,641.17,242.61,40.33000000000004,32.110000000000014,1,1,1.0
88,7,696.51,216.21,36.65999999999997,48.91,1,3,1.0
88,8,708.87,238.11,48.25,57.40999999999997,1,3,1.0
88,9,833.75,321.85,365.25,331.04999999999995,1,2,1.0
89,6,640.91,241.48,39.59000000000003,31.47999999999999,1,1,1.0
89,7,695.5,215.08,36.549999999999955,48.28,1,3,1.0
89,8,707.36,236.73,47.25,56.03,1,3,1.0
89,9,828.1,317.46,333.1,308.84,1,2,1.0
90,6,640.66,240.35,38.84000000000003,30.849999999999994,1,1,1.0
90,8,705.86,235.35,46.24000000000001,54.650000000000006,1,3,1.0
90,9,822.45,313.08,318.45000000000005,299.12000000000006,1,2,1.0
91,6,640.04,239.1,38.83000000000004,30.849999999999994,1,1,1.0
91,8,704.6,233.72,46.25,54.650000000000006,1,3,1.0
91,9,817.68,308.94,303.5200000000001,285.96,1,2,1.0
92,6,639.41,237.84,38.84000000000003,30.849999999999994,1,1,1.0
92,8,703.35,232.09,46.24000000000001,54.650000000000006,1,3,1.0
92,9,812.92,304.8,288.58000000000004,272.8,1,2,1.0
93,6,638.78,236.59,38.84000000000003,30.849999999999994,1,1,1.0
93,8,702.1,230.46,46.24000000000001,54.650000000000006,1,3,1.0
93,9,803.14,291.9,267.06000000000006,255.10000000000002,1,2,1.0
94,6,638.16,235.34,38.83000000000004,30.849999999999994,1,1,1.0
94,8,700.84,228.83,46.25,54.650000000000006,1,3,1.0
94,9,799.1,289.01,258.4599999999999,248.86,1,2,1.0
95,6,637.53,234.08,38.84000000000003,30.849999999999994,1,1,1.0
95,8,699.59,227.2,46.24000000000001,54.650000000000034,1,3,1.0
95,9,795.05,286.13,249.86000000000013,242.61,1,2,1.0
96,6,636.9,232.83,38.84000000000003,30.849999999999994,1,1,1.0
96,8,698.33,225.57,46.25,54.650000000000034,1,3,1.0
96,9,791.0,283.24,241.26999999999998,236.37,1,2,1.0
97,6,636.28,231.58,38.83000000000004,30.840000000000003,1,1,1.0
97,8,697.08,223.94,46.24000000000001,54.64999999999998,1,3,1.0
97,9,786.95,280.36,232.67999999999995,230.13,1,2,1.0
98,6,635.65,230.32,38.84000000000003,30.850000000000023,1,1,1.0
98,8,695.83,222.31,46.24000000000001,54.64999999999998,1,3,1.0
98,9,782.9,277.47,224.09000000000003,223.89,1,2,1.0
99,6,635.02,229.07,38.84000000000003,30.850000000000023,1,1,1.0
99,8,694.57,220.68,46.25,54.64999999999998,1,3,1.0
99,9,778.85,274.59,215.49,217.64000000000004,1,2,1.0
100,6,634.4,227.81,38.83000000000004,30.850000000000023,1,1,1.0
100,8,693.32,219.05,46.239999999999895,54.64999999999998,1,3,1.0
100,9,774.81,271.7,206.8900000000001,211.40000000000003,1,2,1.0
100,10,756.0,547.52,180.52999999999997,169.24,1,1,1.0
101,6,634.02,226.94,38.84000000000003,30.850000000000023,1,1,1.0
101,8,692.57,218.55,45.620000000000005,53.39999999999998,1,3,1.0
101,9,771.67,269.07,198.80000000000007,200.95999999999998,1,2,1.0
101,10,749.69,531.14,173.89,163.23000000000002,1,1,1.0
102,6,633.64,226.06,38.84000000000003,30.850000000000023,1,1,1.0
102,8,691.81,218.05,45.0,52.14999999999998,1,3,1.0
102,9,768.54,266.43,190.69000000000005,190.54000000000002,1,2,1.0
102,10,743.38,514.76,167.24,157.21000000000004,1,1,1.0
103,6,633.27,225.18,38.83000000000004,30.849999999999966,1,1,1.0
103,8,691.06,217.55,44.370000000000005,50.89999999999998,1,3,1.0
103,9,765.4,263.8,182.60000000000002,180.09999999999997,1,2,1.0
103,10,737.08,498.38,160.58999999999992,151.19000000000005,1,1,1.0
104,6,632.89,224.3,38.84000000000003,30.849999999999994,1,1,1.0
104,8,690.31,217.05,43.75,49.64999999999998,1,3,1.0
104,9,762.27,261.17,177.47000000000003,175.62,1,2,1.0
104,10,733.15,486.77,153.95000000000005,145.18000000000006,1,1,1.0
105,6,632.52,223.43,38.83000000000004,30.849999999999994,1,1,1.0
105,8,689.56,216.55,43.120000000000005,48.39999999999998,1,3,1.0
105,9,759.14,258.54,172.35000000000002,171.13,1,2,1.0
105,10,729.23,475.17,147.30999999999995,139.15000000000003,1,1,1.0
106,6,632.14,222.55,38.84000000000003,30.849999999999994,1,1,1.0
106,8,688.81,216.05,42.5,47.14999999999998,1,3,1.0
106,9,756.0,255.9,167.23000000000002,166.66,1,2,1.0
106,10,725.31,463.56,140.66000000000008,133.14000000000004,1,1,1.0
107,6,631.76,221.67,38.84000000000003,30.850000000000023,1,1,1.0
107,8,688.05,215.54,41.879999999999995,45.91,1,3,1.0
107,9,752.87,253.27,162.10000000000002,162.17,1,2,1.0
107,10,721.38,451.95,134.01999999999998,127.12000000000006,1,1,1.0
108,6,631.39,220.79,38.83000000000004,30.849999999999994,1,1,1.0
108,8,687.3,215.04,41.25,44.66,1,3,1.0
108,9,749.73,250.64,156.98000000000002,157.69,1,2,1.0
108,10,717.46,440.35,127.37,121.10000000000002,1,1,1.0
109,6,631.01,219.92,38.84000000000003,30.850000000000023,1,1,1.0
109,8,686.55,214.54,40.629999999999995,43.41,1,3,1.0
109,9,746.6,248.01,151.86,153.2,1,2,1.0
109,10,713.54,428.74,120.73000000000002,115.08000000000004,1,1,1.0
110,8,685.8,214.04,40.0,42.16,1,3,1.0
110,9,743.46,245.37,146.74,148.73000000000002,1,2,1.0
110,10,709.62,417.13,114.08000000000004,109.07000000000005,1,1,1.0
111,8,685.42,213.41,39.129999999999995,41.91,1,3,1.0
111,9,742.09,244.12,143.4699999999999,145.33999999999997,1,2,1.0
111,10,706.98,410.74,111.82999999999993,105.92999999999995,1,1,1.0
112,8,685.04,212.79,38.25999999999999,41.650000000000006,1,3,1.0
112,9,740.71,242.87,140.20999999999992,141.95,1,2,1.0
112,10,704.35,404.35,109.56999999999994,102.78999999999996,1,1,1.0
113,8,684.67,212.16,37.379999999999995,41.400000000000006,1,3,1.0
113,9,739.33,241.61,136.94999999999993,138.57,1,2,1.0
113,10,701.72,397.95,107.30999999999995,99.66000000000003,1,1,1.0
114,8,684.29,211.53,36.50999999999999,41.150000000000006,1,3,1.0
114,9,737.95,240.36,133.68999999999994,135.18,1,2,1.0
114,10,699.08,391.56,105.05999999999995,96.51999999999998,1,1,1.0
115,8,683.92,210.91,35.629999999999995,40.890000000000015,1,3,1.0
115,9,736.57,239.1,130.42999999999995,131.79999999999998,1,2,1.0
115,10,696.45,385.17,102.79999999999995,93.38,1,1,1.0
116,8,683.54,210.28,34.75999999999999,40.639999999999986,1,3,1.0
116,9,735.19,237.85,127.16999999999996,128.41,1,2,1.0
116,10,693.82,378.77,100.53999999999996,90.25,1,1,1.0
117,8,683.16,209.65,33.889999999999986,40.389999999999986,1,3,1.0
117,9,733.81,236.6,123.91000000000008,125.02000000000001,1,2,1.0
117,10,691.19,372.38,98.27999999999997,87.11000000000001,1,1,1.0
118,8,682.79,209.03,33.00999999999999,40.129999999999995,1,3,1.0
118,9,732.43,235.34,120.65000000000009,121.64000000000001,1,2,1.0
118,10,688.55,365.98,96.03000000000009,83.97999999999996,1,1,1.0
119,8,682.41,208.4,32.139999999999986,39.879999999999995,1,3,1.0
119,9,731.05,234.09,117.3900000000001,118.24999999999997,1,2,1.0
119,10,685.92,359.59,93.7700000000001,80.84000000000003,1,1,1.0
120,9,729.67,232.84,114.13,114.85999999999999,1,2,1.0
120,10,683.29,353.2,91.50999999999999,77.69999999999999,1,1,1.0
120,11,916.47,498.62,180.52999999999997,125.37,1,1,1.0
121,9,728.04,230.96,112.25,113.60999999999999,1,2,1.0
121,10,681.78,349.06,89.88999999999999,76.19999999999999,1,1,1.0
121,11,904.32,484.46,167.63,116.33999999999997,1,1,1.0
122,9,726.41,229.08,110.37,112.35999999999999,1,2,1.0
122,10,680.28,344.92,88.25999999999999,74.69999999999999,1,1,1.0
122,11,892.16,470.3,154.74000000000012,107.32,1,1,1.0
123,9,724.78,227.19,108.49000000000001,111.12,1,2,1.0
123,10,678.77,340.78,86.63999999999999,73.20000000000005,1,1,1.0
123,11,884.7,460.83,149.65999999999985,104.56,1,1,1.0
124,9,723.15,225.31,106.61000000000001,109.87,1,2,1.0
124,10,677.27,336.65,85.00999999999999,71.69,1,1,1.0
124,11,877.24,451.37,144.59000000000003,101.78999999999996,1,1,1.0
125,9,721.52,223.43,104.73000000000002,108.62,1,2,1.0
125,10,675.77,332.51,83.38,70.19,1,1,1.0
125,11,869.78,441.9,139.51,99.04000000000008,1,1,1.0
126,9,719.9,221.55,102.84000000000003,107.37,1,2,1.0
126,10,674.26,328.37,81.75999999999999,68.69,1,1,1.0
126,11,862.32,432.43,134.42999999999995,96.28000000000003,1,1,1.0
127,9,718.27,219.67,100.96000000000004,106.12000000000003,1,2,1.0
127,10,672.76,324.24,80.13,67.18,1,1,1.0
127,11,854.86,422.97,129.35000000000002,93.50999999999999,1,1,1.0
128,9,716.64,217.79,99.08000000000004,104.87000000000003,1,2,1.0
128,10,671.25,320.1,78.50999999999999,65.67999999999995,1,1,1.0
128,11,847.4,413.5,124.27999999999997,90.75,1,1,1.0
129,9,715.01,215.91,97.20000000000005,103.61999999999998,1,2,1.0
129,10,669.75,315.96,76.88,64.18,1,1,1.0
129,11,839.94,404.03,119.19999999999993,88.0,1,1,1.0
130,9,713.38,214.03,95.32000000000005,102.36999999999998,1,2,1.0
130,10,668.24,311.83,75.25999999999999,62.670000000000016,1,1,1.0
130,11,832.48,394.57,114.12,85.23000000000002,1,1,1.0
131,9,712.37,213.66,94.20000000000005,100.10999999999999,1,2,1.0
131,10,667.49,309.07,74.25,61.920000000000016,1,1,1.0
131,11,828.21,389.3,110.74000000000001,82.97999999999996,1,1,1.0
132,9,711.37,213.28,93.07000000000005,97.85999999999999,1,2,1.0
132,10,666.74,306.31,73.24000000000001,61.170000000000016,1,1,1.0
132,11,823.95,384.04,107.34999999999991,80.71999999999997,1,1,1.0
133,9,710.37,212.9,91.93999999999994,95.60999999999999,1,2,1.0
133,10,665.99,303.55,72.23000000000002,60.420000000000016,1,1,1.0
133,11,819.69,378.77,103.95999999999992,78.47000000000003,1,1,1.0
134,9,709.36,212.53,90.81999999999994,93.35,1,2,1.0
134,10,665.23,300.79,71.23000000000002,59.66999999999996,1,1,1.0
134,11,815.43,373.51,100.57000000000005,76.21000000000004,1,1,1.0
135,9,708.36,212.15,89.68999999999994,91.1,1,2,1.0
135,10,664.48,298.03,70.22000000000003,58.920000000000016,1,1,1.0
135,11,811.16,368.24,97.19000000000005,73.95999999999998,1,1,1.0
136,9,707.36,211.77,88.55999999999995,88.85,1,2,1.0
136,10,663.73,295.28,69.21000000000004,58.160000000000025,1,1,1.0
136,11,806.9,362.98,93.80000000000007,71.69999999999999,1,1,1.0
137,9,706.36,211.4,87.42999999999995,86.59,1,2,1.0
137,10,662.98,292.52,68.19999999999993,57.410000000000025,1,1,1.0
137,11,802.64,357.71,90.40999999999997,69.45000000000005,1,1,1.0
138,9,705.35,211.02,86.30999999999995,84.34,1,2,1.0
138,10,662.23,289.76,67.18999999999994,56.660000000000025,1,1,1.0
138,11,798.38,352.44,87.01999999999998,67.19999999999999,1,1,1.0
139,9,704.35,210.65,85.17999999999995,82.08000000000001,1,2,1.0
139,10,661.47,287.0,66.18999999999994,55.910000000000025,1,1,1.0
139,11,794.11,347.18,83.63999999999999,64.94,1,1,1.0
140,6,629.38,202.74,28.75999999999999,27.129999999999995,1,1,1.0
140,7,664.36,190.21,22.74000000000001,26.289999999999992,1,3,1.0
140,8,670.75,199.0,28.75,37.099999999999994,1,3,1.0
140,9,703.35,210.27,84.04999999999995,79.83000000000001,1,2,1.0
140,10,660.72,284.24,65.17999999999995,55.15999999999997,1,1,1.0
140,11,789.85,341.91,80.25,62.69,1,1,1.0
140,12,1115.81,632.77,160.47000000000003,86.5,1,1,1.0
141,6,629.38,202.74,28.25999999999999,26.629999999999995,1,1,1.0
141,7,664.36,190.21,22.74000000000001,26.289999999999992,1,3,1.0
141,8,670.75,199.0,28.25,36.099999999999994,1,3,1.0
141,9,702.34,209.64,81.92999999999995,78.83000000000004,1,2,1.0
141,10,660.09,282.61,63.67999999999995,54.15999999999997,1,1,1.0
141,11,786.72,338.53,78.74000000000001,61.93000000000001,1,1,1.0
141,12,1080.8,591.0,194.97000000000003,129.0,1,1,1.0
142,6,629.38,202.74,27.75,26.139999999999986,1,1,1.0
142,7,664.36,190.21,22.74000000000001,26.289999999999992,1,3,1.0
142,8,670.75,199.0,27.75,35.099999999999994,1,3,1.0
142,9,701.34,209.02,79.79999999999995,77.81999999999996,1,2,1.0
142,10,659.47,280.98,62.16999999999996,53.15999999999997,1,1,1.0
142,11,783.58,335.14,77.24000000000001,61.18000000000001,1,1,1.0
142,12,1064.1,579.6,213.3800000000001,140.39999999999998,1,1,1.0
143,6,629.38,202.74,27.25,25.639999999999986,1,1,1.0
143,7,664.36,190.21,22.74000000000001,26.289999999999992,1,3,1.0
143,8,670.75,199.0,27.25,34.099999999999994,1,3,1.0
143,9,700.34,208.39,77.66999999999996,76.82,1,2,1.0
143,10,658.84,279.35,60.66999999999996,52.15999999999997,1,1,1.0
143,11,780.45,331.76,75.7299999999999,60.420000000000016,1,1,1.0
143,12,1045.0,564.2,232.0,155.79999999999995,1,1,1.0
144,6,629.38,202.74,26.74000000000001,25.139999999999986,1,1,1.0
144,7,664.36,190.21,22.74000000000001,26.289999999999992,1,3,1.0
144,8,670.75,199.0,26.75,33.099999999999994,1,3,1.0
144,9,699.33,207.76,75.54999999999995,75.82,1,2,1.0
144,10,658.21,277.73,59.16999999999996,51.14999999999998,1,1,1.0
144,11,777.31,328.37,74.23000000000002,59.670000000000016,1,1,1.0
144,12,1026.5,543.9,250.02999999999997,176.10000000000002,1,1,1.0
145,6,629.38,202.74,26.24000000000001,24.649999999999977,1,1,1.0
145,7,664.36,190.21,22.74000000000001,26.289999999999992,1,3,1.0
145,8,670.75,199.0,26.25,32.099999999999994,1,3,1.0
145,9,698.33,207.14,73.41999999999996,74.81,1,2,1.0
145,10,657.59,276.1,57.65999999999997,50.14999999999998,1,1,1.0
145,11,774.18,324.99,72.72000000000003,58.90999999999997,1,1,1.0
145,12,1004.83,520.9,240.33000000000004,168.48000000000002,1,1,1.0
146,6,629.38,202.74,25.74000000000001,24.149999999999977,1,1,1.0
146,7,664.36,190.21,22.74000000000001,26.289999999999992,1,3,1.0
146,8,670.75,199.0,25.75,31.099999999999994,1,3,1.0
146,9,697.33,206.51,71.28999999999996,73.81,1,2,1.0
146,10,656.96,274.47,56.15999999999997,49.14999999999998,1,1,1.0
146,11,771.05,321.6,71.21000000000004,58.15999999999997,1,1,1.0
146,12,992.17,509.93,230.64,160.84999999999997,1,1,1.0
147,6,629.38,202.74,25.230000000000018,23.649999999999977,1,1,1.0
147,7,664.36,190.21,22.74000000000001,26.289999999999992,1,3,1.0
147,8,670.75,199.0,25.25,30.099999999999994,1,3,1.0
147,9,696.33,205.88,69.15999999999997,72.81,1,2,1.0
147,10,656.33,272.84,54.65999999999997,48.150000000000034,1,1,1.0
147,11,767.91,318.22,69.71000000000004,57.39999999999998,1,1,1.0
147,12,979.51,498.95,220.95000000000005,153.24000000000007,1,1,1.0
148,6,629.38,202.74,24.730000000000018,23.149999999999977,1,1,1.0
148,7,664.36,190.2,22.74000000000001,26.30000000000001,1,3,1.0
148,8,670.75,199.0,24.75,29.099999999999994,1,3,1.0
148,9,695.32,205.26,67.03999999999996,71.80000000000001,1,2,1.0
148,10,655.71,271.21,53.14999999999998,47.150000000000034,1,1,1.0
148,11,764.78,314.84,68.20000000000005,56.64000000000004,1,1,1.0
148,12,966.86,487.98,211.2399999999999,145.61,1,1,1.0
149,9,694.32,204.63,64.90999999999997,70.80000000000001,1,2,1.0
149,10,655.08,269.58,51.64999999999998,46.150000000000034,1,1,1.0
149,11,761.64,311.45,66.70000000000005,55.889999999999986,1,1,1.0
149,12,954.2,477.0,201.54999999999995,138.0,1,1,1.0
150,9,693.32,204.0,62.77999999999997,69.80000000000001,1,2,1.0
150,10,654.45,267.95,50.14999999999998,45.150000000000034,1,1,1.0
150,11,758.51,308.07,65.19000000000005,55.129999999999995,1,1,1.0
150,12,941.55,466.03,191.85000000000014,130.37,1,1,1.0
150,13,767.28,533.73,155.46000000000004,140.40999999999997,1,1,1.0
151,9,692.69,203.88,62.65999999999997,69.17000000000002,1,2,1.0
151,10,654.08,266.57,49.639999999999986,45.150000000000034,1,1,1.0
151,11,756.75,306.06,63.940000000000055,54.00999999999999,1,1,1.0
151,12,933.27,458.38,184.96000000000004,126.86000000000001,1,1,1.0
151,13,759.89,517.85,150.31000000000006,135.26999999999998,1,1,1.0
152,9,692.06,203.75,62.54000000000008,68.55000000000001,1,2,1.0
152,10,653.7,265.19,49.139999999999986,45.14999999999998,1,1,1.0
152,11,755.0,304.05,62.67999999999995,52.889999999999986,1,1,1.0
152,12,925.0,450.73,178.05999999999995,123.35000000000002,1,1,1.0
152,13,752.5,501.97,145.15999999999997,130.14,1,1,1.0
153,9,691.44,203.63,62.40999999999997,67.92000000000002,1,2,1.0
153,10,653.32,263.81,48.639999999999986,45.14999999999998,1,1,1.0
153,11,753.24,302.05,61.42999999999995,51.75999999999999,1,1,1.0
153,12,916.72,443.08,171.17000000000007,119.83999999999997,1,1,1.0
153,13,745.1,486.1,140.01999999999998,124.99000000000001,1,1,1.0
154,9,690.81,203.5,62.29000000000008,67.30000000000001,1,2,1.0
154,10,652.95,262.43,48.129999999999995,45.14999999999998,1,1,1.0
154,11,751.49,300.04,60.16999999999996,50.639999999999986,1,1,1.0
154,12,908.45,435.44,164.26999999999998,116.32,1,1,1.0
154,13,736.28,474.28,134.87,119.85000000000002,1,1,1.0
155,9,690.18,203.38,62.17000000000007,66.67000000000002,1,2,1.0
155,10,652.57,261.05,47.629999999999995,45.14999999999998,1,1,1.0
155,11,749.73,298.04,58.91999999999996,49.50999999999999,1,1,1.0
155,12,900.17,427.79,157.38,112.81,1,1,1.0
155,13,733.29,465.38,129.74,114.71000000000004,1,1,1.0
156,9,689.56,203.25,62.04000000000008,66.05000000000001,1,2,1.0
156,10,652.2,259.67,47.120000000000005,45.14999999999998,1,1,1.0
156,11,747.98,296.03,57.65999999999997,48.39000000000004,1,1,1.0
156,12,891.9,420.14,150.48000000000013,109.30000000000007,1,1,1.0
156,13,730.31,456.49,124.59000000000003,109.55999999999995,1,1,1.0
157,9,688.93,203.12,61.92000000000007,65.43,1,2,1.0
157,10,651.82,258.29,46.620000000000005,45.14999999999998,1,1,1.0
157,11,746.22,294.02,56.40999999999997,47.27000000000004,1,1,1.0
157,12,883.63,412.5,143.58000000000004,105.77999999999997,1,1,1.0
157,13,727.33,447.59,119.44999999999993,104.42000000000002,1,1,1.0
158,9,688.3,203.0,61.80000000000007,64.80000000000001,1,2,1.0
158,10,651.44,256.91,46.11999999999989,45.14999999999998,1,1,1.0
158,11,744.47,292.02,55.14999999999998,46.14000000000004,1,1,1.0
158,12,875.35,404.85,136.68999999999994,102.26999999999998,1,1,1.0
158,13,724.35,438.69,114.29999999999995,99.29000000000002,1,1,1.0
159,9,687.68,202.87,61.67000000000007,64.18,1,2,1.0
159,10,651.07,255.54,45.6099999999999,45.140000000000015,1,1,1.0
159,11,742.71,290.01,53.89999999999998,45.01999999999998,1,1,1.0
159,12,867.08,397.2,129.78999999999996,98.75999999999999,1,1,1.0
159,13,721.37,429.79,109.15999999999997,94.15000000000003,1,1,1.0
160,9,687.05,202.75,61.55000000000007,63.55000000000001,1,2,1.0
160,10,650.69,254.16,45.1099999999999,45.140000000000015,1,1,1.0
160,11,740.96,288.01,52.639999999999986,43.889999999999986,1,1,1.0
160,12,858.8,389.55,122.90000000000009,95.25,1,1,1.0
160,13,718.39,420.89,104.00999999999999,89.00999999999999,1,1,1.0
161,9,687.05,202.75,60.17000000000007,62.670000000000016,1,2,1.0
161,10,650.57,253.53,44.09999999999991,44.01000000000002,1,1,1.0
161,11,739.33,286.38,52.25999999999999,43.389999999999986,1,1,1.0
161,12,853.66,384.54,119.76999999999998,93.10999999999996,1,1,1.0
161,13,715.51,414.38,101.5,86.74000000000001,1,1,1.0
162,9,687.05,202.75,58.79000000000008,61.79000000000002,1,2,1.0
162,10,650.44,252.9,43.09999999999991,42.87999999999997,1,1,1.0
162,11,737.7,284.75,51.879999999999995,42.889999999999986,1,1,1.0
162,12,848.52,379.52,116.63999999999999,90.98000000000002,1,1,1.0
162,13,712.62,407.86,99.0,84.47999999999996,1,1,1.0
163,9,687.05,202.75,57.41000000000008,60.910000000000025,1,2,1.0
163,10,650.32,252.28,42.08999999999992,41.73999999999998,1,1,1.0
163,11,736.07,283.12,51.5,42.389999999999986,1,1,1.0
163,12,843.38,374.51,113.50999999999999,88.84000000000003,1,1,1.0
163,13,709.74,401.34,96.49000000000001,82.22000000000003,1,1,1.0
164,9,687.05,202.75,56.030000000000086,60.02999999999997,1,2,1.0
164,10,650.19,251.65,41.08999999999992,40.609999999999985,1,1,1.0
164,11,734.44,281.49,51.11999999999989,41.889999999999986,1,1,1.0
164,12,838.24,369.49,110.38,86.70999999999998,1,1,1.0
164,13,706.86,394.82,93.98000000000002,79.95999999999998,1,1,1.0
165,9,687.05,202.75,54.65000000000009,59.14999999999998,1,2,1.0
165,10,650.07,251.02,40.07999999999993,39.47999999999999,1,1,1.0
165,11,732.81,279.86,50.74000000000001,41.389999999999986,1,1,1.0
165,12,833.1,364.48,107.25,84.57,1,1,1.0
165,13,703.97,388.3,91.48000000000002,77.69999999999999,1,1,1.0
166,9,687.05,202.75,53.270000000000095,58.26999999999998,1,2,1.0
166,10,649.94,250.4,39.07999999999993,38.34,1,1,1.0
166,11,731.18,278.23,50.360000000000014,40.889999999999986,1,1,1.0
166,12,827.96,359.46,104.12,82.44,1,1,1.0
166,13,701.09,381.78,88.96999999999991,75.44000000000005,1,1,1.0
167,9,687.05,202.75,51.8900000000001,57.389999999999986,1,2,1.0
167,10,649.81,249.77,38.08000000000004,37.21000000000001,1,1,1.0
167,11,729.55,276.6,49.98000000000002,40.389999999999986,1,1,1.0
167,12,822.82,354.45,100.9899999999999,80.30000000000001,1,1,1.0
167,13,698.21,375.26,86.45999999999992,73.18,1,1,1.0
168,9,687.05,202.75,50.50999999999999,56.50999999999999,1,2,1.0
168,10,649.69,249.14,37.069999999999936,36.08000000000004,1,1,1.0
168,11,727.92,274.97,49.60000000000002,39.889999999999986,1,1,1.0
168,12,817.68,349.43,97.86000000000001,78.17000000000002,1,1,1.0
168,13,695.32,368.74,83.95999999999992,70.92000000000002,1,1,1.0
169,9,687.05,202.75,49.129999999999995,55.629999999999995,1,2,1.0
169,10,649.56,248.52,36.07000000000005,34.93999999999997,1,1,1.0
169,11,726.29,273.34,49.22000000000003,39.39000000000004,1,1,1.0
169,12,812.54,344.42,94.73000000000002,76.02999999999997,1,1,1.0
169,13,692.44,362.22,81.44999999999993,68.65999999999997,1,1,1.0
170,9,687.05,202.75,47.75,54.75,1,2,1.0
170,10,649.44,247.89,35.059999999999945,33.81,1,1,1.0
170,11,724.66,271.71,48.84000000000003,38.89000000000004,1,1,1.0
170,12,807.4,339.41,91.60000000000002,73.88999999999999,1,1,1.0
170,13,689.56,355.7,78.94000000000005,66.40000000000003,1,1,1.0
171,9,686.42,202.62,47.50999999999999,54.129999999999995,1,2,1.0
171,10,649.31,246.89,35.06000000000006,33.81,1,1,1.0
171,11,723.66,270.58,48.59000000000003,38.39000000000004,1,1,1.0
171,12,804.65,336.65,89.46000000000004,72.76000000000005,1,1,1.0
171,13,688.43,351.94,76.94000000000005,65.26999999999998,1,1,1.0
172,9,685.8,202.5,47.25,53.5,1,2,1.0
172,10,649.19,245.88,35.059999999999945,33.81,1,1,1.0
172,11,722.65,269.45,48.35000000000002,37.889999999999986,1,1,1.0
172,12,801.89,333.89,87.33000000000004,71.63,1,1,1.0
172,13,687.3,348.18,74.94000000000005,64.13999999999999,1,1,1.0
173,9,685.17,202.37,47.00999999999999,52.879999999999995,1,2,1.0
173,10,649.06,244.88,35.06000000000006,33.81,1,1,1.0
173,11,721.65,268.32,48.10000000000002,37.389999999999986,1,1,1.0
173,12,799.13,331.13,85.20000000000005,70.5,1,1,1.0
173,13,686.17,344.42,72.94000000000005,63.00999999999999,1,1,1.0
174,9,684.54,202.25,46.75999999999999,52.25,1,2,1.0
174,10,648.94,243.88,35.059999999999945,33.81,1,1,1.0
174,11,720.65,267.2,47.85000000000002,36.879999999999995,1,1,1.0
174,12,796.37,328.37,83.07000000000005,69.37,1,1,1.0
174,13,685.04,340.66,70.94000000000005,61.879999999999995,1,1,1.0
175,9,683.91,202.12,46.51999999999998,51.629999999999995,1,2,1.0
175,10,648.81,242.87,35.06000000000006,33.81999999999999,1,1,1.0
175,11,719.65,266.07,47.60000000000002,36.379999999999995,1,1,1.0
175,12,793.61,325.61,80.93999999999994,68.24000000000001,1,1,1.0
175,13,683.92,336.9,68.93000000000006,60.75,1,1,1.0
176,9,683.29,202.0,46.25999999999999,51.0,1,2,1.0
176,10,648.69,241.87,35.059999999999945,33.81,1,1,1.0
176,11,718.64,264.94,47.360000000000014,35.879999999999995,1,1,1.0
176,12,790.85,322.86,78.80999999999995,67.09999999999997,1,1,1.0
176,13,682.79,333.14,66.93000000000006,59.620000000000005,1,1,1.0
177,9,682.66,201.87,46.01999999999998,50.379999999999995,1,2,1.0
177,10,648.56,240.87,35.06000000000006,33.81,1,1,1.0
177,11,717.64,263.81,47.110000000000014,35.379999999999995,1,1,1.0
177,12,788.1,320.1,76.66999999999996,65.96999999999997,1,1,1.0
177,13,681.66,329.38,64.93000000000006,58.49000000000001,1,1,1.0
178,9,682.03,201.74,45.76999999999998,49.76999999999998,1,2,1.0
178,10,648.44,239.87,35.059999999999945,33.81,1,1,1.0
178,11,716.64,262.68,46.860000000000014,34.879999999999995,1,1,1.0
178,12,785.34,317.34,74.53999999999996,64.84000000000003,1,1,1.0
178,13,680.53,325.61,62.930000000000064,57.370000000000005,1,1,1.0
179,9,681.41,201.62,45.51999999999998,49.139999999999986,1,2,1.0
179,10,648.31,238.86,35.06000000000006,33.81,1,1,1.0
179,11,715.63,261.55,46.620000000000005,34.379999999999995,1,1,1.0
179,12,782.58,314.58,72.40999999999997,63.710000000000036,1,1,1.0
179,13,679.4,321.85,60.930000000000064,56.23999999999995,1,1,1.0
180,9,680.78,201.49,45.26999999999998,48.51999999999998,1,2,1.0
180,10,648.18,237.86,35.07000000000005,33.81,1,1,1.0
180,11,714.63,260.43,46.370000000000005,33.870000000000005,1,1,1.0
180,12,779.82,311.82,70.27999999999997,62.579999999999984,1,1,1.0
180,13,678.27,318.09,58.930000000000064,55.110000000000014,1,1,1.0
180,14,1059.39,620.23,214.37999999999988,99.03999999999996,1,1,1.0
181,9,680.78,201.49,44.960000000000036,48.139999999999986,1,2,1.0
181,10,648.18,237.61,34.879999999999995,33.56,1,1,1.0
181,11,714.25,259.92,45.75,33.379999999999995,1,1,1.0
181,12,777.69,309.94,69.14999999999998,61.329999999999984,1,1,1.0
181,13,677.27,315.96,58.30000000000007,53.98000000000002,1,1,1.0
181,14,1037.0,594.8,238.3800000000001,124.84000000000003,1,1,1.0
182,9,680.78,201.49,44.64999999999998,47.76999999999998,1,2,1.0
182,10,648.18,237.36,34.690000000000055,33.30000000000001,1,1,1.0
182,11,713.88,259.42,45.120000000000005,32.879999999999995,1,1,1.0
182,12,775.56,308.06,68.0200000000001,60.079999999999984,1,1,1.0
182,13,676.27,313.83,57.67000000000007,52.85000000000002,1,1,1.0
182,14,1028.1,581.9,244.16000000000008,138.10000000000002,1,1,1.0
183,9,680.78,201.49,44.34000000000003,47.389999999999986,1,2,1.0
183,10,648.18,237.11,34.5,33.05000000000001,1,1,1.0
183,11,713.5,258.92,44.5,32.379999999999995,1,1,1.0
183,12,773.43,306.18,66.8900000000001,58.829999999999984,1,1,1.0
183,13,675.26,311.7,57.049999999999955,51.72000000000003,1,1,1.0
183,14,1012.4,566.5,247.04000000000008,153.24,1,1,1.0
184,9,680.78,201.49,44.01999999999998,47.01999999999998,1,2,1.0
184,10,648.18,236.86,34.32000000000005,32.80000000000001,1,1,1.0
184,11,713.13,258.42,43.870000000000005,31.879999999999995,1,1,1.0
184,12,771.3,304.3,65.75999999999999,57.579999999999984,1,1,1.0
184,13,674.26,309.57,56.41999999999996,50.59000000000003,1,1,1.0
184,14,994.6,550.2,235.55000000000007,163.38,1,1,1.0
185,9,680.78,201.49,43.710000000000036,46.639999999999986,1,2,1.0
185,10,648.18,236.61,34.129999999999995,32.539999999999964,1,1,1.0
185,11,712.75,257.92,43.25,31.379999999999995,1,1,1.0
185,12,769.17,302.42,64.63,56.329999999999984,1,1,1.0
185,13,673.26,307.44,55.789999999999964,49.45999999999998,1,1,1.0
185,14,982.62,538.26,224.09000000000003,156.01,1,1,1.0
186,9,680.78,201.49,43.39999999999998,46.25999999999999,1,2,1.0
186,10,648.18,236.35,33.940000000000055,32.29999999999998,1,1,1.0
186,11,712.37,257.42,42.629999999999995,30.879999999999995,1,1,1.0
186,12,767.03,300.54,63.50999999999999,55.079999999999984,1,1,1.0
186,13,672.26,305.31,55.15999999999997,48.329999999999984,1,1,1.0
186,14,970.65,526.32,212.62,148.63,1,1,1.0
187,9,680.78,201.49,43.09000000000003,45.889999999999986,1,2,1.0
187,10,648.18,236.1,33.75,32.04999999999998,1,1,1.0
187,11,712.0,256.92,42.0,30.379999999999995,1,1,1.0
187,12,764.9,298.66,62.379999999999995,53.829999999999984,1,1,1.0
187,13,671.25,303.17,54.539999999999964,47.20999999999998,1,1,1.0
187,14,958.67,514.38,201.14999999999998,141.26,1,1,1.0
188,9,680.78,201.49,42.76999999999998,45.50999999999999,1,2,1.0
188,10,648.18,235.85,33.57000000000005,31.789999999999992,1,1,1.0
188,11,711.62,256.41,41.379999999999995,29.889999999999986,1,1,1.0
188,12,762.77,296.78,61.25,52.58000000000004,1,1,1.0
188,13,670.25,301.04,53.90999999999997,46.079999999999984,1,1,1.0
188,14,946.69,502.44,189.69000000000005,133.89000000000004,1,1,1.0
189,9,680.78,201.49,42.460000000000036,45.139999999999986,1,2,1.0
189,10,648.18,235.6,33.379999999999995,31.539999999999992,1,1,1.0
189,11,711.25,255.91,40.75,29.390000000000015,1,1,1.0
189,12,760.64,294.9,60.120000000000005,51.33000000000004,1,1,1.0
189,13,669.25,298.91,53.27999999999997,44.94999999999999,1,1,1.0
189,14,934.72,490.5,178.22000000000003,126.50999999999999,1,1,1.0
190,9,680.78,201.49,42.14999999999998,44.75999999999999,1,2,1.0
190,10,648.18,235.35,33.190000000000055,31.289999999999992,1,1,1.0
190,11,710.87,255.41,40.129999999999995,28.890000000000015,1,1,1.0
190,12,758.51,293.02,58.99000000000001,50.08000000000004,1,1,1.0
190,13,668.24,296.78,52.65999999999997,43.82000000000005,1,1,1.0
190,14,922.74,478.56,166.76,119.14000000000004,1,1,1.0
190,15,747.23,489.85,140.40999999999997,134.14,1,1,1.0
191,9,680.78,201.49,41.83000000000004,44.389999999999986,1,2,1.0
191,10,648.18,235.1,33.010000000000105,31.03,1,1,1.0
191,11,709.99,255.03,40.129999999999995,28.640000000000015,1,1,1.0
191,12,757.26,291.76,57.98000000000002,49.460000000000036,1,1,1.0
191,13,667.87,295.15,51.89999999999998,43.57000000000005,1,1,1.0
191,14,915.97,471.17,161.3699999999999,116.24999999999994,1,1,1.0
191,15,744.35,481.07,136.14999999999998,130.26000000000005,1,1,1.0
192,9,680.78,201.49,41.51999999999998,44.00999999999999,1,2,1.0
192,10,648.18,234.85,32.82000000000005,30.78,1,1,1.0
192,11,709.11,254.66,40.129999999999995,28.380000000000024,1,1,1.0
192,12,756.0,290.51,56.98000000000002,48.829999999999984,1,1,1.0
192,13,667.49,293.52,51.14999999999998,43.31999999999999,1,1,1.0
192,14,909.2,463.77,155.98000000000002,113.37,1,1,1.0
192,15,741.46,472.3,131.89,126.36999999999995,1,1,1.0
193,9,680.78,201.49,41.210000000000036,43.639999999999986,1,2,1.0
193,10,648.18,234.6,32.629999999999995,30.52000000000001,1,1,1.0
193,11,708.24,254.28,40.120000000000005,28.130000000000024,1,1,1.0
193,12,754.75,289.26,55.97000000000003,48.19999999999999,1,1,1.0
193,13,667.12,291.89,50.389999999999986,43.06999999999999,1,1,1.0
193,14,902.43,456.37,150.59000000000003,110.49000000000001,1,1,1.0
193,15,738.58,463.52,127.63,122.5,1,1,1.0
194,9,680.78,201.49,40.89999999999998,43.25999999999999,1,2,1.0
194,10,648.18,234.35,32.440000000000055,30.27000000000001,1,1,1.0
194,11,707.36,253.91,40.120000000000005,27.869999999999976,1,1,1.0
194,12,753.5,288.0,54.960000000000036,47.579999999999984,1,1,1.0
194,13,666.74,290.26,49.639999999999986,42.81999999999999,1,1,1.0
194,14,895.66,448.98,145.19999999999993,107.60000000000002,1,1,1.0
194,15,735.7,454.75,123.37,118.61000000000001,1,1,1.0
195,9,680.78,201.49,40.58000000000004,42.889999999999986,1,2,1.0
195,10,648.18,234.1,32.260000000000105,30.02000000000001,1,1,1.0
195,11,706.48,253.53,40.120000000000005,27.619999999999976,1,1,1.0
195,12,752.24,286.75,53.960000000000036,46.94999999999999,1,1,1.0
195,13,666.36,288.63,48.889999999999986,42.56999999999999,1,1,1.0
195,14,888.89,441.58,139.81000000000006,104.71999999999997,1,1,1.0
195,15,732.81,445.97,119.11000000000001,114.73000000000002,1,1,1.0
196,9,680.78,201.49,40.26999999999998,42.50999999999999,1,2,1.0
196,10,648.18,233.85,32.07000000000005,29.76000000000002,1,1,1.0
196,11,705.6,253.15,40.120000000000005,27.369999999999976,1,1,1.0
196,12,750.99,285.5,52.950000000000045,46.31999999999999,1,1,1.0
196,13,665.99,287.0,48.129999999999995,42.31999999999999,1,1,1.0
196,14,882.12,434.18,134.41999999999996,101.83999999999997,1,1,1.0
196,15,729.93,437.19,114.85000000000002,110.84999999999997,1,1,1.0
197,9,680.78,201.49,39.960000000000036,42.139999999999986,1,2,1.0
197,10,648.18,233.6,31.879999999999995,29.51000000000002,1,1,1.0
197,11,704.73,252.78,40.110000000000014,27.109999999999985,1,1,1.0
197,12,749.73,284.24,51.94999999999993,45.69999999999999,1,1,1.0
197,13,665.61,285.37,47.379999999999995,42.06999999999999,1,1,1.0
197,14,875.35,426.79,129.02999999999997,98.94999999999999,1,1,1.0
197,15,727.04,428.42,110.59000000000003,106.95999999999998,1,1,1.0
198,9,680.78,201.49,39.64999999999998,41.75999999999999,1,2,1.0
198,10,648.18,233.35,31.690000000000055,29.26000000000002,1,1,1.0
198,11,703.85,252.4,40.110000000000014,26.859999999999985,1,1,1.0
198,12,748.48,282.99,50.93999999999994,45.06999999999999,1,1,1.0
198,13,665.24,283.74,46.620000000000005,41.81999999999999,1,1,1.0
198,14,868.58,419.39,123.63999999999999,96.07000000000005,1,1,1.0
198,15,724.16,419.64,106.33000000000004,103.08000000000004,1,1,1.0
199,9,680.78,201.49,39.33000000000004,41.389999999999986,1,2,1.0
199,10,648.18,233.1,31.510000000000105,29.00000000000003,1,1,1.0
199,11,702.97,252.03,40.110000000000014,26.599999999999994,1,1,1.0
199,12,747.23,281.74,49.92999999999995,44.44,1,1,1.0
199,13,664.86,282.11,45.870000000000005,41.56999999999999,1,1,1.0
199,14,861.81,411.99,118.25,93.19,1,1,1.0
199,15,721.28,410.87,102.06000000000006,99.19,1,1,1.0
200,9,680.78,201.49,39.01999999999998,41.00999999999999,1,2,1.0
200,10,648.18,232.84,31.32000000000005,28.76000000000002,1,1,1.0
200,11,702.09,251.65,40.110000000000014,26.349999999999994,1,1,1.0
200,12,745.97,280.48,48.92999999999995,43.81999999999999,1,1,1.0
200,13,664.48,280.48,45.120000000000005,41.31999999999999,1,1,1.0
200,14,855.04,404.6,112.86000000000001,90.29999999999995,1,1,1.0
200,15,718.39,402.09,97.81000000000006,95.31,1,1,1.0
201,9,680.78,201.61,38.389999999999986,40.889999999999986,1,2,1.0
201,10,648.18,232.84,30.82000000000005,28.01000000000002,1,1,1.0
201,11,701.72,251.02,39.85000000000002,25.72,1,1,1.0
201,12,744.72,279.35,48.67999999999995,43.06999999999999,1,1,1.0
201,13,663.86,279.35,45.110000000000014,40.69,1,1,1.0
201,14,850.4,399.46,109.85000000000002,88.17000000000002,1,1,1.0
201,15,716.39,396.95,95.55000000000007,92.68,1,1,1.0
202,9,680.78,201.73,37.75999999999999,40.77000000000001,1,2,1.0
202,10,648.18,232.84,30.32000000000005,27.26000000000002,1,1,1.0
202,11,701.34,250.4,39.610000000000014,25.090000000000003,1,1,1.0
202,12,743.47,278.22,48.42999999999995,42.31999999999999,1,1,1.0
202,13,663.23,278.23,45.110000000000014,40.049999999999955,1,1,1.0
202,14,845.76,394.32,106.84000000000003,86.04000000000002,1,1,1.0
202,15,714.38,391.81,93.29999999999995,90.05000000000001,1,1,1.0
203,9,680.78,201.86,37.129999999999995,40.639999999999986,1,2,1.0
203,10,648.18,232.84,29.82000000000005,26.51000000000002,1,1,1.0
203,11,700.96,249.77,39.360000000000014,24.460000000000008,1,1,1.0
203,12,742.21,277.1,48.18999999999994,41.56,1,1,1.0
203,13,662.6,277.1,45.110000000000014,39.41999999999996,1,1,1.0
203,14,841.13,389.18,103.82000000000005,83.90999999999997,1,1,1.0
203,15,712.38,386.67,91.03999999999996,87.41999999999996,1,1,1.0
204,9,680.78,201.98,36.5,40.52000000000001,1,2,1.0
204,10,648.18,232.84,29.32000000000005,25.76000000000002,1,1,1.0
204,11,700.59,249.14,39.110000000000014,23.83000000000004,1,1,1.0
204,12,740.96,275.97,47.93999999999994,40.809999999999945,1,1,1.0
204,13,661.98,275.97,45.10000000000002,38.789999999999964,1,1,1.0
204,14,836.49,384.04,100.80999999999995,81.77999999999997,1,1,1.0
204,15,710.37,381.53,88.78999999999996,84.79000000000002,1,1,1.0
205,9,680.78,202.1,35.870000000000005,40.400000000000006,1,2,1.0
205,10,648.18,232.84,28.82000000000005,25.01000000000002,1,1,1.0
205,11,700.21,248.52,38.860000000000014,23.200000000000017,1,1,1.0
205,12,739.71,274.84,47.68999999999994,40.06,1,1,1.0
205,13,661.35,274.84,45.10000000000002,38.160000000000025,1,1,1.0
205,14,831.85,378.9,97.79999999999995,79.65000000000003,1,1,1.0
205,15,708.36,376.39,86.53999999999996,82.16000000000003,1,1,1.0
206,10,648.18,232.84,28.32000000000005,24.26000000000002,1,1,1.0
206,11,699.84,247.89,38.60000000000002,22.569999999999993,1,1,1.0
206,12,738.45,273.71,47.44999999999993,39.31,1,1,1.0
206,13,660.72,273.71,45.10000000000002,37.53000000000003,1,1,1.0
206,14,827.21,373.76,94.78999999999996,77.51999999999998,1,1,1.0
206,15,706.36,371.25,84.27999999999997,79.52999999999997,1,1,1.0
207,10,648.18,232.84,27.82000000000005,23.51000000000002,1,1,1.0
207,11,699.46,247.26,38.360000000000014,21.939999999999998,1,1,1.0
207,12,737.2,272.58,47.19999999999993,38.56,1,1,1.0
207,13,660.1,272.58,45.09000000000003,36.900000000000034,1,1,1.0
207,14,822.57,368.62,91.77999999999997,75.38999999999999,1,1,1.0
207,15,704.35,366.11,82.02999999999997,76.89999999999998,1,1,1.0
208,10,648.18,232.84,27.32000000000005,22.75999999999999,1,1,1.0
208,11,699.08,246.63,38.110000000000014,21.319999999999993,1,1,1.0
208,12,735.94,271.45,46.95999999999992,37.81,1,1,1.0
208,13,659.47,271.46,45.08999999999992,36.26000000000005,1,1,1.0
208,14,817.93,363.48,88.7700000000001,73.25999999999999,1,1,1.0
208,15,702.35,360.97,79.76999999999998,74.26999999999998,1,1,1.0
209,10,648.18,232.84,26.82000000000005,22.00999999999999,1,1,1.0
209,11,698.71,246.01,37.860000000000014,20.680000000000007,1,1,1.0
209,12,734.69,270.33,46.70999999999992,37.05000000000001,1,1,1.0
209,13,658.84,270.33,45.08999999999992,35.629999999999995,1,1,1.0
209,14,813.29,358.34,85.75999999999999,71.13000000000005,1,1,1.0
209,15,700.34,355.83,77.51999999999998,71.64000000000004,1,1,1.0
210,10,648.18,232.84,26.32000000000005,21.25999999999999,1,1,1.0
210,11,698.33,245.38,37.610000000000014,20.05000000000001,1,1,1.0
210,12,733.44,269.2,46.45999999999992,36.30000000000001,1,1,1.0
210,13,658.22,269.2,45.07999999999993,35.0,1,1,1.0
210,14,808.66,353.2,82.74000000000001,69.0,1,1,1.0
210,15,698.33,350.69,75.26999999999998,69.00999999999999,1,1,1.0
210,16,819.94,595.16,184.28999999999996,124.84000000000003,1,1,1.0
211,10,647.93,232.22,26.32000000000005,21.25,1,1,1.0
211,11,697.45,244.63,37.6099999999999,20.05000000000001,1,1,1.0
211,12,732.31,267.94,45.710000000000036,35.68000000000001,1,1,1.0
211,13,657.71,267.95,44.33999999999992,33.99000000000001,1,1,1.0
211,14,805.27,349.69,81.24000000000001,67.62,1,1,1.0
211,15,696.95,346.68,73.63999999999999,68.13,1,1,1.0
211,16,813.17,579.74,180.54000000000008,137.86,1,1,1.0
212,11,696.58,243.88,37.59999999999991,20.05000000000001,1,1,1.0
212,12,731.18,266.69,44.960000000000036,35.05000000000001,1,1,1.0
212,13,657.21,266.69,43.58999999999992,32.99000000000001,1,1,1.0
212,14,801.89,346.17,79.73000000000002,66.25,1,1,1.0
212,15,695.58,342.67,72.0,67.25,1,1,1.0
212,16,806.4,564.32,176.80000000000007,150.88,1,1,1.0
213,11,695.7,243.12,37.6099999999999,20.05000000000001,1,1,1.0
213,12,730.05,265.44,44.210000000000036,34.420000000000016,1,1,1.0
213,13,656.71,265.44,42.83999999999992,31.980000000000018,1,1,1.0
213,14,798.5,342.66,78.23000000000002,64.86999999999995,1,1,1.0
213,15,694.2,338.66,70.37,66.36999999999995,1,1,1.0
213,16,792.11,541.4,154.59000000000003,137.26999999999998,1,1,1.0
214,11,694.82,242.37,37.6099999999999,20.05000000000001,1,1,1.0
214,12,728.92,264.18,43.460000000000036,33.80000000000001,1,1,1.0
214,13,656.21,264.18,42.08999999999992,30.980000000000018,1,1,1.0
214,14,795.12,339.15,76.72000000000003,63.49000000000001,1,1,1.0
214,15,692.82,334.64,68.7399999999999,65.5,1,1,1.0
214,16,781.41,515.78,148.09000000000003,122.12,1,1,1.0
215,11,693.94,241.62,37.6099999999999,20.05000000000001,1,1,1.0
215,12,727.79,262.93,42.710000000000036,33.170000000000016,1,1,1.0
215,13,655.71,262.93,41.33999999999992,29.96999999999997,1,1,1.0
215,14,791.73,335.64,75.22000000000003,62.110000000000014,1,1,1.0
215,15,691.44,330.63,67.1099999999999,64.62,1,1,1.0
215,16,775.29,499.55,141.59000000000003,117.14000000000004,1,1,1.0
216,11,693.07,240.87,37.59999999999991,20.05000000000001,1,1,1.0
216,12,726.67,261.68,41.950000000000045,32.54000000000002,1,1,1.0
216,13,655.21,261.68,40.58999999999992,28.95999999999998,1,1,1.0
216,14,788.35,332.13,73.70999999999992,60.73000000000002,1,1,1.0
216,15,690.06,326.62,65.48000000000002,63.74000000000001,1,1,1.0
216,16,769.18,483.32,135.08000000000004,112.17000000000002,1,1,1.0
217,11,692.19,240.12,37.6099999999999,20.05000000000001,1,1,1.0
217,12,725.54,260.42,41.200000000000045,31.91999999999996,1,1,1.0
217,13,654.71,260.42,39.83999999999992,27.95999999999998,1,1,1.0
217,14,784.96,328.62,72.20999999999992,59.35000000000002,1,1,1.0
217,15,688.68,322.61,63.85000000000002,62.860000000000014,1,1,1.0
217,16,764.95,472.73,128.56999999999994,107.17999999999995,1,1,1.0
218,11,691.31,239.36,37.610000000000014,20.05000000000001,1,1,1.0
218,12,724.41,259.17,40.450000000000045,31.289999999999964,1,1,1.0
218,13,654.2,259.17,39.09999999999991,26.94999999999999,1,1,1.0
218,14,781.58,325.11,70.69999999999993,57.96999999999997,1,1,1.0
218,15,687.3,318.6,62.22000000000003,61.97999999999996,1,1,1.0
218,16,760.71,462.14,122.06999999999994,102.20000000000005,1,1,1.0
219,11,690.43,238.61,37.610000000000014,20.05000000000001,1,1,1.0
219,12,723.28,257.91,39.700000000000045,30.66999999999996,1,1,1.0
219,13,653.7,257.92,38.34999999999991,25.939999999999998,1,1,1.0
219,14,778.19,321.6,69.19999999999993,56.589999999999975,1,1,1.0
219,15,685.92,314.58,60.59000000000003,61.110000000000014,1,1,1.0
219,16,756.48,451.55,115.55999999999995,97.21999999999997,1,1,1.0
220,11,689.56,237.86,37.60000000000002,20.05000000000001,1,1,1.0
220,12,722.15,256.66,38.950000000000045,30.039999999999964,1,1,1.0
220,13,653.2,256.66,37.59999999999991,24.939999999999998,1,1,1.0
220,14,774.81,318.09,67.69000000000005,55.210000000000036,1,1,1.0
220,15,684.54,310.57,58.960000000000036,60.23000000000002,1,1,1.0
220,16,752.24,440.95,109.05999999999995,92.25000000000006,1,1,1.0
221,11,689.24,237.23,37.110000000000014,19.930000000000035,1,1,1.0
221,12,721.34,255.84,38.569999999999936,29.919999999999987,1,1,1.0
221,13,652.83,255.53,37.58999999999992,24.940000000000026,1,1,1.0
221,14,772.8,315.96,66.19000000000005,54.83000000000004,1,1,1.0
221,15,683.54,308.57,58.08000000000004,59.22000000000003,1,1,1.0
221,16,748.94,434.06,106.41999999999996,89.10999999999996,1,1,1.0
222,11,688.93,236.6,36.610000000000014,19.799999999999983,1,1,1.0
222,12,720.52,255.03,38.200000000000045,29.789999999999992,1,1,1.0
222,13,652.45,254.41,37.59999999999991,24.92999999999998,1,1,1.0
222,14,770.8,313.83,64.68000000000006,54.44999999999999,1,1,1.0
222,15,682.54,306.56,57.200000000000045,58.21999999999997,1,1,1.0
222,16,745.64,427.16,103.77999999999997,85.98999999999995,1,1,1.0
223,11,688.62,235.97,36.10000000000002,19.680000000000007,1,1,1.0
223,12,719.71,254.21,37.819999999999936,29.669999999999987,1,1,1.0
223,13,652.07,253.28,37.59999999999991,24.940000000000026,1,1,1.0
223,14,768.8,311.7,63.17000000000007,54.06999999999999,1,1,1.0
223,15,681.54,304.56,56.32000000000005,57.20999999999998,1,1,1.0
223,16,742.34,420.27,101.14999999999998,82.85000000000002,1,1,1.0
224,11,688.3,235.35,35.610000000000014,19.55000000000001,1,1,1.0
224,12,718.89,253.4,37.450000000000045,29.539999999999992,1,1,1.0
224,13,651.7,252.15,37.59999999999991,24.93999999999997,1,1,1.0
224,14,766.8,309.57,61.66000000000008,53.69,1,1,1.0
224,15,680.53,302.55,55.450000000000045,56.20999999999998,1,1,1.0
224,16,739.04,413.38,98.50999999999999,79.72000000000003,1,1,1.0
225,11,687.99,234.72,35.110000000000014,19.430000000000007,1,1,1.0
225,12,718.08,252.58,37.069999999999936,29.419999999999987,1,1,1.0
225,13,651.32,251.02,37.59999999999991,24.93999999999997,1,1,1.0
225,14,764.79,307.44,60.16000000000008,53.31,1,1,1.0
225,15,679.53,300.54,54.57000000000005,55.20999999999998,1,1,1.0
225,16,735.73,406.48,95.88,76.58999999999997,1,1,1.0
226,11,687.68,234.09,34.60000000000002,19.310000000000002,1,1,1.0
226,12,717.26,251.76,36.700000000000045,29.30000000000001,1,1,1.0
226,13,650.94,249.89,37.59999999999991,24.939999999999998,1,1,1.0
226,14,762.79,305.31,58.65000000000009,52.93000000000001,1,1,1.0
226,15,678.53,298.54,53.690000000000055,54.19999999999999,1,1,1.0
226,16,732.43,399.59,93.24000000000001,73.45000000000005,1,1,1.0
227,11,687.36,233.46,34.110000000000014,19.17999999999998,1,1,1.0
227,12,716.45,250.95,36.319999999999936,29.170000000000016,1,1,1.0
227,13,650.57,248.76,37.59999999999991,24.939999999999998,1,1,1.0
227,14,760.79,303.17,57.139999999999986,52.56,1,1,1.0
227,15,677.52,296.53,52.82000000000005,53.200000000000045,1,1,1.0
227,16,730.18,394.26,90.60000000000002,70.32,1,1,1.0
228,11,687.05,232.84,33.610000000000014,19.049999999999983,1,1,1.0
228,12,715.63,250.13,35.950000000000045,29.05000000000001,1,1,1.0
228,13,650.19,247.64,37.59999999999991,24.930000000000007,1,1,1.0
228,14,758.78,301.04,55.639999999999986,52.18000000000001,1,1,1.0
228,15,676.52,294.53,51.940000000000055,52.190000000000055,1,1,1.0
228,16,727.92,388.93,87.97000000000003,67.19,1,1,1.0
229,11,686.74,232.21,33.110000000000014,18.92999999999998,1,1,1.0
229,12,714.82,249.31,35.569999999999936,28.930000000000007,1,1,1.0
229,13,649.82,246.51,37.59999999999991,24.939999999999998,1,1,1.0
229,14,756.78,298.91,54.129999999999995,51.799999999999955,1,1,1.0
229,15,675.52,292.52,51.06000000000006,51.19,1,1,1.0
229,16,725.66,383.6,85.33000000000004,64.06,1,1,1.0
230,11,686.42,231.58,32.610000000000014,18.809999999999974,1,1,1.0
230,12,714.0,248.5,35.200000000000045,28.80000000000001,1,1,1.0
230,13,649.44,245.38,37.59999999999991,24.939999999999998,1,1,1.0
230,14,754.78,296.78,52.620000000000005,51.420000000000016,1,1,1.0
230,15,674.51,290.51,50.190000000000055,50.19,1,1,1.0
230,16,723.41,378.27,82.69000000000005,60.93000000000001,1,1,1.0
231,11,686.11,230.95,32.110000000000014,18.680000000000007,1,1,1.0
231,12,713.19,247.68,34.819999999999936,28.680000000000007,1,1,1.0
231,13,649.06,244.75,36.860000000000014,24.819999999999993,1,1,1.0
231,14,752.9,295.03,52.120000000000005,50.79000000000002,1,1,1.0
231,15,673.89,288.76,49.31000000000006,49.31,1,1,1.0
231,16,721.27,373.63,80.44000000000005,60.30000000000001,1,1,1.0
232,11,685.8,230.32,31.610000000000014,18.560000000000002,1,1,1.0
232,12,712.37,246.86,34.450000000000045,28.560000000000002,1,1,1.0
232,13,648.69,244.13,36.09999999999991,24.680000000000007,1,1,1.0
232,14,751.02,293.27,51.620000000000005,50.170000000000016,1,1,1.0
232,15,673.26,287.0,48.440000000000055,48.44,1,1,1.0
232,16,719.14,368.99,78.18000000000006,59.670000000000016,1,1,1.0
233,11,685.48,229.7,31.110000000000014,18.430000000000007,1,1,1.0
233,12,711.56,246.05,34.07000000000005,28.430000000000007,1,1,1.0
233,13,648.31,243.5,35.360000000000014,24.560000000000002,1,1,1.0
233,14,749.14,291.51,51.120000000000005,49.55000000000001,1,1,1.0
233,15,672.63,285.25,47.57000000000005,47.56,1,1,1.0
233,16,717.01,364.35,75.91999999999996,59.039999999999964,1,1,1.0
234,11,685.17,229.07,30.610000000000014,18.310000000000002,1,1,1.0
234,12,710.74,245.23,33.700000000000045,28.31000000000003,1,1,1.0
234,13,647.94,242.87,34.59999999999991,24.439999999999998,1,1,1.0
234,14,747.26,289.76,50.620000000000005,48.920000000000016,1,1,1.0
234,15,672.01,283.49,46.690000000000055,46.69,1,1,1.0
234,16,714.88,359.71,73.65999999999997,58.410000000000025,1,1,1.0
235,11,684.86,228.44,30.110000000000014,18.189999999999998,1,1,1.0
235,12,709.93,244.41,33.32000000000005,28.190000000000026,1,1,1.0
235,13,647.56,242.24,33.860000000000014,24.319999999999993,1,1,1.0
235,14,745.38,288.0,50.120000000000005,48.30000000000001,1,1,1.0
235,15,671.38,281.74,45.82000000000005,45.81,1,1,1.0
235,16,712.75,355.08,71.39999999999998,57.77000000000004,1,1,1.0
236,11,684.54,227.81,29.610000000000014,18.060000000000002,1,1,1.0
236,12,709.12,243.6,32.93999999999994,28.06000000000003,1,1,1.0
236,13,647.18,241.62,33.120000000000005,24.189999999999998,1,1,1.0
236,14,743.49,286.25,49.629999999999995,47.670000000000016,1,1,1.0
236,15,670.75,279.98,44.950000000000045,44.94,1,1,1.0
236,16,710.62,350.44,69.13999999999999,57.139999999999986,1,1,1.0
237,11,684.23,227.18,29.110000000000014,17.939999999999998,1,1,1.0
237,12,708.3,242.78,32.57000000000005,27.940000000000026,1,1,1.0
237,13,646.81,240.99,32.360000000000014,24.069999999999993,1,1,1.0
237,14,741.61,284.49,49.129999999999995,47.05000000000001,1,1,1.0
237,15,670.13,278.23,44.07000000000005,44.06,1,1,1.0
237,16,708.49,345.8,66.88,56.50999999999999,1,1,1.0
238,12,707.49,241.96,32.18999999999994,27.819999999999965,1,1,1.0
238,14,739.73,282.74,48.629999999999995,46.420000000000016,1,1,1.0
238,15,669.5,276.47,43.200000000000045,43.19,1,1,1.0
238,16,706.36,341.16,64.62,55.879999999999995,1,1,1.0
239,12,706.67,241.15,31.82000000000005,27.68999999999997,1,1,1.0
239,14,737.85,280.98,48.129999999999995,45.799999999999955,1,1,1.0
239,15,668.87,274.72,42.33000000000004,42.309999999999945,1,1,1.0
239,16,704.22,336.52,62.370000000000005,55.25,1,1,1.0
240,12,705.86,240.33,31.43999999999994,27.569999999999965,1,1,1.0
240,14,735.97,279.23,47.629999999999995,45.16999999999996,1,1,1.0
240,15,668.25,272.96,41.450000000000045,41.44,1,1,1.0
240,16,702.09,331.88,60.110000000000014,54.620000000000005,1,1,1.0
240,17,743.46,543.75,180.52999999999997,175.51999999999998,1,1,1.0
240,18,950.32,423.4,309.65999999999997,294.62,1,2,1.0
241,12,705.86,240.33,31.43999999999994,27.569999999999965,1,1,1.0
241,14,735.97,279.23,47.629999999999995,45.16999999999996,1,1,1.0
241,15,668.25,272.96,41.450000000000045,41.44,1,1,1.0
241,16,700.84,326.87,60.110000000000014,54.620000000000005,1,1,1.0
241,17,738.45,526.2,180.52999999999997,175.51999999999998,1,1,1.0
241,18,944.05,419.64,319.6500000000001,300.36,1,2,1.0
272,19,564.64,176.13,48.440000000000055,66.05000000000001,1,3,1.0
273,19,562.83,177.67,49.319999999999936,67.71000000000001,1,3,1.0
274,19,561.01,179.22,50.200000000000045,69.35,1,3,1.0
275,19,559.19,180.76,51.08999999999992,71.0,1,3,1.0
276,19,557.38,182.3,51.97000000000003,72.64999999999998,1,3,1.0
277,19,555.56,183.85,52.85000000000002,74.29999999999998,1,3,1.0
278,19,553.74,185.39,53.74000000000001,75.94999999999999,1,3,1.0
279,19,551.93,186.93,54.610000000000014,77.59999999999997,1,3,1.0
280,19,550.11,188.48,55.5,79.24000000000004,1,3,1.0
281,19,548.29,190.02,56.389999999999986,80.9,1,3,1.0
282,19,546.48,191.56,57.25999999999999,82.55000000000001,1,3,1.0
283,19,544.66,193.11,58.14999999999998,84.19,1,3,1.0
284,19,542.84,194.65,59.02999999999997,85.84,1,3,1.0
285,19,541.03,196.19,59.91000000000008,87.5,1,3,1.0
286,19,539.21,197.74,60.789999999999964,89.13999999999999,1,3,1.0
287,19,537.39,199.28,61.680000000000064,90.78999999999999,1,3,1.0
288,19,535.58,200.83,62.559999999999945,92.43999999999997,1,3,1.0
289,19,533.76,202.37,63.440000000000055,94.08999999999997,1,3,1.0
290,19,531.94,203.91,64.32999999999993,95.73999999999998,1,3,1.0
291,19,530.13,205.46,65.20000000000005,97.37999999999997,1,3,1.0
292,19,528.31,207.0,66.09000000000003,99.04000000000002,1,3,1.0
293,19,525.34,209.2,67.51999999999998,100.80000000000001,1,3,1.0
294,19,522.37,211.4,68.95000000000005,102.55999999999997,1,3,1.0
295,19,519.39,213.6,70.38999999999999,104.33000000000001,1,3,1.0
296,19,516.42,215.8,71.82000000000005,106.08999999999997,1,3,1.0
297,19,513.45,218.0,73.25,107.85000000000002,1,3,1.0
298,19,510.48,220.2,74.67999999999995,109.62,1,3,1.0
299,19,507.5,222.4,76.12,111.37999999999997,1,3,1.0
300,19,504.53,224.6,77.55000000000007,113.14000000000001,1,3,1.0
301,19,501.56,226.8,78.97999999999996,114.90999999999997,1,3,1.0
302,19,498.59,229.0,80.41000000000003,116.67000000000002,1,3,1.0
303,19,489.89,235.22,86.02999999999997,122.94000000000003,1,3,1.0
304,19,481.19,241.44,91.65000000000003,129.22000000000003,1,3,1.0
305,19,472.5,247.66,97.25999999999999,135.48999999999998,1,3,1.0
306,19,463.8,253.88,102.87999999999994,141.76999999999998,1,3,1.0
307,19,455.1,260.1,108.5,148.04999999999995,1,3,1.0
308,19,446.4,266.32,114.12,154.32,1,3,1.0
309,19,437.71,272.54,119.73000000000008,160.59999999999997,1,3,1.0
310,19,429.01,278.76,125.35000000000002,166.87,1,3,1.0
311,19,420.31,284.98,130.96999999999997,173.14999999999998,1,3,1.0
312,19,411.61,291.2,136.59000000000003,179.42000000000002,1,3,1.0
313,19,402.92,297.43,142.2,185.69,1,3,1.0
314,19,394.22,303.65,147.81999999999994,191.96000000000004,1,3,1.0
315,19,385.52,309.87,153.44000000000005,198.24,1,3,1.0
316,19,376.83,316.09,159.05,204.51000000000005,1,3,1.0
317,19,368.13,322.31,164.66999999999996,210.79000000000002,1,3,1.0
318,19,359.43,328.53,170.29000000000002,217.06000000000006,1,3,1.0
319,19,350.73,334.75,175.90999999999997,223.34000000000003,1,3,1.0
320,19,342.04,340.97,181.51999999999992,229.62,1,3,1.0
321,19,333.34,347.19,187.14000000000004,235.89000000000004,1,3,1.0
322,19,324.64,353.41,192.76,242.17000000000002,1,3,1.0
323,19,311.43,363.3,197.71999999999997,249.33999999999997,1,3,1.0
324,19,298.22,373.2,202.67999999999995,256.51000000000005,1,3,1.0
324,20,522.81,209.16,45.13000000000011,38.53,1,1,1.0
325,19,270.7,381.63,222.87,278.16999999999996,1,3,1.0
325,20,519.87,212.47,45.129999999999995,38.890000000000015,1,1,1.0
326,19,243.17,390.07,243.06000000000003,299.83,1,3,1.0
326,20,516.94,215.79,45.1099999999999,39.24000000000001,1,1,1.0
327,19,215.65,398.5,263.25,321.5,1,3,1.0
327,20,514.0,219.1,45.10000000000002,39.599999999999994,1,1,1.0
328,19,190.77,415.68,277.13,304.32,1,3,1.0
328,20,511.36,220.2,45.98000000000002,41.80000000000001,1,1,1.0
329,19,165.89,432.86,291.01,287.14,1,3,1.0
329,20,508.71,221.3,46.87000000000006,44.0,1,1,1.0
330,19,141.01,450.04,304.89,269.96,1,3,1.0
330,20,506.07,222.4,47.75000000000006,46.20000000000002,1,1,1.0
331,19,116.13,467.22,318.77,252.77999999999997,1,3,1.0
331,20,503.43,223.5,48.62999999999994,48.410000000000025,1,1,1.0
332,19,91.25,484.4,332.65,235.60000000000002,1,3,1.0
332,20,500.79,224.6,49.509999999999934,50.609999999999985,1,1,1.0
333,19,62.62,521.83,332.65999999999997,198.16999999999996,1,3,1.0
333,20,498.59,226.25,49.51000000000005,50.610000000000014,1,1,1.0
334,20,496.38,227.9,49.51999999999998,50.609999999999985,1,1,1.0
335,20,492.86,230.98,50.39999999999998,51.16,1,1,1.0
336,20,489.34,234.06,51.28000000000003,51.71999999999997,1,1,1.0
337,20,485.81,237.14,52.170000000000016,52.27000000000004,1,1,1.0
338,20,482.29,240.22,53.05000000000001,52.82000000000002,1,1,1.0
339,20,478.77,243.3,53.930000000000064,53.379999999999995,1,1,1.0
340,20,475.25,246.38,54.809999999999945,53.93000000000001,1,1,1.0
341,20,471.72,249.46,55.69999999999993,54.47999999999999,1,1,1.0
342,20,468.2,252.54,56.579999999999984,55.03999999999999,1,1,1.0
343,20,464.68,255.62,57.45999999999998,55.589999999999975,1,1,1.0
344,20,461.15,258.7,58.35000000000002,56.139999999999986,1,1,1.0
345,20,454.99,262.99,61.10000000000002,58.01999999999998,1,1,1.0
346,20,448.82,267.28,63.85999999999996,59.89000000000004,1,1,1.0
347,20,442.66,271.57,66.60999999999996,61.76999999999998,1,1,1.0
348,20,436.49,275.86,69.37,63.639999999999986,1,1,1.0
349,20,430.33,280.15,72.12,65.52000000000004,1,1,1.0
350,20,424.16,284.44,74.88,67.38999999999999,1,1,1.0
351,20,418.0,288.73,77.63,69.26999999999998,1,1,1.0
352,20,411.83,293.02,80.39000000000004,71.14000000000004,1,1,1.0
353,20,405.67,297.31,83.13999999999999,73.01999999999998,1,1,1.0
354,20,399.5,301.6,85.89999999999998,74.88999999999999,1,1,1.0
354,21,454.55,233.38,51.74000000000001,48.44,1,1,1.0
354,22,585.45,195.94,34.24000000000001,35.22999999999999,1,1,1.0
355,20,389.15,308.32,90.42000000000002,78.74000000000001,1,1,1.0
355,21,450.15,236.57,53.5,50.09000000000003,1,1,1.0
355,22,583.69,196.94,35.66999999999996,36.110000000000014,1,1,1.0
356,20,378.81,315.04,94.93,82.58999999999997,1,1,1.0
356,21,445.74,239.76,55.26999999999998,51.74000000000001,1,1,1.0
356,22,581.93,197.94,37.10000000000002,36.97999999999999,1,1,1.0
357,20,368.46,321.76,99.45000000000005,86.44,1,1,1.0
357,21,441.34,242.95,57.04000000000002,53.400000000000034,1,1,1.0
357,22,580.16,198.93,38.54000000000008,37.859999999999985,1,1,1.0
358,20,358.11,328.48,103.96999999999997,90.28999999999996,1,1,1.0
358,21,436.94,246.15,58.80000000000001,55.03999999999999,1,1,1.0
358,22,578.4,199.93,39.97000000000003,38.72999999999999,1,1,1.0
359,20,347.76,335.2,108.49000000000001,94.13999999999999,1,1,1.0
359,21,432.53,249.34,60.57000000000005,56.70000000000002,1,1,1.0
359,22,576.64,200.92,41.39999999999998,39.610000000000014,1,1,1.0
360,20,337.41,341.92,113.00999999999999,97.99000000000001,1,1,1.0
360,21,428.13,252.53,62.329999999999984,58.349999999999994,1,1,1.0
360,22,574.88,201.92,42.83000000000004,40.48000000000002,1,1,1.0
361,20,327.06,348.64,117.52999999999997,101.84000000000003,1,1,1.0
361,21,423.72,255.72,64.09999999999997,60.00000000000003,1,1,1.0
361,22,573.12,202.91,44.25999999999999,41.360000000000014,1,1,1.0
362,20,316.71,355.36,122.05000000000001,105.68,1,1,1.0
362,21,419.32,258.92,65.86000000000001,61.64999999999998,1,1,1.0
362,22,571.36,203.91,45.69999999999993,42.24000000000001,1,1,1.0
363,20,306.37,362.08,126.56,109.53000000000003,1,1,1.0
363,21,414.92,262.11,67.62,63.30000000000001,1,1,1.0
363,22,569.6,204.91,47.129999999999995,43.110000000000014,1,1,1.0
364,20,296.02,368.8,131.08000000000004,113.38,1,1,1.0
364,21,410.51,265.3,69.38999999999999,64.95999999999998,1,1,1.0
364,22,567.83,205.9,48.569999999999936,43.98999999999998,1,1,1.0
365,20,272.57,382.23,143.19,122.51999999999998,1,1,1.0
365,21,402.92,269.92,71.91999999999996,67.38,1,1,1.0
365,22,566.29,208.32,49.780000000000086,44.98000000000002,1,1,1.0
366,20,249.12,395.66,155.3,131.66000000000003,1,1,1.0
366,21,395.32,274.54,74.45999999999998,69.81,1,1,1.0
366,22,564.75,210.74,50.99000000000001,45.98000000000002,1,1,1.0
367,20,225.67,409.09,167.41,140.8,1,1,1.0
367,21,387.72,279.16,77.0,72.22999999999996,1,1,1.0
367,22,563.21,213.16,52.19999999999993,46.97,1,1,1.0
368,20,202.22,422.52,179.52,149.94000000000005,1,1,1.0
368,21,380.13,283.78,79.53000000000003,74.66000000000003,1,1,1.0
368,22,561.67,215.58,53.41000000000008,47.96000000000001,1,1,1.0
369,20,178.77,435.95,191.62999999999997,159.07999999999998,1,1,1.0
369,21,372.53,288.4,82.07000000000005,77.09000000000003,1,1,1.0
369,22,560.13,218.0,54.620000000000005,48.94999999999999,1,1,1.0
370,20,155.32,449.38,203.74,168.21000000000004,1,1,1.0
370,21,364.93,293.02,84.61000000000001,79.50999999999999,1,1,1.0
370,22,558.59,220.42,55.82999999999993,49.95000000000002,1,1,1.0
371,20,131.87,462.81,215.85000000000002,177.34999999999997,1,1,1.0
371,21,357.34,297.64,87.14000000000004,81.94,1,1,1.0
371,22,557.04,222.84,57.05000000000007,50.93999999999997,1,1,1.0
372,20,108.42,476.24,227.95999999999998,186.49,1,1,1.0
372,21,349.74,302.26,89.68,84.36000000000001,1,1,1.0
372,22,555.5,225.26,58.25999999999999,51.93000000000001,1,1,1.0
373,20,84.97,489.67,240.07000000000002,195.62999999999994,1,1,1.0
373,21,342.15,306.88,92.21000000000004,86.79000000000002,1,1,1.0
373,22,553.96,227.68,59.469999999999914,52.93000000000001,1,1,1.0
374,20,61.52,503.1,252.17999999999998,204.76999999999998,1,1,1.0
374,21,334.55,311.5,94.75,89.22000000000003,1,1,1.0
374,22,552.42,230.1,60.680000000000064,53.91999999999999,1,1,1.0
375,20,42.44,526.59,252.18,185.31999999999994,1,1,1.0
375,21,323.17,318.1,99.89999999999998,94.72999999999996,1,1,1.0
375,22,549.49,231.2,60.66999999999996,53.920000000000016,1,1,1.0
376,20,23.36,550.07,252.16999999999996,165.89,1,1,1.0
376,21,311.8,324.7,105.02999999999997,100.24000000000001,1,1,1.0
376,22,546.55,232.3,60.680000000000064,53.920000000000016,1,1,1.0
377,21,300.42,331.3,110.18,105.75,1,1,1.0
377,22,543.61,233.4,60.67999999999995,53.91999999999999,1,1,1.0
378,21,284.79,339.89,117.21999999999997,111.91000000000003,1,1,1.0
378,22,541.08,236.7,62.0,56.129999999999995,1,1,1.0
379,21,269.15,348.48,124.27000000000004,118.07,1,1,1.0
379,22,538.55,240.0,63.32000000000005,58.329999999999984,1,1,1.0
380,21,253.52,357.07,131.30999999999997,124.23000000000002,1,1,1.0
380,22,536.02,243.3,64.63999999999999,60.52999999999997,1,1,1.0
381,21,237.89,365.66,138.35000000000002,130.39,1,1,1.0
381,22,533.48,246.6,65.97000000000003,62.73999999999998,1,1,1.0
382,21,222.26,374.25,145.39,136.56,1,1,1.0
382,22,530.95,249.9,67.28999999999996,64.93999999999997,1,1,1.0
383,21,206.62,382.84,152.44,142.71999999999997,1,1,1.0
383,22,528.42,253.2,68.61000000000001,67.15000000000003,1,1,1.0
384,21,190.99,391.43,159.48000000000002,148.87999999999994,1,1,1.0
384,22,525.89,256.5,69.93000000000006,69.35000000000002,1,1,1.0
385,21,175.36,400.02,166.51999999999998,155.03999999999996,1,1,1.0
385,22,523.36,259.8,71.25,71.56,1,1,1.0
386,21,159.72,408.61,173.57000000000002,161.21000000000004,1,1,1.0
386,22,520.82,263.1,72.57999999999993,73.75999999999999,1,1,1.0
387,21,144.09,417.2,180.60999999999999,167.37000000000006,1,1,1.0
387,22,518.29,266.4,73.91000000000008,75.97000000000003,1,1,1.0
388,21,123.51,437.8,179.49,166.11999999999995,1,1,1.0
388,22,513.89,270.96,75.15999999999997,79.11000000000001,1,1,1.0
389,21,102.92,458.4,178.38,164.86,1,1,1.0
389,22,509.48,275.51,76.42999999999995,82.26999999999998,1,1,1.0
390,21,82.34,479.0,177.26000000000002,163.61,1,1,1.0
390,22,505.08,280.07,77.69,85.42000000000002,1,1,1.0
391,21,61.75,499.6,176.15,162.36,1,1,1.0
391,22,500.68,284.63,78.94999999999999,88.56,1,1,1.0
392,21,41.17,520.2,175.02999999999997,161.1099999999999,1,1,1.0
392,22,496.27,289.19,80.21000000000004,91.70999999999998,1,1,1.0
393,21,20.58,540.8,173.92000000000002,159.85000000000002,1,1,1.0
393,22,491.87,293.74,81.47000000000003,94.86000000000001,1,1,1.0
394,21,0.0,561.4,172.8,158.60000000000002,1,1,1.0
394,22,487.47,298.3,82.73000000000002,98.00999999999999,1,1,1.0
395,21,0.0,579.02,163.99,140.98000000000002,1,1,1.0
395,22,480.86,304.9,88.24000000000001,102.42000000000002,1,1,1.0
396,22,474.25,311.5,93.75,106.82999999999998,1,1,1.0
396,23,562.33,219.06,51.74000000000001,57.25,1,1,1.0
396,24,488.57,146.4,79.37000000000006,101.28999999999999,1,3,1.0
397,22,465.67,320.09,99.57999999999998,112.44,1,1,1.0
397,23,560.02,222.04,52.74000000000001,58.46000000000001,1,1,1.0
397,24,486.59,146.95,80.69,102.72,1,3,1.0
398,22,457.08,328.68,105.42000000000002,118.05000000000001,1,1,1.0
398,23,557.71,225.01,53.73000000000002,59.670000000000016,1,1,1.0
398,24,484.61,147.5,82.00999999999999,104.15,1,3,1.0
399,22,448.49,337.27,111.25999999999999,123.66000000000003,1,1,1.0
399,23,555.39,227.98,54.73000000000002,60.880000000000024,1,1,1.0
399,24,482.62,148.05,83.33000000000004,105.57999999999998,1,3,1.0
400,22,439.91,345.86,117.08999999999997,129.27999999999997,1,1,1.0
400,23,553.08,230.96,55.719999999999914,62.09,1,1,1.0
400,24,480.64,148.6,84.64999999999998,107.01000000000002,1,3,1.0
401,22,431.32,354.45,122.93,134.89,1,1,1.0
401,23,550.77,233.93,56.72000000000003,63.30000000000001,1,1,1.0
401,24,478.66,149.15,85.95999999999998,108.45000000000002,1,3,1.0
402,22,422.73,363.04,128.76999999999998,140.5,1,1,1.0
402,23,548.46,236.91,57.70999999999992,64.50000000000003,1,1,1.0
402,24,476.68,149.7,87.28000000000003,109.88,1,3,1.0
403,22,414.14,371.63,134.61,146.11,1,1,1.0
403,23,546.15,239.88,58.700000000000045,65.72000000000003,1,1,1.0
403,24,474.7,150.25,88.58999999999997,111.31,1,3,1.0
404,22,405.56,380.22,140.44,151.72000000000003,1,1,1.0
404,23,543.83,242.85,59.69999999999993,66.92999999999998,1,1,1.0
404,24,472.72,150.8,89.90999999999997,112.74000000000001,1,3,1.0
405,22,396.97,388.81,146.27999999999997,157.32999999999998,1,1,1.0
405,23,541.52,245.83,60.700000000000045,68.12999999999997,1,1,1.0
405,24,470.73,151.35,91.23000000000002,114.16999999999999,1,3,1.0
406,22,388.38,397.4,152.12,162.95000000000005,1,1,1.0
406,23,539.21,248.8,61.68999999999994,69.34999999999997,1,1,1.0
406,24,468.75,151.9,92.54999999999995,115.60999999999999,1,3,1.0
407,22,372.53,421.07,157.73000000000002,155.23999999999995,1,1,1.0
407,23,535.8,252.65,64.7700000000001,71.87999999999997,1,1,1.0
407,24,465.67,153.0,94.85999999999996,117.81,1,3,1.0
408,22,356.68,444.74,163.33999999999997,147.53999999999996,1,1,1.0
408,23,532.39,256.5,67.85000000000002,74.42000000000002,1,1,1.0
408,24,462.59,154.1,97.17000000000002,120.01000000000002,1,3,1.0
409,22,340.82,468.41,168.95999999999998,139.82999999999998,1,1,1.0
409,23,528.97,260.35,70.93999999999994,76.94999999999999,1,1,1.0
409,24,459.5,155.2,99.49000000000001,122.21000000000004,1,3,1.0
410,22,324.97,492.08,174.57,132.13000000000005,1,1,1.0
410,23,525.56,264.2,74.0200000000001,79.49000000000001,1,1,1.0
410,24,456.42,156.3,101.80000000000001,124.42000000000002,1,3,1.0
411,22,309.12,515.75,180.18,124.41999999999996,1,1,1.0
411,23,522.15,268.05,77.10000000000002,82.01999999999998,1,1,1.0
411,24,453.34,157.4,104.11000000000007,126.61999999999998,1,3,1.0
412,22,293.26,539.42,185.8,116.72000000000003,1,1,1.0
412,23,518.73,271.9,80.18999999999994,84.56,1,1,1.0
412,24,450.26,158.5,106.41999999999996,128.82,1,3,1.0
413,22,277.41,563.09,191.40999999999997,109.00999999999999,1,1,1.0
413,23,515.32,275.75,83.26999999999998,87.08999999999997,1,1,1.0
413,24,447.17,159.6,108.73999999999995,131.02,1,3,1.0
414,22,261.56,586.76,197.01999999999998,101.31000000000006,1,1,1.0
414,23,511.91,279.6,86.34999999999997,89.63,1,1,1.0
414,24,444.09,160.7,111.05000000000001,133.23000000000002,1,3,1.0
415,22,245.7,610.43,202.64,93.60000000000002,1,1,1.0
415,23,508.49,283.45,89.43999999999994,92.16000000000003,1,1,1.0
415,24,441.01,161.8,113.36000000000001,135.43,1,3,1.0
416,23,505.08,287.3,92.52000000000004,94.69999999999999,1,1,1.0
416,24,437.93,162.9,115.67000000000002,137.62999999999997,1,3,1.0
417,23,500.13,293.35,94.5,98.22999999999996,1,1,1.0
417,24,434.84,163.67,116.89000000000004,139.51000000000002,1,3,1.0
418,23,495.17,299.4,96.48999999999995,101.76000000000005,1,1,1.0
418,24,431.76,164.44,118.10000000000002,141.38,1,3,1.0
419,23,490.22,305.45,98.47000000000003,105.28000000000003,1,1,1.0
419,24,428.68,165.21,119.31,143.24999999999997,1,3,1.0
420,23,485.27,311.5,100.45000000000005,108.81,1,1,1.0
420,24,425.6,165.98,120.51999999999998,145.12000000000003,1,3,1.0
421,23,480.31,317.55,102.44,112.33999999999997,1,1,1.0
421,24,422.51,166.75,121.74000000000001,146.99,1,3,1.0
422,23,475.36,323.6,104.41999999999996,115.87,1,1,1.0
422,24,419.43,167.52,122.94999999999999,148.86999999999998,1,3,1.0
423,23,470.4,329.65,106.40999999999997,119.39000000000004,1,1,1.0
423,24,416.35,168.29,124.15999999999997,150.73999999999998,1,3,1.0
424,23,465.45,335.7,108.39000000000004,122.92000000000002,1,1,1.0
424,24,413.27,169.06,125.37,152.61,1,3,1.0
425,23,460.49,341.75,110.38,126.44999999999999,1,1,1.0
425,24,410.18,169.83,126.58999999999997,154.48,1,3,1.0
426,23,455.54,347.8,112.35999999999996,129.97999999999996,1,1,1.0
426,24,407.1,170.6,127.79999999999995,156.35999999999999,1,3,1.0
427,23,441.34,360.68,121.94,140.76999999999998,1,1,1.0
427,24,401.38,172.14,132.20000000000005,159.22000000000003,1,3,1.0
428,23,427.14,373.56,131.51999999999998,151.56,1,1,1.0
428,24,395.65,173.68,136.61,162.07999999999998,1,3,1.0
429,23,412.93,386.44,141.10999999999996,162.34999999999997,1,1,1.0
429,24,389.93,175.22,141.01000000000005,164.95000000000002,1,3,1.0
430,23,398.73,399.32,150.68999999999994,173.14000000000004,1,1,1.0
430,24,384.2,176.76,145.42000000000002,167.81,1,3,1.0
431,23,384.53,412.2,160.26999999999998,183.93,1,1,1.0
431,24,378.48,178.3,149.81999999999994,170.67000000000002,1,3,1.0
432,23,370.33,425.08,169.84999999999997,194.71999999999997,1,1,1.0
432,24,372.75,179.84,154.23000000000002,173.54,1,3,1.0
433,23,356.13,437.96,179.42999999999995,205.51000000000005,1,1,1.0
433,24,367.03,181.38,158.63,176.39999999999998,1,3,1.0
434,23,341.93,450.84,189.01000000000005,216.3,1,1,1.0
434,24,361.3,182.92,163.04000000000002,179.26000000000002,1,3,1.0
435,23,327.72,463.72,198.60000000000002,227.08999999999992,1,1,1.0
435,24,355.58,184.46,167.44,182.12999999999997,1,3,1.0
436,23,313.52,476.6,208.18000000000006,237.88,1,1,1.0
436,24,349.85,186.0,171.85000000000002,184.99,1,3,1.0
437,23,295.54,499.73,216.62999999999994,216.59000000000003,1,1,1.0
437,24,344.35,187.1,172.94999999999993,190.85999999999999,1,3,1.0
438,23,277.56,522.87,225.07,195.28999999999996,1,1,1.0
438,24,338.84,188.2,174.06,196.74,1,3,1.0
439,23,259.58,546.0,233.52000000000004,174.0,1,1,1.0
439,24,333.34,189.3,175.16000000000003,202.61,1,3,1.0
440,23,255.54,583.06,233.52,136.94000000000005,1,1,1.0
440,24,323.8,189.67,184.7,208.48,1,3,1.0
441,23,251.5,620.13,233.52999999999997,99.87,1,1,1.0
441,24,314.26,190.03,194.24,214.35999999999999,1,3,1.0
442,24,304.71,190.4,203.79000000000002,220.23,1,3,1.0
443,24,293.38,192.6,212.59000000000003,227.6,1,3,1.0
444,24,282.04,194.8,221.39999999999998,234.97999999999996,1,3,1.0
445,24,270.7,197.0,230.21000000000004,242.36,1,3,1.0
446,24,259.36,199.2,239.01999999999998,249.74,1,3,1.0
447,24,248.02,201.4,247.83,257.12,1,3,1.0
448,24,236.68,203.6,256.64,264.49,1,3,1.0
449,24,225.34,205.8,265.45000000000005,271.87,1,3,1.0
450,24,214.0,208.0,274.26,279.25,1,3,1.0
451,24,202.66,210.2,283.07000000000005,286.63,1,3,1.0
452,24,191.32,212.4,291.88,294.01,1,3,1.0
453,24,172.38,214.27,305.98,313.27,1,3,1.0
454,24,153.45,216.14,320.07,332.53999999999996,1,3,1.0
455,24,134.51,218.01,334.17,351.81000000000006,1,3,1.0
456,24,115.58,219.88,348.26,371.08000000000004,1,3,1.0
457,24,96.64,221.75,362.36,390.34000000000003,1,3,1.0
458,24,77.71,223.62,376.45000000000005,409.61,1,3,1.0
459,24,58.77,225.49,390.55,428.88,1,3,1.0
460,24,39.83,227.36,404.65000000000003,448.15,1,3,1.0
461,24,20.9,229.23,418.74,467.40999999999997,1,3,1.0
462,24,1.96,231.1,432.84000000000003,486.67999999999995,1,3,1.0
463,24,1.77,235.72,426.53000000000003,482.28,1,3,1.0
464,24,1.57,240.35,420.24,477.88,1,3,1.0
465,24,1.37,244.97,413.94,473.48,1,3,1.0
466,24,1.18,249.6,407.64,469.06999999999994,1,3,1.0
467,24,0.98,254.22,401.34,464.66999999999996,1,3,1.0
468,24,0.78,258.84,395.05,460.27000000000004,1,3,1.0
469,24,0.59,263.47,388.74,455.86,1,3,1.0
470,24,0.39,268.09,382.45,451.46999999999997,1,3,1.0
471,24,0.2,272.71,376.14,447.07,1,3,1.0
472,24,0.0,277.34,369.85,442.66,1,3,1.0
472,25,537.1,268.6,62.76999999999998,61.65999999999997,1,1,1.0
473,24,0.0,285.04,353.33,434.96,1,3,1.0
473,25,533.25,273.0,62.76999999999998,61.660000000000025,1,1,1.0
474,24,0.0,292.75,336.82,427.25,1,3,1.0
474,25,529.39,277.41,62.76999999999998,61.64999999999998,1,1,1.0
475,24,0.0,302.11,326.91,417.89,1,3,1.0
475,25,525.54,280.43,65.12,64.95999999999998,1,1,1.0
476,24,0.0,311.47,317.0,408.53,1,3,1.0
476,25,521.69,283.46,67.45999999999992,68.26000000000005,1,1,1.0
477,24,0.0,320.82,307.09,399.18,1,3,1.0
477,25,517.83,286.48,69.80999999999995,71.57,1,1,1.0
478,24,0.0,330.18,297.19,389.82,1,3,1.0
478,25,513.98,289.5,72.14999999999998,74.88,1,1,1.0
479,24,0.0,339.54,287.28,380.46,1,3,1.0
479,25,510.13,292.53,74.49000000000001,78.18,1,1,1.0
479,26,852.97,549.34,372.1099999999999,170.65999999999997,1,3,1.0
480,24,0.0,348.9,277.37,371.1,1,3,1.0
480,25,506.27,295.55,76.85000000000002,81.5,1,1,1.0
480,26,844.15,516.68,367.7199999999999,203.32000000000005,1,3,1.0
481,24,0.0,358.26,267.46,361.74,1,3,1.0
481,25,502.42,298.58,79.19,84.80000000000001,1,1,1.0
481,26,835.32,484.02,363.34000000000003,235.98000000000002,1,3,1.0
482,24,0.0,367.61,257.55,352.39,1,3,1.0
482,25,498.57,301.6,81.53000000000003,88.10999999999996,1,1,1.0
482,26,826.5,451.36,358.95000000000005,268.64,1,3,1.0
