20,1,865.03,260.95,66.05000000000007,89.18,1.0,-1,-1,-1
21,1,862.96,261.61,67.29999999999995,90.66999999999996,1.0,-1,-1,-1
22,1,860.9,262.27,68.52999999999997,92.15000000000003,1.0,-1,-1,-1
23,1,858.83,262.93,69.76999999999998,93.63999999999999,1.0,-1,-1,-1
24,1,856.77,263.59,71.00999999999999,95.13000000000005,1.0,-1,-1,-1
25,1,854.71,264.25,72.24000000000001,96.61000000000001,1.0,-1,-1,-1
26,1,852.64,264.91,73.48000000000002,98.09999999999997,1.0,-1,-1,-1
27,1,850.58,265.57,74.71999999999991,99.59000000000003,1.0,-1,-1,-1
28,1,848.51,266.23,75.96000000000004,101.07,1.0,-1,-1,-1
29,1,846.45,266.89,77.18999999999994,102.56,1.0,-1,-1,-1
30,1,844.39,267.55,78.43000000000006,104.05000000000001,1.0,-1,-1,-1
31,1,842.32,268.21,79.66999999999996,105.53000000000003,1.0,-1,-1,-1
32,1,840.26,268.87,80.90999999999997,107.01999999999998,1.0,-1,-1,-1
33,1,838.19,269.53,82.14999999999998,108.51000000000005,1.0,-1,-1,-1
34,1,836.13,270.18,83.38,110.0,1.0,-1,-1,-1
35,1,834.06,270.84,84.63000000000011,111.49000000000001,1.0,-1,-1,-1
36,1,832.0,271.5,85.86000000000001,112.98000000000002,1.0,-1,-1,-1
37,1,829.94,272.16,87.08999999999992,114.45999999999998,1.0,-1,-1,-1
38,1,827.87,272.82,88.34000000000003,115.94999999999999,1.0,-1,-1,-1
39,1,825.81,273.48,89.57000000000005,117.44,1.0,-1,-1,-1
40,1,823.74,274.14,90.80999999999995,118.92000000000002,1.0,-1,-1,-1
41,1,821.45,276.76,91.70999999999992,120.47000000000003,1.0,-1,-1,-1
42,1,819.16,279.38,92.61000000000001,122.01999999999998,1.0,-1,-1,-1
43,1,816.87,282.0,93.50999999999999,123.57999999999998,1.0,-1,-1,-1
44,1,814.58,284.62,94.39999999999998,125.13,1.0,-1,-1,-1
45,1,812.3,287.23,95.29000000000008,126.69,1.0,-1,-1,-1
46,1,810.01,289.85,96.19000000000005,128.23999999999995,1.0,-1,-1,-1
47,1,807.72,292.47,97.08999999999992,129.78999999999996,1.0,-1,-1,-1
48,1,805.43,295.09,97.98000000000002,131.34000000000003,1.0,-1,-1,-1
49,1,803.14,297.71,98.88,132.89000000000004,1.0,-1,-1,-1
50,1,800.85,300.33,99.77999999999997,134.44,1.0,-1,-1,-1
51,1,798.56,302.95,100.68000000000006,135.99,1.0,-1,-1,-1
52,1,796.27,305.57,101.58000000000004,137.54000000000002,1.0,-1,-1,-1
53,1,793.98,308.19,102.47000000000003,139.08999999999997,1.0,-1,-1,-1
54,1,791.69,310.8,103.36999999999989,140.64999999999998,1.0,-1,-1,-1
55,1,789.4,313.42,104.26999999999998,142.2,1.0,-1,-1,-1
56,1,787.11,316.04,105.16999999999996,143.75,1.0,-1,-1,-1
57,1,784.82,318.66,106.05999999999995,145.29999999999995,1.0,-1,-1,-1
58,1,782.53,321.28,106.96000000000004,146.85000000000002,1.0,-1,-1,-1
59,1,780.24,323.9,107.86000000000001,148.40000000000003,1.0,-1,-1,-1
60,1,777.95,326.52,108.75999999999999,149.95000000000005,1.0,-1,-1,-1
61,1,773.54,329.79,110.22000000000003,154.2,1.0,-1,-1,-1
62,1,769.13,333.06,111.69000000000005,158.45999999999998,1.0,-1,-1,-1
63,1,764.71,336.33,113.15999999999997,162.71000000000004,1.0,-1,-1,-1
64,1,760.3,339.6,114.63,166.95999999999998,1.0,-1,-1,-1
65,1,755.89,342.87,116.10000000000002,171.21000000000004,1.0,-1,-1,-1
66,1,751.48,346.14,117.55999999999995,175.46000000000004,1.0,-1,-1,-1
67,1,747.07,349.41,119.02999999999997,179.71999999999997,1.0,-1,-1,-1
68,1,742.65,352.68,120.50999999999999,183.96999999999997,1.0,-1,-1,-1
69,1,738.24,355.95,121.97000000000003,188.21999999999997,1.0,-1,-1,-1
70,1,733.83,359.22,123.43999999999994,192.47000000000003,1.0,-1,-1,-1
70,2,834.04,278.32,53.97000000000003,50.69,1.0,-1,-1,-1
71,1,726.47,362.82,129.0,199.98999999999995,1.0,-1,-1,-1
71,2,832.4,280.28,53.97000000000003,50.700000000000045,1.0,-1,-1,-1
72,1,719.11,366.42,134.55999999999995,207.52000000000004,1.0,-1,-1,-1
72,2,830.77,282.24,53.97000000000003,50.69999999999999,1.0,-1,-1,-1
73,1,711.75,370.02,140.13,215.03999999999996,1.0,-1,-1,-1
73,2,829.13,284.2,53.97000000000003,50.69999999999999,1.0,-1,-1,-1
74,1,704.39,373.61,145.69000000000005,222.56999999999994,1.0,-1,-1,-1
74,2,827.49,286.17,53.97000000000003,50.69,1.0,-1,-1,-1
75,1,697.03,377.21,151.25,230.08999999999997,1.0,-1,-1,-1
75,2,825.86,288.13,53.97000000000003,50.69999999999999,1.0,-1,-1,-1
76,1,689.67,380.81,156.82000000000005,237.60999999999996,1.0,-1,-1,-1
76,2,824.22,290.09,53.97000000000003,50.700000000000045,1.0,-1,-1,-1
77,1,682.31,384.41,162.3800000000001,245.12999999999994,1.0,-1,-1,-1
77,2,822.59,292.05,53.969999999999914,50.69999999999999,1.0,-1,-1,-1
78,1,674.95,388.0,167.93999999999994,252.65999999999997,1.0,-1,-1,-1
78,2,820.95,294.02,53.969999999999914,50.69,1.0,-1,-1,-1
79,1,667.59,391.6,173.51,260.17999999999995,1.0,-1,-1,-1
79,2,819.32,295.98,53.969999999999914,50.69999999999999,1.0,-1,-1,-1
80,1,660.23,395.2,179.06999999999994,267.7,1.0,-1,-1,-1
80,2,817.68,297.94,53.97000000000003,50.69999999999999,1.0,-1,-1,-1
80,3,809.5,257.06,44.15999999999997,47.420000000000016,1.0,-1,-1,-1
80,4,909.27,232.52,45.789999999999964,40.890000000000015,1.0,-1,-1,-1
80,5,856.93,193.27,52.34000000000003,68.68999999999997,1.0,-1,-1,-1
81,1,641.02,406.04,192.76,282.93,1.0,-1,-1,-1
81,2,814.92,299.48,54.889999999999986,51.60999999999996,1.0,-1,-1,-1
81,3,807.26,258.28,45.27999999999997,48.25,1.0,-1,-1,-1
81,4,908.86,233.95,45.789999999999964,40.889999999999986,1.0,-1,-1,-1
81,5,856.11,193.27,52.85000000000002,69.50999999999996,1.0,-1,-1,-1
82,1,621.8,416.88,206.46000000000004,298.15,1.0,-1,-1,-1
82,2,812.16,301.01,55.81000000000006,52.54000000000002,1.0,-1,-1,-1
82,3,805.01,259.51,46.40999999999997,49.06,1.0,-1,-1,-1
82,4,908.45,235.39,45.789999999999964,40.879999999999995,1.0,-1,-1,-1
82,5,855.3,193.28,53.360000000000014,70.32000000000002,1.0,-1,-1,-1
83,1,602.58,427.71,220.15999999999997,313.39000000000004,1.0,-1,-1,-1
83,2,809.4,302.55,56.73000000000002,53.44999999999999,1.0,-1,-1,-1
83,3,802.76,260.74,47.52999999999997,49.879999999999995,1.0,-1,-1,-1
83,4,908.04,236.82,45.79000000000008,40.879999999999995,1.0,-1,-1,-1
83,5,854.48,193.28,53.870000000000005,71.13000000000002,1.0,-1,-1,-1
84,1,583.37,438.55,233.86,328.60999999999996,1.0,-1,-1,-1
84,2,806.64,304.08,57.64999999999998,54.370000000000005,1.0,-1,-1,-1
84,3,800.51,261.97,48.65999999999997,50.69,1.0,-1,-1,-1
84,4,907.63,238.25,45.789999999999964,40.879999999999995,1.0,-1,-1,-1
84,5,853.66,193.28,54.389999999999986,71.95000000000002,1.0,-1,-1,-1
85,1,564.15,449.39,247.56000000000006,343.84000000000003,1.0,-1,-1,-1
85,2,803.88,305.62,58.57000000000005,55.27999999999997,1.0,-1,-1,-1
85,3,798.26,263.19,49.789999999999964,51.50999999999999,1.0,-1,-1,-1
85,4,907.22,239.68,45.789999999999964,40.879999999999995,1.0,-1,-1,-1
85,5,852.84,193.28,54.90999999999997,72.77000000000001,1.0,-1,-1,-1
86,1,544.94,460.23,261.25,359.05999999999995,1.0,-1,-1,-1
86,2,801.12,307.15,59.49000000000001,56.210000000000036,1.0,-1,-1,-1
86,3,796.01,264.42,50.91999999999996,52.329999999999984,1.0,-1,-1,-1
86,4,906.81,241.11,45.80000000000007,40.889999999999986,1.0,-1,-1,-1
86,5,852.03,193.28,55.41000000000008,73.59,1.0,-1,-1,-1
87,1,525.72,471.06,274.94999999999993,374.3,1.0,-1,-1,-1
87,2,798.36,308.69,60.40999999999997,57.120000000000005,1.0,-1,-1,-1
87,3,793.76,265.65,52.039999999999964,53.14000000000004,1.0,-1,-1,-1
87,4,906.4,242.54,45.80000000000007,40.890000000000015,1.0,-1,-1,-1
87,5,851.21,193.28,55.92999999999995,74.41,1.0,-1,-1,-1
88,1,506.5,481.9,288.65,389.52,1.0,-1,-1,-1
88,2,795.6,310.22,61.32999999999993,58.039999999999964,1.0,-1,-1,-1
88,3,791.52,266.88,53.15999999999997,53.95999999999998,1.0,-1,-1,-1
88,4,906.0,243.97,45.789999999999964,40.890000000000015,1.0,-1,-1,-1
88,5,850.39,193.29,56.440000000000055,75.21000000000001,1.0,-1,-1,-1
89,1,487.29,492.74,302.34,404.75,1.0,-1,-1,-1
89,2,792.84,311.76,62.25,58.960000000000036,1.0,-1,-1,-1
89,3,789.27,268.11,54.289999999999964,54.76999999999998,1.0,-1,-1,-1
89,4,905.59,245.4,45.789999999999964,40.890000000000015,1.0,-1,-1,-1
89,5,849.57,193.29,56.95999999999992,76.03,1.0,-1,-1,-1
90,1,468.07,503.58,316.04,419.96999999999997,1.0,-1,-1,-1
90,2,790.08,313.29,63.15999999999997,59.879999999999995,1.0,-1,-1,-1
90,3,787.02,269.33,55.42000000000007,55.60000000000002,1.0,-1,-1,-1
90,4,905.18,246.83,45.79000000000008,40.890000000000015,1.0,-1,-1,-1
90,5,848.76,193.29,57.460000000000036,76.85,1.0,-1,-1,-1
91,1,448.85,514.41,329.74,435.21000000000004,1.0,-1,-1,-1
91,2,787.33,314.83,64.06999999999994,60.79000000000002,1.0,-1,-1,-1
91,3,784.77,270.56,56.539999999999964,56.410000000000025,1.0,-1,-1,-1
91,4,904.77,248.26,45.789999999999964,40.889999999999986,1.0,-1,-1,-1
91,5,847.94,193.29,57.979999999999905,77.66999999999999,1.0,-1,-1,-1
92,1,429.64,525.25,343.44000000000005,450.42999999999995,1.0,-1,-1,-1
92,2,784.57,316.36,64.9899999999999,61.71999999999997,1.0,-1,-1,-1
92,3,782.52,271.79,57.67000000000007,57.21999999999997,1.0,-1,-1,-1
92,4,904.36,249.7,45.789999999999964,40.879999999999995,1.0,-1,-1,-1
92,5,847.12,193.29,58.5,78.47999999999999,1.0,-1,-1,-1
93,1,410.42,536.09,357.13999999999993,465.65,1.0,-1,-1,-1
93,2,781.81,317.9,65.91000000000008,62.629999999999995,1.0,-1,-1,-1
93,3,780.27,273.02,58.80000000000007,58.04000000000002,1.0,-1,-1,-1
93,4,903.95,251.13,45.789999999999964,40.879999999999995,1.0,-1,-1,-1
93,5,846.3,193.29,59.00999999999999,79.29999999999998,1.0,-1,-1,-1
94,1,391.2,546.93,370.84,480.88,1.0,-1,-1,-1
94,2,779.05,319.43,66.83000000000004,63.55000000000001,1.0,-1,-1,-1
94,3,778.02,274.24,59.930000000000064,58.860000000000014,1.0,-1,-1,-1
94,4,903.54,252.56,45.79000000000008,40.879999999999995,1.0,-1,-1,-1
94,5,845.48,193.3,59.52999999999997,80.11000000000001,1.0,-1,-1,-1
95,1,371.99,557.76,384.53,496.1099999999999,1.0,-1,-1,-1
95,2,776.29,320.97,67.75,64.46999999999997,1.0,-1,-1,-1
95,3,775.77,275.47,61.05000000000007,59.67999999999995,1.0,-1,-1,-1
95,4,903.13,253.99,45.799999999999955,40.879999999999995,1.0,-1,-1,-1
95,5,844.67,193.3,60.030000000000086,80.93,1.0,-1,-1,-1
96,1,352.77,568.6,398.23,511.34000000000003,1.0,-1,-1,-1
96,2,773.53,322.5,68.67000000000007,65.38999999999999,1.0,-1,-1,-1
96,3,773.53,276.7,62.17000000000007,60.49000000000001,1.0,-1,-1,-1
96,4,902.72,255.42,45.799999999999955,40.880000000000024,1.0,-1,-1,-1
96,5,843.85,193.3,60.549999999999955,81.75,1.0,-1,-1,-1
97,1,342.3,580.38,398.22999999999996,496.63,1.0,-1,-1,-1
97,2,770.91,323.8,69.64999999999998,66.38,1.0,-1,-1,-1
97,3,773.2,279.64,62.16999999999996,60.5,1.0,-1,-1,-1
97,4,902.72,255.09,45.799999999999955,40.890000000000015,1.0,-1,-1,-1
97,5,843.03,193.3,60.55000000000007,81.75,1.0,-1,-1,-1
98,1,331.84,592.15,398.2300000000001,481.92999999999995,1.0,-1,-1,-1
98,2,768.29,325.1,70.63,67.37,1.0,-1,-1,-1
98,3,772.87,282.59,62.17999999999995,60.49000000000001,1.0,-1,-1,-1
98,4,902.72,254.77,45.799999999999955,40.87999999999997,1.0,-1,-1,-1
98,5,842.21,193.3,60.549999999999955,81.75,1.0,-1,-1,-1
99,1,321.37,603.93,398.23,467.21000000000015,1.0,-1,-1,-1
99,2,765.68,326.4,71.60000000000002,68.36000000000001,1.0,-1,-1,-1
99,3,772.54,285.53,62.180000000000064,60.49000000000001,1.0,-1,-1,-1
99,4,902.72,254.44,45.799999999999955,40.879999999999995,1.0,-1,-1,-1
99,5,841.4,193.3,60.55000000000007,81.75,1.0,-1,-1,-1
100,1,310.9,615.7,398.23,452.51,1.0,-1,-1,-1
100,2,763.06,327.7,72.58000000000004,69.35000000000002,1.0,-1,-1,-1
100,3,772.22,288.48,62.16999999999996,60.49000000000001,1.0,-1,-1,-1
100,4,902.72,254.11,45.799999999999955,40.889999999999986,1.0,-1,-1,-1
100,5,840.58,193.3,60.549999999999955,81.75,1.0,-1,-1,-1
101,1,300.44,627.48,398.22999999999996,437.79999999999995,1.0,-1,-1,-1
101,2,760.44,329.0,73.55999999999995,70.33999999999997,1.0,-1,-1,-1
101,3,771.89,291.42,62.16999999999996,60.49000000000001,1.0,-1,-1,-1
101,4,902.72,253.78,45.799999999999955,40.890000000000015,1.0,-1,-1,-1
101,5,839.76,193.3,60.549999999999955,81.75,1.0,-1,-1,-1
102,1,232.29,656.92,448.9200000000001,413.2700000000001,1.0,-1,-1,-1
102,2,756.63,333.36,73.54999999999995,70.33999999999997,1.0,-1,-1,-1
102,3,768.62,290.33,62.16999999999996,60.49000000000001,1.0,-1,-1,-1
102,4,901.09,255.66,47.89999999999998,41.81000000000003,1.0,-1,-1,-1
102,5,838.94,193.3,60.549999999999955,81.75,1.0,-1,-1,-1
103,1,164.15,686.36,499.61,388.7299999999999,1.0,-1,-1,-1
103,2,752.81,337.72,73.56000000000006,70.33999999999997,1.0,-1,-1,-1
103,3,765.35,289.24,62.16999999999996,60.49000000000001,1.0,-1,-1,-1
103,4,899.45,257.53,50.0,42.75,1.0,-1,-1,-1
103,5,838.12,193.3,60.559999999999945,81.75,1.0,-1,-1,-1
104,1,96.01,715.8,550.29,364.20000000000005,1.0,-1,-1,-1
104,2,749.0,342.08,73.54999999999995,70.34000000000003,1.0,-1,-1,-1
104,3,762.08,288.15,62.16999999999996,60.49000000000001,1.0,-1,-1,-1
104,4,897.82,259.41,52.09999999999991,43.66999999999996,1.0,-1,-1,-1
104,5,837.31,193.3,60.55000000000007,81.75,1.0,-1,-1,-1
105,1,75.84,756.69,550.29,323.30999999999995,1.0,-1,-1,-1
105,2,746.54,342.9,73.56000000000006,70.34000000000003,1.0,-1,-1,-1
105,3,758.81,291.42,62.17000000000007,60.49000000000001,1.0,-1,-1,-1
105,4,896.18,261.28,54.210000000000036,44.60000000000002,1.0,-1,-1,-1
105,5,836.08,194.94,60.549999999999955,81.74000000000001,1.0,-1,-1,-1
106,1,55.67,797.57,550.2900000000001,282.42999999999995,1.0,-1,-1,-1
106,2,744.09,343.72,73.55999999999995,70.33999999999997,1.0,-1,-1,-1
106,3,755.54,294.69,62.17000000000007,60.49000000000001,1.0,-1,-1,-1
106,4,894.55,263.15,56.31000000000006,45.54000000000002,1.0,-1,-1,-1
106,5,834.85,196.57,60.549999999999955,81.75,1.0,-1,-1,-1
107,1,35.5,838.46,550.29,241.53999999999996,1.0,-1,-1,-1
107,2,741.64,344.54,73.55000000000007,70.32999999999998,1.0,-1,-1,-1
107,3,752.26,297.96,62.180000000000064,60.49000000000001,1.0,-1,-1,-1
107,4,892.91,265.03,58.42000000000007,46.460000000000036,1.0,-1,-1,-1
107,5,833.63,198.21,60.549999999999955,81.73999999999998,1.0,-1,-1,-1
108,2,739.18,345.35,73.56000000000006,70.33999999999997,1.0,-1,-1,-1
108,3,748.99,301.23,62.17999999999995,60.49000000000001,1.0,-1,-1,-1
108,4,891.28,266.9,60.51999999999998,47.400000000000034,1.0,-1,-1,-1
108,5,832.4,199.84,60.55000000000007,81.74999999999997,1.0,-1,-1,-1
108,6,910.9,232.52,45.79000000000008,45.79999999999998,1.0,-1,-1,-1
109,2,733.38,349.36,76.00999999999999,72.78999999999996,1.0,-1,-1,-1
109,3,745.89,303.03,64.05000000000007,61.55000000000001,1.0,-1,-1,-1
109,4,890.46,267.8,60.76999999999998,47.71999999999997,1.0,-1,-1,-1
109,5,831.34,199.59,61.860000000000014,83.22,1.0,-1,-1,-1
109,6,910.33,233.01,46.27999999999997,46.210000000000036,1.0,-1,-1,-1
110,2,727.57,353.37,78.46999999999991,75.24000000000001,1.0,-1,-1,-1
110,3,742.78,304.83,65.93000000000006,62.620000000000005,1.0,-1,-1,-1
110,4,889.64,268.7,61.01999999999998,48.05000000000001,1.0,-1,-1,-1
110,5,830.27,199.35,63.180000000000064,84.69000000000003,1.0,-1,-1,-1
110,6,909.76,233.5,46.76999999999998,46.610000000000014,1.0,-1,-1,-1
111,2,721.77,357.38,80.90999999999997,77.69,1.0,-1,-1,-1
111,3,739.67,306.63,67.81000000000006,63.68000000000001,1.0,-1,-1,-1
111,4,888.82,269.59,61.26999999999998,48.39000000000004,1.0,-1,-1,-1
111,5,829.21,199.1,64.48000000000002,86.16999999999999,1.0,-1,-1,-1
111,6,909.18,233.99,47.270000000000095,47.01999999999998,1.0,-1,-1,-1
112,2,715.96,361.38,83.37,80.14999999999998,1.0,-1,-1,-1
112,3,736.56,308.42,69.70000000000005,64.75,1.0,-1,-1,-1
112,4,888.01,270.49,61.5,48.70999999999998,1.0,-1,-1,-1
112,5,828.15,198.85,65.79000000000008,87.64000000000001,1.0,-1,-1,-1
112,6,908.61,234.48,47.76999999999998,47.430000000000035,1.0,-1,-1,-1
113,2,710.15,365.39,85.83000000000004,82.60000000000002,1.0,-1,-1,-1
113,3,733.46,310.22,71.56999999999994,65.80999999999995,1.0,-1,-1,-1
113,4,887.19,271.39,61.75,49.04000000000002,1.0,-1,-1,-1
113,5,827.09,198.61,67.10000000000002,89.11000000000001,1.0,-1,-1,-1
113,6,908.04,234.97,48.25999999999999,47.84,1.0,-1,-1,-1
114,2,704.35,369.4,88.27999999999997,85.05000000000001,1.0,-1,-1,-1
114,3,730.35,312.02,73.44999999999993,66.87,1.0,-1,-1,-1
114,4,886.37,272.29,62.0,49.370000000000005,1.0,-1,-1,-1
114,5,826.02,198.36,68.42000000000007,90.58999999999997,1.0,-1,-1,-1
114,6,907.47,235.46,48.75,48.24999999999997,1.0,-1,-1,-1
115,2,698.54,373.41,90.74000000000001,87.5,1.0,-1,-1,-1
115,3,727.24,313.82,75.33000000000004,67.94,1.0,-1,-1,-1
115,4,885.55,273.19,62.25,49.69,1.0,-1,-1,-1
115,5,824.96,198.11,69.71999999999991,92.06,1.0,-1,-1,-1
115,6,906.89,235.95,49.25,48.660000000000025,1.0,-1,-1,-1
116,2,692.74,377.41,93.17999999999995,89.95999999999998,1.0,-1,-1,-1
116,3,724.14,315.62,77.20000000000005,69.0,1.0,-1,-1,-1
116,4,884.73,274.08,62.5,50.03000000000003,1.0,-1,-1,-1
116,5,823.9,197.87,71.02999999999997,93.52999999999997,1.0,-1,-1,-1
116,6,906.32,236.43,49.739999999999895,49.079999999999984,1.0,-1,-1,-1
117,2,686.93,381.42,95.6400000000001,92.40999999999997,1.0,-1,-1,-1
117,3,721.03,317.42,79.08000000000004,70.06,1.0,-1,-1,-1
117,4,883.92,274.98,62.74000000000001,50.35999999999996,1.0,-1,-1,-1
117,5,822.83,197.62,72.34999999999991,95.00999999999999,1.0,-1,-1,-1
117,6,905.75,236.92,50.23000000000002,49.49000000000004,1.0,-1,-1,-1
118,2,681.12,385.43,98.10000000000002,94.86000000000001,1.0,-1,-1,-1
118,3,717.92,319.22,80.96000000000004,71.11999999999995,1.0,-1,-1,-1
118,4,883.1,275.88,62.99000000000001,50.68000000000001,1.0,-1,-1,-1
118,5,821.77,197.37,73.65999999999997,96.48000000000002,1.0,-1,-1,-1
118,6,905.18,237.41,50.72000000000003,49.900000000000006,1.0,-1,-1,-1
119,2,675.32,389.43,100.54999999999995,97.32,1.0,-1,-1,-1
119,3,714.81,321.01,82.85000000000002,72.19,1.0,-1,-1,-1
119,4,882.28,276.78,63.23000000000002,51.01000000000005,1.0,-1,-1,-1
119,5,820.71,197.12,74.95999999999992,97.95999999999998,1.0,-1,-1,-1
119,6,904.61,237.9,51.210000000000036,50.309999999999974,1.0,-1,-1,-1
120,2,669.51,393.44,103.00999999999999,99.76999999999998,1.0,-1,-1,-1
120,3,711.71,322.81,84.71999999999991,73.25999999999999,1.0,-1,-1,-1
120,4,881.46,277.68,63.48000000000002,51.339999999999975,1.0,-1,-1,-1
120,5,819.64,196.88,76.27999999999997,99.43,1.0,-1,-1,-1
120,6,904.03,238.39,51.710000000000036,50.72000000000003,1.0,-1,-1,-1
121,2,663.71,397.45,105.44999999999993,102.22000000000003,1.0,-1,-1,-1
121,3,708.6,324.61,86.60000000000002,74.32,1.0,-1,-1,-1
121,4,880.65,278.57,63.72000000000003,51.670000000000016,1.0,-1,-1,-1
121,5,818.58,196.63,77.58999999999992,100.89999999999998,1.0,-1,-1,-1
121,6,903.46,238.88,52.19999999999993,51.129999999999995,1.0,-1,-1,-1
122,2,657.9,401.46,107.90999999999997,104.67000000000002,1.0,-1,-1,-1
122,3,705.49,326.41,88.48000000000002,75.38,1.0,-1,-1,-1
122,4,879.83,279.47,63.969999999999914,52.0,1.0,-1,-1,-1
122,5,817.52,196.38,78.89999999999998,102.38,1.0,-1,-1,-1
122,6,902.89,239.37,52.690000000000055,51.54000000000002,1.0,-1,-1,-1
123,2,652.1,405.46,110.36000000000001,107.13000000000005,1.0,-1,-1,-1
123,3,702.38,328.21,90.36000000000001,76.44,1.0,-1,-1,-1
123,4,879.01,280.37,64.22000000000003,52.329999999999984,1.0,-1,-1,-1
123,5,816.45,196.14,80.20999999999992,103.85000000000002,1.0,-1,-1,-1
123,6,902.32,239.86,53.17999999999995,51.94999999999999,1.0,-1,-1,-1
124,2,646.29,409.47,112.82000000000005,109.57999999999993,1.0,-1,-1,-1
124,3,699.28,330.01,92.23000000000002,77.5,1.0,-1,-1,-1
124,4,878.19,281.27,64.46999999999991,52.650000000000034,1.0,-1,-1,-1
124,5,815.39,195.89,81.51999999999998,105.32,1.0,-1,-1,-1
124,6,901.74,240.34,53.67999999999995,52.369999999999976,1.0,-1,-1,-1
125,2,640.48,413.48,115.27999999999997,112.02999999999997,1.0,-1,-1,-1
125,3,696.17,331.8,94.12,78.57999999999998,1.0,-1,-1,-1
125,4,877.38,282.16,64.70000000000005,52.98999999999995,1.0,-1,-1,-1
125,5,814.33,195.64,82.82999999999993,106.80000000000001,1.0,-1,-1,-1
125,6,901.17,240.83,54.17000000000007,52.78,1.0,-1,-1,-1
126,2,634.68,417.49,117.72000000000003,114.48000000000002,1.0,-1,-1,-1
126,3,693.06,333.6,96.0,79.63999999999999,1.0,-1,-1,-1
126,4,876.56,283.06,64.95000000000005,53.31,1.0,-1,-1,-1
126,5,813.27,195.39,84.13999999999999,108.28000000000003,1.0,-1,-1,-1
126,6,900.6,241.32,54.65999999999997,53.19,1.0,-1,-1,-1
127,2,628.87,421.49,120.17999999999995,116.93999999999994,1.0,-1,-1,-1
127,3,689.95,335.4,97.88,80.70000000000005,1.0,-1,-1,-1
127,4,875.74,283.96,65.20000000000005,53.64000000000004,1.0,-1,-1,-1
127,5,812.2,195.15,85.44999999999993,109.73999999999998,1.0,-1,-1,-1
127,6,900.03,241.81,55.14999999999998,53.60000000000002,1.0,-1,-1,-1
128,2,623.07,425.5,122.63,119.38999999999999,1.0,-1,-1,-1
128,3,686.85,337.2,99.75,81.75999999999999,1.0,-1,-1,-1
128,4,874.92,284.86,65.45000000000005,53.96999999999997,1.0,-1,-1,-1
128,5,811.14,194.9,86.75999999999999,111.22,1.0,-1,-1,-1
128,6,899.45,242.3,55.64999999999998,54.00999999999999,1.0,-1,-1,-1
129,2,613.75,432.04,128.35000000000002,122.17000000000002,1.0,-1,-1,-1
129,3,682.1,340.14,100.89999999999998,83.08000000000004,1.0,-1,-1,-1
129,4,872.8,286.65,66.42000000000007,54.960000000000036,1.0,-1,-1,-1
129,5,809.83,196.04,86.75999999999999,111.22,1.0,-1,-1,-1
129,6,898.96,244.26,55.64999999999998,54.00999999999999,1.0,-1,-1,-1
130,2,604.42,438.58,134.08000000000004,124.94999999999999,1.0,-1,-1,-1
130,3,677.36,343.08,102.03999999999996,84.39000000000004,1.0,-1,-1,-1
130,4,870.67,288.45,67.41000000000008,55.94,1.0,-1,-1,-1
130,5,808.52,197.19,86.75999999999999,111.22000000000003,1.0,-1,-1,-1
130,6,898.47,246.22,55.64999999999998,54.01000000000002,1.0,-1,-1,-1
131,2,595.1,445.12,139.79999999999995,127.74000000000001,1.0,-1,-1,-1
131,3,672.62,346.02,103.17999999999995,85.70000000000005,1.0,-1,-1,-1
131,4,868.54,290.24,68.38999999999999,56.93000000000001,1.0,-1,-1,-1
131,5,807.21,198.33,86.76999999999998,111.22,1.0,-1,-1,-1
131,6,897.98,248.19,55.64999999999998,54.0,1.0,-1,-1,-1
132,2,585.78,451.66,145.51999999999998,130.51999999999992,1.0,-1,-1,-1
132,3,667.88,348.96,104.32000000000005,87.01000000000005,1.0,-1,-1,-1
132,4,866.42,292.04,69.36000000000001,57.90999999999997,1.0,-1,-1,-1
132,5,805.91,199.48,86.75999999999999,111.22,1.0,-1,-1,-1
132,6,897.49,250.15,55.64999999999998,54.01000000000002,1.0,-1,-1,-1
133,2,576.46,458.2,151.24,133.3,1.0,-1,-1,-1
133,3,663.13,351.9,105.47000000000003,88.32000000000005,1.0,-1,-1,-1
133,4,864.29,293.83,70.35000000000002,58.900000000000034,1.0,-1,-1,-1
133,5,804.6,200.62,86.75999999999999,111.21999999999997,1.0,-1,-1,-1
133,6,897.0,252.11,55.64999999999998,54.00999999999999,1.0,-1,-1,-1
134,2,567.14,464.74,156.96000000000004,136.08000000000004,1.0,-1,-1,-1
134,3,658.39,354.84,106.61000000000001,89.64000000000004,1.0,-1,-1,-1
134,4,862.17,295.62,71.32000000000005,59.889999999999986,1.0,-1,-1,-1
134,5,803.29,201.77,86.75999999999999,111.22,1.0,-1,-1,-1
134,6,896.51,254.07,55.64999999999998,54.00999999999999,1.0,-1,-1,-1
135,2,557.81,471.28,162.69000000000005,138.86,1.0,-1,-1,-1
135,3,653.65,357.78,107.75,90.95000000000005,1.0,-1,-1,-1
135,4,860.04,297.42,72.30000000000007,60.870000000000005,1.0,-1,-1,-1
135,5,801.98,202.91,86.75999999999999,111.22,1.0,-1,-1,-1
135,6,896.02,256.04,55.64999999999998,54.0,1.0,-1,-1,-1
136,2,548.49,477.82,168.40999999999997,141.65000000000003,1.0,-1,-1,-1
136,3,648.91,360.72,108.88999999999999,92.25999999999999,1.0,-1,-1,-1
136,4,857.91,299.21,73.28000000000009,61.860000000000014,1.0,-1,-1,-1
136,5,800.67,204.06,86.75999999999999,111.21999999999997,1.0,-1,-1,-1
136,6,895.53,258.0,55.64999999999998,54.00999999999999,1.0,-1,-1,-1
137,2,539.17,484.36,174.13,144.42999999999995,1.0,-1,-1,-1
137,3,644.16,363.66,110.04000000000008,93.57,1.0,-1,-1,-1
137,4,855.79,301.01,74.25999999999999,62.84000000000003,1.0,-1,-1,-1
137,5,799.36,205.2,86.76999999999998,111.22000000000003,1.0,-1,-1,-1
137,6,895.04,259.96,55.639999999999986,54.01000000000005,1.0,-1,-1,-1
138,2,529.85,490.9,179.85000000000002,147.21000000000004,1.0,-1,-1,-1
138,3,639.42,366.6,111.18000000000006,94.88,1.0,-1,-1,-1
138,4,853.66,302.8,75.24000000000001,63.829999999999984,1.0,-1,-1,-1
138,5,798.06,206.35,86.7600000000001,111.22,1.0,-1,-1,-1
138,6,894.55,261.92,55.6400000000001,54.00999999999999,1.0,-1,-1,-1
139,2,513.66,501.2,184.26,151.46999999999997,1.0,-1,-1,-1
139,3,632.55,371.51,112.98000000000002,97.32999999999998,1.0,-1,-1,-1
139,4,852.35,304.27,76.22000000000003,64.81,1.0,-1,-1,-1
139,5,797.73,206.68,86.75999999999999,111.20999999999998,1.0,-1,-1,-1
139,6,893.89,262.58,55.64999999999998,54.0,1.0,-1,-1,-1
140,2,497.47,511.5,188.66999999999996,155.72000000000003,1.0,-1,-1,-1
140,3,625.68,376.42,114.78000000000009,99.77999999999997,1.0,-1,-1,-1
140,4,851.04,305.74,77.20000000000005,65.80000000000001,1.0,-1,-1,-1
140,5,797.4,207.0,86.75999999999999,111.22000000000003,1.0,-1,-1,-1
140,6,893.24,263.23,55.64999999999998,54.00999999999999,1.0,-1,-1,-1
141,2,481.28,521.8,193.08000000000004,159.98000000000002,1.0,-1,-1,-1
141,3,618.81,381.33,116.58000000000004,102.23000000000002,1.0,-1,-1,-1
141,4,849.74,307.21,78.16999999999996,66.78000000000003,1.0,-1,-1,-1
141,5,797.08,207.33,86.75999999999999,111.22,1.0,-1,-1,-1
141,6,892.58,263.89,55.64999999999998,54.0,1.0,-1,-1,-1
142,2,465.08,532.1,197.50000000000006,164.23000000000002,1.0,-1,-1,-1
142,3,611.94,386.24,118.38,104.68,1.0,-1,-1,-1
142,4,848.43,308.68,79.15000000000009,67.75999999999999,1.0,-1,-1,-1
142,5,796.75,207.66,86.75999999999999,111.22,1.0,-1,-1,-1
142,6,891.93,264.54,55.65000000000009,54.00999999999999,1.0,-1,-1,-1
143,2,448.89,542.4,201.90999999999997,168.49,1.0,-1,-1,-1
143,3,605.08,391.15,120.16999999999996,107.13,1.0,-1,-1,-1
143,4,847.12,310.15,80.13,68.75,1.0,-1,-1,-1
143,5,796.42,207.98,86.75999999999999,111.22,1.0,-1,-1,-1
143,6,891.28,265.2,55.639999999999986,54.0,1.0,-1,-1,-1
144,2,432.7,552.7,206.32,172.74,1.0,-1,-1,-1
144,3,598.21,396.06,121.96999999999991,109.57999999999998,1.0,-1,-1,-1
144,4,845.81,311.62,81.11000000000001,69.73000000000002,1.0,-1,-1,-1
144,5,796.09,208.31,86.75999999999999,111.21999999999997,1.0,-1,-1,-1
144,6,890.62,265.85,55.64999999999998,54.00999999999999,1.0,-1,-1,-1
145,2,416.51,563.0,210.73000000000002,177.0,1.0,-1,-1,-1
145,3,591.34,400.97,123.76999999999998,112.02999999999997,1.0,-1,-1,-1
145,4,844.5,313.09,82.09000000000003,70.71000000000004,1.0,-1,-1,-1
145,5,795.77,208.64,86.75999999999999,111.22000000000003,1.0,-1,-1,-1
145,6,889.97,266.5,55.639999999999986,54.00999999999999,1.0,-1,-1,-1
146,2,400.32,573.3,215.14000000000004,181.25,1.0,-1,-1,-1
146,3,584.47,405.88,125.56999999999994,114.48000000000002,1.0,-1,-1,-1
146,4,843.19,314.56,83.06999999999994,71.69999999999999,1.0,-1,-1,-1
146,5,795.44,208.97,86.75999999999999,111.21000000000001,1.0,-1,-1,-1
146,6,889.31,267.16,55.65000000000009,54.0,1.0,-1,-1,-1
147,2,384.13,583.6,219.54999999999995,185.51,1.0,-1,-1,-1
147,3,577.6,410.79,127.37,116.93,1.0,-1,-1,-1
147,4,841.89,316.03,84.03999999999996,72.68,1.0,-1,-1,-1
147,5,795.11,209.29,86.75999999999999,111.22,1.0,-1,-1,-1
147,6,888.66,267.81,55.64999999999998,54.00999999999999,1.0,-1,-1,-1
148,2,367.94,593.9,223.95999999999998,189.76,1.0,-1,-1,-1
148,3,570.73,415.7,129.16999999999996,119.38000000000005,1.0,-1,-1,-1
148,4,840.58,317.5,85.01999999999998,73.66000000000003,1.0,-1,-1,-1
148,5,794.79,209.62,86.75999999999999,111.21999999999997,1.0,-1,-1,-1
148,6,888.0,268.47,55.64999999999998,54.0,1.0,-1,-1,-1
149,2,334.58,611.4,243.91000000000003,201.89999999999998,1.0,-1,-1,-1
149,3,561.24,421.59,132.76999999999998,122.32,1.0,-1,-1,-1
149,4,838.12,320.12,86.34000000000003,75.13,1.0,-1,-1,-1
149,5,792.99,209.62,87.73000000000002,112.19999999999999,1.0,-1,-1,-1
149,6,885.88,269.61,57.120000000000005,55.47999999999996,1.0,-1,-1,-1
150,2,301.21,628.9,263.87000000000006,214.02999999999997,1.0,-1,-1,-1
150,3,551.76,427.48,136.36,125.25999999999999,1.0,-1,-1,-1
150,4,835.67,322.74,87.65000000000009,76.59999999999997,1.0,-1,-1,-1
150,5,791.19,209.62,88.70999999999992,113.18,1.0,-1,-1,-1
150,6,883.75,270.75,58.60000000000002,56.95999999999998,1.0,-1,-1,-1
151,2,267.85,646.4,283.81999999999994,226.17000000000007,1.0,-1,-1,-1
151,3,542.27,433.37,139.96000000000004,128.20000000000005,1.0,-1,-1,-1
151,4,833.22,325.36,88.95999999999992,78.07,1.0,-1,-1,-1
151,5,789.39,209.61,89.69000000000005,114.16999999999996,1.0,-1,-1,-1
151,6,881.63,271.9,60.07000000000005,58.420000000000016,1.0,-1,-1,-1
152,2,234.49,663.9,303.77,238.30000000000007,1.0,-1,-1,-1
152,3,532.79,439.26,143.55000000000007,131.14,1.0,-1,-1,-1
152,4,830.76,327.98,90.27999999999997,79.53999999999996,1.0,-1,-1,-1
152,5,787.59,209.61,90.66999999999996,115.14999999999998,1.0,-1,-1,-1
152,6,879.5,273.04,61.549999999999955,59.89999999999998,1.0,-1,-1,-1
153,2,201.13,681.4,323.72,250.43000000000006,1.0,-1,-1,-1
153,3,523.3,445.15,147.1500000000001,134.09000000000003,1.0,-1,-1,-1
153,4,828.31,330.6,91.59000000000003,81.00999999999999,1.0,-1,-1,-1
153,5,785.79,209.61,91.65000000000009,116.13,1.0,-1,-1,-1
153,6,877.37,274.18,63.02999999999997,61.379999999999995,1.0,-1,-1,-1
154,2,167.76,698.9,343.68,262.57000000000005,1.0,-1,-1,-1
154,3,513.82,451.04,150.7399999999999,137.03000000000003,1.0,-1,-1,-1
154,4,825.86,333.22,92.89999999999998,82.46999999999997,1.0,-1,-1,-1
154,5,783.99,209.61,92.63,117.12,1.0,-1,-1,-1
154,6,875.25,275.33,64.50999999999999,62.84000000000003,1.0,-1,-1,-1
155,2,134.4,716.4,363.63,274.70000000000005,1.0,-1,-1,-1
155,3,504.33,456.93,154.33999999999997,139.96999999999997,1.0,-1,-1,-1
155,4,823.41,335.84,94.21000000000004,83.94,1.0,-1,-1,-1
155,5,782.19,209.61,93.59999999999991,118.09999999999997,1.0,-1,-1,-1
155,6,873.12,276.47,65.99000000000001,64.32,1.0,-1,-1,-1
156,2,101.04,733.9,383.58,286.83000000000004,1.0,-1,-1,-1
156,3,494.85,462.82,157.92999999999995,142.91000000000003,1.0,-1,-1,-1
156,4,820.95,338.46,95.52999999999997,85.41000000000003,1.0,-1,-1,-1
156,5,780.39,209.6,94.58000000000004,119.09,1.0,-1,-1,-1
156,6,871.0,277.61,67.46000000000004,65.80000000000001,1.0,-1,-1,-1
157,2,67.68,751.4,403.53,298.9699999999999,1.0,-1,-1,-1
157,3,485.36,468.71,161.52999999999997,145.84999999999997,1.0,-1,-1,-1
157,4,818.5,341.08,96.84000000000003,86.88,1.0,-1,-1,-1
157,5,778.59,209.6,95.55999999999995,120.07000000000002,1.0,-1,-1,-1
157,6,868.87,278.76,68.93999999999994,67.25999999999999,1.0,-1,-1,-1
158,2,34.31,768.9,423.49,311.1,1.0,-1,-1,-1
158,3,475.88,474.6,165.12,148.78999999999996,1.0,-1,-1,-1
158,4,816.05,343.7,98.15000000000009,88.35000000000002,1.0,-1,-1,-1
158,5,776.8,209.6,96.53000000000009,121.04999999999998,1.0,-1,-1,-1
158,6,866.74,279.9,70.41999999999996,68.74000000000001,1.0,-1,-1,-1
159,2,17.16,818.78,398.94,261.22,1.0,-1,-1,-1
159,3,459.52,486.05,173.27999999999997,158.59999999999997,1.0,-1,-1,-1
159,4,816.05,350.24,98.15000000000009,88.34999999999997,1.0,-1,-1,-1
159,5,775.51,210.19,97.24000000000001,121.74000000000001,1.0,-1,-1,-1
159,6,870.01,283.99,70.41999999999996,68.74000000000001,1.0,-1,-1,-1
160,2,0.0,868.66,374.39,211.34000000000003,1.0,-1,-1,-1
160,3,443.17,497.5,181.43,168.40999999999997,1.0,-1,-1,-1
160,4,816.05,356.78,98.15000000000009,88.35000000000002,1.0,-1,-1,-1
160,5,774.23,210.77,97.93999999999994,122.45000000000002,1.0,-1,-1,-1
160,6,873.29,288.08,70.41000000000008,68.74000000000001,1.0,-1,-1,-1
161,2,0.0,884.2,362.94,195.79999999999995,1.0,-1,-1,-1
161,3,435.81,499.14,181.43,168.40999999999997,1.0,-1,-1,-1
161,4,811.96,359.78,100.61000000000001,90.94000000000005,1.0,-1,-1,-1
161,5,772.94,211.36,98.64999999999998,123.13999999999999,1.0,-1,-1,-1
161,6,873.42,289.58,70.42000000000007,68.74000000000001,1.0,-1,-1,-1
162,3,428.45,500.77,181.43,168.40999999999997,1.0,-1,-1,-1
162,4,807.87,362.79,103.05999999999995,93.51999999999998,1.0,-1,-1,-1
162,5,771.66,211.94,99.35000000000002,123.85000000000002,1.0,-1,-1,-1
162,6,873.56,291.08,70.41000000000008,68.74000000000001,1.0,-1,-1,-1
163,3,408.49,512.05,190.10000000000002,175.45000000000005,1.0,-1,-1,-1
163,4,803.78,365.79,105.51999999999998,96.09999999999997,1.0,-1,-1,-1
163,5,770.37,212.53,100.05999999999995,124.53999999999999,1.0,-1,-1,-1
163,6,873.69,292.57,70.41999999999996,68.74000000000001,1.0,-1,-1,-1
164,3,388.54,523.34,198.75999999999993,182.48000000000002,1.0,-1,-1,-1
164,4,799.69,368.79,107.9799999999999,98.69,1.0,-1,-1,-1
164,5,769.09,213.11,100.75999999999999,125.25,1.0,-1,-1,-1
164,6,873.83,294.07,70.40999999999997,68.74000000000001,1.0,-1,-1,-1
165,3,368.59,534.62,207.43,189.51,1.0,-1,-1,-1
165,4,795.6,371.79,110.42999999999995,101.27999999999997,1.0,-1,-1,-1
165,5,767.8,213.7,101.46000000000004,125.94,1.0,-1,-1,-1
165,6,873.97,295.57,70.40999999999997,68.74000000000001,1.0,-1,-1,-1
166,3,348.64,545.9,216.09000000000003,196.55000000000007,1.0,-1,-1,-1
166,4,791.51,374.79,112.88999999999999,103.87,1.0,-1,-1,-1
166,5,766.52,214.29,102.15999999999997,126.64000000000001,1.0,-1,-1,-1
166,6,874.1,297.07,70.41999999999996,68.74000000000001,1.0,-1,-1,-1
167,3,328.69,557.19,224.75000000000006,203.57999999999993,1.0,-1,-1,-1
167,4,787.43,377.79,115.34000000000003,106.45999999999998,1.0,-1,-1,-1
167,5,765.23,214.87,102.87,127.33999999999997,1.0,-1,-1,-1
167,6,874.24,298.57,70.40999999999997,68.74000000000001,1.0,-1,-1,-1
168,3,308.73,568.47,233.41999999999996,210.61,1.0,-1,-1,-1
168,4,783.34,380.79,117.78999999999996,109.03999999999996,1.0,-1,-1,-1
168,5,763.95,215.46,103.56999999999994,128.04,1.0,-1,-1,-1
168,6,874.38,300.07,70.40999999999997,68.74000000000001,1.0,-1,-1,-1
169,3,288.78,579.75,242.08000000000004,217.64999999999998,1.0,-1,-1,-1
169,4,779.25,383.8,120.25,111.62,1.0,-1,-1,-1
169,5,762.66,216.04,104.28000000000009,128.73999999999998,1.0,-1,-1,-1
169,6,874.51,301.57,70.41999999999996,68.74000000000001,1.0,-1,-1,-1
170,3,268.83,591.03,250.75000000000006,224.69000000000005,1.0,-1,-1,-1
170,4,775.16,386.8,122.71000000000004,114.20999999999998,1.0,-1,-1,-1
170,5,761.38,216.63,104.98000000000002,129.44,1.0,-1,-1,-1
170,6,874.65,303.07,70.40999999999997,68.74000000000001,1.0,-1,-1,-1
171,3,248.88,602.32,259.41,231.7199999999999,1.0,-1,-1,-1
171,4,771.07,389.8,125.15999999999997,116.80000000000001,1.0,-1,-1,-1
171,5,760.09,217.21,105.68999999999994,130.14000000000001,1.0,-1,-1,-1
171,6,874.78,304.57,70.42000000000007,68.74000000000001,1.0,-1,-1,-1
172,3,228.92,613.6,268.08000000000004,238.75,1.0,-1,-1,-1
172,4,766.98,392.8,127.62,119.37999999999994,1.0,-1,-1,-1
172,5,758.81,217.8,106.3900000000001,130.83999999999997,1.0,-1,-1,-1
172,6,874.92,306.07,70.41000000000008,68.74000000000001,1.0,-1,-1,-1
173,3,206.03,635.35,269.38,239.76999999999998,1.0,-1,-1,-1
173,4,762.89,398.85,128.76999999999998,121.50999999999999,1.0,-1,-1,-1
173,5,756.19,218.94,107.69999999999993,131.99,1.0,-1,-1,-1
173,6,871.16,308.19,71.88,70.05000000000001,1.0,-1,-1,-1
174,3,183.14,657.1,270.68,240.77999999999997,1.0,-1,-1,-1
174,4,758.81,404.9,129.91000000000008,123.63999999999999,1.0,-1,-1,-1
174,5,753.57,220.08,109.00999999999999,133.14000000000001,1.0,-1,-1,-1
174,6,867.4,310.31,73.35000000000002,71.37,1.0,-1,-1,-1
175,3,160.25,678.85,271.98,241.79999999999995,1.0,-1,-1,-1
175,4,754.72,410.95,131.05999999999995,125.77000000000004,1.0,-1,-1,-1
175,5,750.96,221.22,110.30999999999995,134.29,1.0,-1,-1,-1
175,6,863.64,312.44,74.81000000000006,72.67000000000002,1.0,-1,-1,-1
176,3,137.35,700.6,273.28999999999996,242.80999999999995,1.0,-1,-1,-1
176,4,750.63,417.0,132.21000000000004,127.88999999999999,1.0,-1,-1,-1
176,5,748.34,222.36,111.62,135.44,1.0,-1,-1,-1
176,6,859.87,314.56,76.28999999999996,73.98000000000002,1.0,-1,-1,-1
177,3,114.46,722.35,274.59000000000003,243.82999999999993,1.0,-1,-1,-1
177,4,746.54,423.05,133.36,130.02000000000004,1.0,-1,-1,-1
177,5,745.72,223.5,112.92999999999995,136.58999999999997,1.0,-1,-1,-1
177,6,856.11,316.68,77.75999999999999,75.30000000000001,1.0,-1,-1,-1
178,3,91.57,744.1,275.89,244.84000000000003,1.0,-1,-1,-1
178,4,742.45,429.1,134.51,132.14999999999998,1.0,-1,-1,-1
178,5,743.11,224.64,114.23000000000002,137.74,1.0,-1,-1,-1
178,6,852.35,318.81,79.22000000000003,76.60000000000002,1.0,-1,-1,-1
179,3,68.68,765.85,277.19,245.86,1.0,-1,-1,-1
179,4,738.36,435.15,135.65999999999997,134.27999999999997,1.0,-1,-1,-1
179,5,740.49,225.78,115.53999999999996,138.89000000000001,1.0,-1,-1,-1
179,6,848.59,320.93,80.68999999999994,77.92000000000002,1.0,-1,-1,-1
180,3,45.78,787.6,278.5,246.87,1.0,-1,-1,-1
180,4,734.27,441.2,136.81000000000006,136.40000000000003,1.0,-1,-1,-1
180,5,737.87,226.92,116.85000000000002,140.04,1.0,-1,-1,-1
180,6,844.83,323.05,82.15999999999997,79.22999999999996,1.0,-1,-1,-1
181,3,22.89,809.35,279.8,247.89,1.0,-1,-1,-1
181,4,730.19,447.25,137.94999999999993,138.52999999999997,1.0,-1,-1,-1
181,5,735.26,228.06,118.14999999999998,141.18,1.0,-1,-1,-1
181,6,841.07,325.18,83.62,80.54000000000002,1.0,-1,-1,-1
182,3,0.0,831.1,281.1,248.89999999999998,1.0,-1,-1,-1
182,4,726.1,453.3,139.10000000000002,140.66000000000003,1.0,-1,-1,-1
182,5,732.64,229.2,119.46000000000004,142.32999999999998,1.0,-1,-1,-1
182,6,837.3,327.3,85.10000000000002,81.84999999999997,1.0,-1,-1,-1
183,3,0.0,863.81,245.12,216.19000000000005,1.0,-1,-1,-1
183,4,720.37,466.4,145.63,145.55000000000007,1.0,-1,-1,-1
183,5,730.46,229.07,121.23000000000002,144.37,1.0,-1,-1,-1
183,6,835.12,330.58,85.10000000000002,84.02000000000004,1.0,-1,-1,-1
184,4,714.65,479.5,152.14999999999998,150.44000000000005,1.0,-1,-1,-1
184,5,728.28,228.93,123.0,146.42000000000002,1.0,-1,-1,-1
184,6,832.94,333.85,85.08999999999992,86.19999999999999,1.0,-1,-1,-1
185,4,703.86,488.17,157.53999999999996,158.45,1.0,-1,-1,-1
185,5,726.1,228.8,124.77999999999997,148.45999999999998,1.0,-1,-1,-1
185,6,830.76,337.13,85.09000000000003,88.38,1.0,-1,-1,-1
186,4,693.06,496.84,162.94000000000005,166.45999999999998,1.0,-1,-1,-1
186,5,723.92,228.67,126.55000000000007,150.50000000000003,1.0,-1,-1,-1
186,6,828.58,340.4,85.08999999999992,90.56,1.0,-1,-1,-1
187,4,682.27,505.51,168.33000000000004,174.47000000000003,1.0,-1,-1,-1
187,5,721.74,228.53,128.31999999999994,152.54,1.0,-1,-1,-1
187,6,826.4,343.68,85.08000000000004,92.73000000000002,1.0,-1,-1,-1
188,4,671.47,514.18,173.73000000000002,182.48000000000002,1.0,-1,-1,-1
188,5,719.56,228.4,130.09000000000003,154.58,1.0,-1,-1,-1
188,6,824.22,346.95,85.07999999999993,94.91000000000003,1.0,-1,-1,-1
189,4,660.68,522.85,179.12,190.49,1.0,-1,-1,-1
189,5,717.38,228.27,131.86,156.61999999999998,1.0,-1,-1,-1
189,6,822.04,350.23,85.08000000000004,97.07999999999998,1.0,-1,-1,-1
190,4,649.89,531.52,184.51,198.5,1.0,-1,-1,-1
190,5,715.19,228.13,133.64,158.67000000000002,1.0,-1,-1,-1
190,6,819.86,353.5,85.06999999999994,99.25999999999999,1.0,-1,-1,-1
191,4,639.09,540.19,189.90999999999997,206.51999999999998,1.0,-1,-1,-1
191,5,713.01,228.0,135.41999999999996,160.70999999999998,1.0,-1,-1,-1
191,6,817.68,356.78,85.07000000000005,101.44000000000005,1.0,-1,-1,-1
192,4,628.3,548.86,195.30000000000007,214.52999999999997,1.0,-1,-1,-1
192,5,710.83,227.87,137.18999999999994,162.74,1.0,-1,-1,-1
192,6,815.5,360.05,85.07000000000005,103.62,1.0,-1,-1,-1
193,4,617.5,557.53,200.70000000000005,222.54000000000008,1.0,-1,-1,-1
193,5,708.65,227.73,138.96000000000004,164.79,1.0,-1,-1,-1
193,6,813.32,363.33,85.05999999999995,105.79000000000002,1.0,-1,-1,-1
194,4,606.71,566.2,206.08999999999992,230.54999999999995,1.0,-1,-1,-1
194,5,706.47,227.6,140.73000000000002,166.83,1.0,-1,-1,-1
194,6,811.14,366.6,85.06000000000006,107.96999999999997,1.0,-1,-1,-1
195,4,584.47,585.33,223.10000000000002,239.74,1.0,-1,-1,-1
195,5,702.06,228.42,143.83000000000004,169.60999999999999,1.0,-1,-1,-1
195,6,807.7,369.87,88.33999999999992,110.25999999999999,1.0,-1,-1,-1
196,4,562.23,604.46,240.11,248.93999999999994,1.0,-1,-1,-1
196,5,697.64,229.24,146.94000000000005,172.39,1.0,-1,-1,-1
196,6,804.27,373.14,91.61000000000001,112.55000000000001,1.0,-1,-1,-1
197,4,539.98,623.59,257.13,258.13,1.0,-1,-1,-1
197,5,693.23,230.06,150.03999999999996,175.16000000000003,1.0,-1,-1,-1
197,6,800.83,376.41,94.88999999999999,114.83999999999997,1.0,-1,-1,-1
198,4,517.74,642.72,274.14,267.3299999999999,1.0,-1,-1,-1
198,5,688.81,230.88,153.1500000000001,177.94,1.0,-1,-1,-1
198,6,797.4,379.68,98.15999999999997,117.13,1.0,-1,-1,-1
199,4,495.5,661.85,291.15,276.52,1.0,-1,-1,-1
199,5,684.39,231.7,156.26,180.72000000000003,1.0,-1,-1,-1
199,6,793.97,382.95,101.42999999999995,119.42000000000002,1.0,-1,-1,-1
200,4,473.26,680.98,308.15999999999997,285.72,1.0,-1,-1,-1
200,5,679.98,232.52,159.36,183.49999999999997,1.0,-1,-1,-1
200,6,790.53,386.22,104.71000000000004,121.70999999999998,1.0,-1,-1,-1
201,4,451.02,700.11,325.1700000000001,294.90999999999997,1.0,-1,-1,-1
201,5,675.56,233.34,162.47000000000003,186.28,1.0,-1,-1,-1
201,6,787.1,389.49,107.98000000000002,124.0,1.0,-1,-1,-1
202,4,428.77,719.24,342.19000000000005,304.11,1.0,-1,-1,-1
202,5,671.15,234.16,165.57000000000005,189.04999999999998,1.0,-1,-1,-1
202,6,783.66,392.76,111.25999999999999,126.28999999999996,1.0,-1,-1,-1
203,4,406.53,738.37,359.20000000000005,313.30000000000007,1.0,-1,-1,-1
203,5,666.73,234.98,168.67999999999995,191.83,1.0,-1,-1,-1
203,6,780.23,396.03,114.52999999999997,128.58000000000004,1.0,-1,-1,-1
204,4,384.29,757.5,376.21,322.5,1.0,-1,-1,-1
204,5,662.32,235.8,171.77999999999997,194.61,1.0,-1,-1,-1
204,6,776.79,399.3,117.81000000000006,130.86999999999995,1.0,-1,-1,-1
204,7,901.09,261.96,50.69999999999993,52.34000000000003,1.0,-1,-1,-1
205,4,369.57,793.89,376.21,286.11,1.0,-1,-1,-1
205,5,657.63,236.23,175.38,198.1,1.0,-1,-1,-1
205,6,773.52,403.4,123.13,137.39999999999998,1.0,-1,-1,-1
205,7,898.64,263.6,50.690000000000055,52.329999999999984,1.0,-1,-1,-1
206,4,354.85,830.28,376.2099999999999,249.72000000000003,1.0,-1,-1,-1
206,5,652.94,236.67,178.9699999999999,201.59,1.0,-1,-1,-1
206,6,770.25,407.5,128.45000000000005,143.92999999999995,1.0,-1,-1,-1
206,7,896.18,265.23,50.700000000000045,52.339999999999975,1.0,-1,-1,-1
207,4,340.13,866.67,376.21000000000004,213.33000000000004,1.0,-1,-1,-1
207,5,648.25,237.1,182.57000000000005,205.08,1.0,-1,-1,-1
207,6,766.98,411.6,133.76999999999998,150.45999999999992,1.0,-1,-1,-1
207,7,893.73,266.87,50.69999999999993,52.329999999999984,1.0,-1,-1,-1
208,4,325.42,903.05,376.2,176.95000000000005,1.0,-1,-1,-1
208,5,643.56,237.53,186.17000000000007,208.58,1.0,-1,-1,-1
208,6,763.71,415.7,139.08999999999992,156.99000000000007,1.0,-1,-1,-1
208,7,891.28,268.5,50.690000000000055,52.339999999999975,1.0,-1,-1,-1
209,5,638.88,237.97,189.75,212.05999999999997,1.0,-1,-1,-1
209,6,744.08,420.61,139.0999999999999,156.99,1.0,-1,-1,-1
209,7,890.83,268.95,50.69999999999993,52.329999999999984,1.0,-1,-1,-1
210,5,634.19,238.4,193.3499999999999,215.55999999999997,1.0,-1,-1,-1
210,6,738.36,428.13,143.35000000000002,159.94000000000005,1.0,-1,-1,-1
210,7,890.38,269.4,50.700000000000045,52.33000000000004,1.0,-1,-1,-1
211,5,629.5,238.83,196.95000000000005,219.04999999999998,1.0,-1,-1,-1
211,6,732.64,435.65,147.60000000000002,162.88,1.0,-1,-1,-1
211,7,889.94,269.84,50.69999999999993,52.34000000000003,1.0,-1,-1,-1
212,5,624.81,239.27,200.54000000000008,222.54,1.0,-1,-1,-1
212,6,726.91,443.16,151.86,165.83999999999997,1.0,-1,-1,-1
212,7,889.49,270.29,50.700000000000045,52.329999999999984,1.0,-1,-1,-1
213,5,620.12,239.7,204.14,226.03000000000003,1.0,-1,-1,-1
213,6,721.19,450.68,156.1199999999999,168.79000000000002,1.0,-1,-1,-1
213,7,889.05,270.73,50.690000000000055,52.339999999999975,1.0,-1,-1,-1
214,5,615.43,240.13,207.74,229.53000000000003,1.0,-1,-1,-1
214,6,715.46,458.2,160.38,171.72999999999996,1.0,-1,-1,-1
214,7,888.6,271.18,50.69999999999993,52.329999999999984,1.0,-1,-1,-1
215,5,610.75,240.57,211.32000000000005,233.01,1.0,-1,-1,-1
215,6,709.74,465.72,164.63,174.67999999999995,1.0,-1,-1,-1
215,7,888.15,271.63,50.700000000000045,52.329999999999984,1.0,-1,-1,-1
216,5,606.06,241.0,214.92000000000007,236.51,1.0,-1,-1,-1
216,6,704.02,473.24,168.88,177.63,1.0,-1,-1,-1
216,7,887.71,272.07,50.69999999999993,52.34000000000003,1.0,-1,-1,-1
217,5,601.37,241.43,218.51999999999998,240.0,1.0,-1,-1,-1
217,6,698.29,480.76,173.1500000000001,180.57000000000005,1.0,-1,-1,-1
217,7,887.26,272.52,50.700000000000045,52.33000000000004,1.0,-1,-1,-1
218,5,596.68,241.87,222.11,243.49,1.0,-1,-1,-1
218,6,692.57,488.28,177.39999999999998,183.51999999999998,1.0,-1,-1,-1
218,7,886.82,272.96,50.68999999999994,52.34000000000003,1.0,-1,-1,-1
219,5,591.99,242.3,225.71000000000004,246.99,1.0,-1,-1,-1
219,6,686.84,495.8,181.65999999999997,186.46999999999997,1.0,-1,-1,-1
219,7,886.37,273.41,50.700000000000045,52.329999999999984,1.0,-1,-1,-1
220,5,588.72,245.24,225.87,249.61,1.0,-1,-1,-1
220,6,675.56,509.7,187.71000000000004,192.84999999999997,1.0,-1,-1,-1
220,7,885.55,275.05,51.680000000000064,52.65999999999997,1.0,-1,-1,-1
221,5,585.45,248.18,226.02999999999997,252.23000000000002,1.0,-1,-1,-1
221,6,664.27,523.6,193.76999999999998,199.23000000000002,1.0,-1,-1,-1
221,7,884.73,276.68,52.65999999999997,53.0,1.0,-1,-1,-1
222,5,582.18,251.12,226.19000000000005,254.85000000000002,1.0,-1,-1,-1
222,6,652.99,537.5,199.81999999999994,205.61,1.0,-1,-1,-1
222,7,883.92,278.32,53.639999999999986,53.31999999999999,1.0,-1,-1,-1
223,5,578.91,254.06,226.35000000000002,257.46999999999997,1.0,-1,-1,-1
223,6,641.71,551.4,205.87,211.99,1.0,-1,-1,-1
223,7,883.1,279.95,54.620000000000005,53.660000000000025,1.0,-1,-1,-1
224,5,575.64,257.0,226.51,260.09000000000003,1.0,-1,-1,-1
224,6,630.42,565.3,211.93000000000006,218.37,1.0,-1,-1,-1
224,7,882.28,281.59,55.60000000000002,53.98000000000002,1.0,-1,-1,-1
225,5,572.37,259.94,226.66999999999996,262.71,1.0,-1,-1,-1
225,6,619.14,579.2,217.98000000000002,224.74,1.0,-1,-1,-1
225,7,881.46,283.22,56.58999999999992,54.31999999999999,1.0,-1,-1,-1
226,5,569.1,262.88,226.82999999999993,265.33000000000004,1.0,-1,-1,-1
226,6,607.85,593.1,224.03999999999996,231.12,1.0,-1,-1,-1
226,7,880.65,284.86,57.56000000000006,54.639999999999986,1.0,-1,-1,-1
227,5,565.83,265.82,226.99,267.95,1.0,-1,-1,-1
227,6,596.57,607.0,230.08999999999992,237.5,1.0,-1,-1,-1
227,7,879.83,286.49,58.539999999999964,54.98000000000002,1.0,-1,-1,-1
228,5,562.56,268.76,227.1500000000001,270.57000000000005,1.0,-1,-1,-1
228,6,585.28,620.9,236.14999999999998,243.88,1.0,-1,-1,-1
228,7,879.01,288.13,59.52999999999997,55.30000000000001,1.0,-1,-1,-1
229,5,559.28,271.7,227.32000000000005,273.19,1.0,-1,-1,-1
229,6,574.0,634.8,242.20000000000005,250.26,1.0,-1,-1,-1
229,7,878.19,289.76,60.50999999999999,55.639999999999986,1.0,-1,-1,-1
230,5,550.78,273.01,234.01999999999998,277.93000000000006,1.0,-1,-1,-1
230,6,555.85,655.73,252.65999999999997,248.82999999999993,1.0,-1,-1,-1
230,7,877.05,291.07,60.50999999999999,55.639999999999986,1.0,-1,-1,-1
231,5,542.28,274.32,240.72000000000003,282.67,1.0,-1,-1,-1
231,6,537.69,676.66,263.13,247.39,1.0,-1,-1,-1
231,7,875.9,292.38,60.50999999999999,55.639999999999986,1.0,-1,-1,-1
232,5,533.77,275.63,247.43000000000006,287.40999999999997,1.0,-1,-1,-1
232,6,519.54,697.59,273.59000000000003,245.94999999999993,1.0,-1,-1,-1
232,7,874.76,293.69,60.50999999999999,55.639999999999986,1.0,-1,-1,-1
233,5,525.27,276.94,254.13,292.15000000000003,1.0,-1,-1,-1
233,6,501.39,718.52,284.05000000000007,244.51999999999998,1.0,-1,-1,-1
233,7,873.61,295.0,60.50999999999999,55.629999999999995,1.0,-1,-1,-1
234,5,516.76,278.25,260.84000000000003,296.89,1.0,-1,-1,-1
234,6,483.23,739.45,294.52,243.07999999999993,1.0,-1,-1,-1
234,7,872.47,296.31,60.50999999999999,55.629999999999995,1.0,-1,-1,-1
235,5,508.26,279.56,267.53999999999996,301.64000000000004,1.0,-1,-1,-1
235,6,465.08,760.38,304.97999999999996,241.64,1.0,-1,-1,-1
235,7,871.32,297.62,60.50999999999999,55.629999999999995,1.0,-1,-1,-1
236,5,499.75,280.87,274.25,306.38,1.0,-1,-1,-1
236,6,446.93,781.31,315.44,240.21000000000004,1.0,-1,-1,-1
236,7,870.18,298.92,60.510000000000105,55.639999999999986,1.0,-1,-1,-1
237,5,491.25,282.18,280.95000000000005,311.11999999999995,1.0,-1,-1,-1
237,6,428.77,802.24,325.90999999999997,238.76999999999998,1.0,-1,-1,-1
237,7,869.03,300.23,60.50999999999999,55.639999999999986,1.0,-1,-1,-1
238,5,482.75,283.49,287.65,315.86,1.0,-1,-1,-1
238,6,410.62,823.17,336.37,237.34000000000003,1.0,-1,-1,-1
238,7,867.89,301.54,60.50999999999999,55.639999999999986,1.0,-1,-1,-1
239,5,474.24,284.8,294.36,320.59999999999997,1.0,-1,-1,-1
239,6,392.47,844.1,346.8299999999999,235.89999999999998,1.0,-1,-1,-1
239,7,866.74,302.85,60.50999999999999,55.629999999999995,1.0,-1,-1,-1
240,5,454.62,281.55,313.17999999999995,327.11999999999995,1.0,-1,-1,-1
240,6,368.75,908.7,346.84000000000003,171.29999999999995,1.0,-1,-1,-1
240,7,864.29,306.94,60.50999999999999,55.629999999999995,1.0,-1,-1,-1
241,5,434.99,278.3,332.01,333.64000000000004,1.0,-1,-1,-1
241,7,861.84,311.03,60.50999999999999,55.63000000000005,1.0,-1,-1,-1
242,5,426.16,281.73,337.41,340.35,1.0,-1,-1,-1
242,7,861.51,311.52,60.50999999999999,55.629999999999995,1.0,-1,-1,-1
243,5,417.33,285.16,342.81,347.06,1.0,-1,-1,-1
243,7,861.18,312.01,60.510000000000105,55.629999999999995,1.0,-1,-1,-1
244,5,408.5,288.59,348.21000000000004,353.77000000000004,1.0,-1,-1,-1
244,7,860.86,312.5,60.5,55.629999999999995,1.0,-1,-1,-1
245,5,399.67,292.02,353.60999999999996,360.48,1.0,-1,-1,-1
245,7,860.53,312.99,60.50999999999999,55.629999999999995,1.0,-1,-1,-1
246,5,390.83,295.45,359.02000000000004,367.19,1.0,-1,-1,-1
246,7,860.2,313.48,60.50999999999999,55.629999999999995,1.0,-1,-1,-1
247,5,382.0,298.88,364.41999999999996,373.9,1.0,-1,-1,-1
247,7,859.88,313.97,60.5,55.629999999999995,1.0,-1,-1,-1
248,5,373.17,302.31,369.82,380.60999999999996,1.0,-1,-1,-1
248,7,859.55,314.46,60.50999999999999,55.64000000000004,1.0,-1,-1,-1
249,5,364.34,305.74,375.21999999999997,387.31999999999994,1.0,-1,-1,-1
249,7,859.22,314.95,60.50999999999999,55.639999999999986,1.0,-1,-1,-1
250,5,355.51,309.17,380.62,394.03000000000003,1.0,-1,-1,-1
250,7,858.89,315.44,60.50999999999999,55.639999999999986,1.0,-1,-1,-1
251,5,346.68,312.6,386.02000000000004,400.74,1.0,-1,-1,-1
251,7,858.57,315.93,60.50999999999999,55.639999999999986,1.0,-1,-1,-1
252,5,319.2,314.4,407.94,419.87,1.0,-1,-1,-1
252,7,855.95,318.55,62.469999999999914,58.89999999999998,1.0,-1,-1,-1
253,5,291.73,316.2,429.85,439.01000000000005,1.0,-1,-1,-1
253,7,853.33,321.17,64.42999999999995,62.16999999999996,1.0,-1,-1,-1
254,5,264.25,318.0,451.77,458.14,1.0,-1,-1,-1
254,7,850.72,323.78,66.38,65.45000000000005,1.0,-1,-1,-1
255,5,236.78,319.8,473.68000000000006,477.27000000000004,1.0,-1,-1,-1
255,7,848.1,326.4,68.35000000000002,68.72000000000003,1.0,-1,-1,-1
256,5,209.3,321.6,495.59999999999997,496.40999999999997,1.0,-1,-1,-1
256,7,845.48,329.02,70.30999999999995,71.98000000000002,1.0,-1,-1,-1
257,5,181.83,323.4,517.51,515.5400000000001,1.0,-1,-1,-1
257,7,842.87,331.63,72.25999999999999,75.25999999999999,1.0,-1,-1,-1
258,5,154.35,325.2,539.43,534.6700000000001,1.0,-1,-1,-1
258,7,840.25,334.25,74.22000000000003,78.52999999999997,1.0,-1,-1,-1
259,5,126.88,327.0,561.34,553.81,1.0,-1,-1,-1
259,7,837.63,336.87,76.19000000000005,81.80000000000001,1.0,-1,-1,-1
260,5,99.4,328.8,583.26,572.94,1.0,-1,-1,-1
260,7,835.02,339.48,78.13999999999999,85.07,1.0,-1,-1,-1
261,5,71.92,330.6,605.1800000000001,592.0699999999999,1.0,-1,-1,-1
261,7,832.4,342.1,80.10000000000002,88.33999999999997,1.0,-1,-1,-1
262,5,64.73,334.85,607.14,603.1999999999999,1.0,-1,-1,-1
262,7,830.27,343.9,81.40999999999997,89.81,1.0,-1,-1,-1
263,5,57.54,339.1,609.1,614.3199999999999,1.0,-1,-1,-1
263,7,828.15,345.7,82.71000000000004,91.28000000000003,1.0,-1,-1,-1
264,5,50.35,343.35,611.06,625.4399999999999,1.0,-1,-1,-1
264,7,826.02,347.5,84.01999999999998,92.75,1.0,-1,-1,-1
265,5,43.15,347.6,613.03,636.5699999999999,1.0,-1,-1,-1
265,7,823.9,349.3,85.32000000000005,94.22999999999996,1.0,-1,-1,-1
266,5,35.96,351.85,614.99,647.6899999999999,1.0,-1,-1,-1
266,7,821.77,351.1,86.63,95.69999999999999,1.0,-1,-1,-1
267,5,28.77,356.1,616.95,658.81,1.0,-1,-1,-1
267,7,819.64,352.9,87.94000000000005,97.17000000000002,1.0,-1,-1,-1
268,5,21.58,360.35,618.91,669.9399999999999,1.0,-1,-1,-1
268,7,817.52,354.7,89.24000000000001,98.63999999999999,1.0,-1,-1,-1
269,5,14.38,364.6,620.88,681.0600000000001,1.0,-1,-1,-1
269,7,815.39,356.5,90.55000000000007,100.11000000000001,1.0,-1,-1,-1
270,5,7.19,368.85,622.8399999999999,692.18,1.0,-1,-1,-1
270,7,813.27,358.3,91.85000000000002,101.57999999999998,1.0,-1,-1,-1
271,5,0.0,373.1,624.8,703.3000000000001,1.0,-1,-1,-1
271,7,811.14,360.1,93.15999999999997,103.04999999999995,1.0,-1,-1,-1
272,5,0.0,378.17,618.91,698.5899999999999,1.0,-1,-1,-1
272,7,808.52,362.55,94.13999999999999,104.36000000000001,1.0,-1,-1,-1
273,5,0.0,383.24,613.02,693.8799999999999,1.0,-1,-1,-1
273,7,805.91,365.0,95.11000000000001,105.67000000000002,1.0,-1,-1,-1
274,5,0.0,388.31,607.14,689.1700000000001,1.0,-1,-1,-1
274,7,803.29,367.45,96.09000000000003,106.99000000000001,1.0,-1,-1,-1
275,5,0.0,393.38,601.25,684.4599999999999,1.0,-1,-1,-1
275,7,800.67,369.9,97.07000000000005,108.30000000000001,1.0,-1,-1,-1
276,5,0.0,398.45,595.36,679.75,1.0,-1,-1,-1
276,7,798.06,372.35,98.04000000000008,109.60999999999996,1.0,-1,-1,-1
277,5,0.0,403.52,589.47,675.04,1.0,-1,-1,-1
277,7,795.44,374.8,99.01999999999998,110.92000000000002,1.0,-1,-1,-1
278,5,0.0,408.59,583.59,670.3300000000002,1.0,-1,-1,-1
278,7,792.82,377.25,100.0,112.23000000000002,1.0,-1,-1,-1
279,5,0.0,413.66,577.7,665.6199999999999,1.0,-1,-1,-1
279,7,790.21,379.7,100.96999999999991,113.54000000000002,1.0,-1,-1,-1
280,5,0.0,418.73,571.81,660.9100000000001,1.0,-1,-1,-1
280,7,787.59,382.15,101.94999999999993,114.85000000000002,1.0,-1,-1,-1
281,5,0.0,423.8,565.92,656.2,1.0,-1,-1,-1
281,7,784.97,384.6,102.92999999999995,116.16999999999996,1.0,-1,-1,-1
282,5,0.0,437.05,543.68,642.95,1.0,-1,-1,-1
282,7,781.05,391.8,104.56000000000006,119.11000000000001,1.0,-1,-1,-1
283,5,0.0,450.29,521.44,629.71,1.0,-1,-1,-1
283,7,777.12,399.0,106.20000000000005,122.03999999999996,1.0,-1,-1,-1
284,5,0.0,463.54,499.2,616.46,1.0,-1,-1,-1
284,7,773.2,406.2,107.82999999999993,124.97999999999996,1.0,-1,-1,-1
285,5,0.0,476.79,476.96,603.21,1.0,-1,-1,-1
285,7,769.27,413.4,109.47000000000003,127.92000000000007,1.0,-1,-1,-1
286,5,0.0,490.03,454.71,589.97,1.0,-1,-1,-1
286,7,765.35,420.6,111.10000000000002,130.86,1.0,-1,-1,-1
287,5,0.0,503.28,432.47,576.72,1.0,-1,-1,-1
287,7,761.42,427.8,112.74000000000001,133.8,1.0,-1,-1,-1
288,5,0.0,516.53,410.23,563.47,1.0,-1,-1,-1
288,7,757.5,435.0,114.37,136.74,1.0,-1,-1,-1
289,5,0.0,529.78,387.99,550.22,1.0,-1,-1,-1
289,7,753.57,442.2,116.00999999999999,139.68,1.0,-1,-1,-1
289,8,1272.33,793.48,585.49,286.20000000000005,1.0,-1,-1,-1
290,5,0.0,543.02,365.75,536.98,1.0,-1,-1,-1
290,7,749.65,449.4,117.63999999999999,142.62,1.0,-1,-1,-1
290,8,1244.53,711.71,585.49,368.28999999999996,1.0,-1,-1,-1
291,5,0.0,556.27,343.51,523.73,1.0,-1,-1,-1
291,7,745.72,456.6,119.27999999999997,145.55999999999995,1.0,-1,-1,-1
291,8,1244.53,711.71,585.49,368.28999999999996,1.0,-1,-1,-1
292,5,0.0,556.27,343.51,523.73,1.0,-1,-1,-1
292,7,745.72,456.6,119.27999999999997,145.55999999999995,1.0,-1,-1,-1
292,8,1244.53,711.71,585.49,368.28999999999996,1.0,-1,-1,-1
