3,1,810.00,369.00,96.00,77.00,1.0,-1,-1,-1
3,2,700.00,221.00,39.00,33.00,1.0,-1,-1,-1
3,3,669.00,282.00,55.00,57.00,1.0,-1,-1,-1
3,4,646.00,185.00,37.00,44.00,1.0,-1,-1,-1
3,5,527.00,223.00,40.00,41.00,1.0,-1,-1,-1
3,6,623.00,162.00,33.00,37.00,1.0,-1,-1,-1
4,1,806.00,364.00,93.00,75.00,1.0,-1,-1,-1
4,2,699.00,220.00,38.00,32.00,1.0,-1,-1,-1
4,3,668.00,280.00,55.00,57.00,1.0,-1,-1,-1
4,4,645.00,184.00,37.00,44.00,1.0,-1,-1,-1
4,5,526.00,224.00,40.00,42.00,1.0,-1,-1,-1
4,6,623.00,162.00,33.00,37.00,1.0,-1,-1,-1
5,1,803.00,360.00,90.00,72.00,1.0,-1,-1,-1
5,2,698.00,219.00,38.00,32.00,1.0,-1,-1,-1
5,3,668.00,279.00,53.00,55.00,1.0,-1,-1,-1
5,4,645.00,183.00,37.00,44.00,1.0,-1,-1,-1
5,5,525.00,225.00,40.00,42.00,1.0,-1,-1,-1
5,6,623.00,162.00,33.00,37.00,1.0,-1,-1,-1
6,1,798.00,354.00,90.00,72.00,1.0,-1,-1,-1
6,2,697.00,218.00,38.00,32.00,1.0,-1,-1,-1
6,3,667.00,277.00,53.00,55.00,1.0,-1,-1,-1
6,4,645.00,183.00,36.00,44.00,1.0,-1,-1,-1
6,5,523.00,226.00,41.00,44.00,1.0,-1,-1,-1
6,6,624.00,162.00,33.00,37.00,1.0,-1,-1,-1
7,1,793.00,347.00,85.00,69.00,1.0,-1,-1,-1
7,2,697.00,217.00,35.00,30.00,1.0,-1,-1,-1
7,3,665.00,273.00,53.00,55.00,1.0,-1,-1,-1
7,4,644.00,183.00,36.00,43.00,1.0,-1,-1,-1
7,5,521.00,228.00,42.00,45.00,1.0,-1,-1,-1
7,6,624.00,161.00,34.00,37.00,1.0,-1,-1,-1
8,1,789.00,342.00,83.00,67.00,1.0,-1,-1,-1
8,2,695.00,216.00,36.00,30.00,1.0,-1,-1,-1
8,3,665.00,270.00,52.00,54.00,1.0,-1,-1,-1
8,4,643.00,183.00,36.00,42.00,1.0,-1,-1,-1
8,5,518.00,229.00,44.00,46.00,1.0,-1,-1,-1
8,6,623.00,161.00,34.00,37.00,1.0,-1,-1,-1
9,1,786.00,337.00,81.00,66.00,1.0,-1,-1,-1
9,2,694.00,215.00,35.00,30.00,1.0,-1,-1,-1
9,3,664.00,268.00,51.00,54.00,1.0,-1,-1,-1
9,4,643.00,182.00,36.00,43.00,1.0,-1,-1,-1
9,5,518.00,231.00,44.00,45.00,1.0,-1,-1,-1
9,6,623.00,160.00,34.00,37.00,1.0,-1,-1,-1
10,1,783.00,332.00,80.00,66.00,1.0,-1,-1,-1
10,2,693.00,214.00,36.00,30.00,1.0,-1,-1,-1
10,3,663.00,267.00,50.00,52.00,1.0,-1,-1,-1
10,4,643.00,182.00,35.00,42.00,1.0,-1,-1,-1
10,5,518.00,232.00,43.00,46.00,1.0,-1,-1,-1
10,6,622.00,160.00,35.00,37.00,1.0,-1,-1,-1
11,1,779.00,328.00,75.00,60.00,1.0,-1,-1,-1
11,2,693.00,213.00,35.00,30.00,1.0,-1,-1,-1
11,3,662.00,265.00,49.00,50.00,1.0,-1,-1,-1
11,4,643.00,182.00,34.00,41.00,1.0,-1,-1,-1
11,5,516.00,235.00,44.00,45.00,1.0,-1,-1,-1
11,6,621.00,159.00,35.00,37.00,1.0,-1,-1,-1
12,1,776.00,323.00,73.00,60.00,1.0,-1,-1,-1
12,2,691.00,212.00,35.00,30.00,1.0,-1,-1,-1
12,3,661.00,263.00,49.00,50.00,1.0,-1,-1,-1
12,4,643.00,182.00,33.00,40.00,1.0,-1,-1,-1
12,5,515.00,236.00,44.00,46.00,1.0,-1,-1,-1
12,6,620.00,158.00,35.00,38.00,1.0,-1,-1,-1
13,1,773.00,318.00,73.00,60.00,1.0,-1,-1,-1
13,2,690.00,211.00,35.00,30.00,1.0,-1,-1,-1
13,3,661.00,261.00,48.00,50.00,1.0,-1,-1,-1
13,4,642.00,182.00,34.00,40.00,1.0,-1,-1,-1
13,5,514.00,238.00,45.00,46.00,1.0,-1,-1,-1
14,1,771.00,315.00,71.00,59.00,1.0,-1,-1,-1
14,2,689.00,210.00,35.00,30.00,1.0,-1,-1,-1
14,3,661.00,259.00,47.00,49.00,1.0,-1,-1,-1
14,4,642.00,181.00,34.00,41.00,1.0,-1,-1,-1
14,5,512.00,239.00,47.00,47.00,1.0,-1,-1,-1
15,1,767.00,311.00,68.00,57.00,1.0,-1,-1,-1
15,2,688.00,209.00,35.00,30.00,1.0,-1,-1,-1
15,3,660.00,256.00,47.00,49.00,1.0,-1,-1,-1
15,4,642.00,180.00,33.00,41.00,1.0,-1,-1,-1
15,5,509.00,240.00,49.00,50.00,1.0,-1,-1,-1
16,1,765.00,307.00,67.00,56.00,1.0,-1,-1,-1
16,2,688.00,208.00,34.00,30.00,1.0,-1,-1,-1
16,3,659.00,254.00,47.00,48.00,1.0,-1,-1,-1
16,4,641.00,180.00,34.00,40.00,1.0,-1,-1,-1
16,5,507.00,241.00,50.00,52.00,1.0,-1,-1,-1
17,1,762.00,303.00,66.00,56.00,1.0,-1,-1,-1
17,2,687.00,207.00,34.00,30.00,1.0,-1,-1,-1
17,3,658.00,253.00,46.00,48.00,1.0,-1,-1,-1
17,4,641.00,180.00,33.00,40.00,1.0,-1,-1,-1
17,5,506.00,243.00,49.00,52.00,1.0,-1,-1,-1
17,7,994.00,501.00,288.00,218.00,1.0,-1,-1,-1
18,1,760.00,301.00,64.00,54.00,1.0,-1,-1,-1
18,2,687.00,207.00,33.00,30.00,1.0,-1,-1,-1
18,3,658.00,253.00,44.00,45.00,1.0,-1,-1,-1
18,5,504.00,245.00,50.00,53.00,1.0,-1,-1,-1
18,7,978.00,489.00,303.00,230.00,1.0,-1,-1,-1
19,1,758.00,297.00,61.00,52.00,1.0,-1,-1,-1
19,2,686.00,206.00,33.00,30.00,1.0,-1,-1,-1
19,3,657.00,252.00,43.00,44.00,1.0,-1,-1,-1
19,5,501.00,248.00,52.00,54.00,1.0,-1,-1,-1
19,7,950.00,469.00,297.00,226.00,1.0,-1,-1,-1
20,1,756.00,294.00,60.00,52.00,1.0,-1,-1,-1
20,2,685.00,206.00,32.00,29.00,1.0,-1,-1,-1
20,3,656.00,250.00,43.00,43.00,1.0,-1,-1,-1
20,5,500.00,250.00,53.00,55.00,1.0,-1,-1,-1
20,7,932.00,455.00,279.00,213.00,1.0,-1,-1,-1
20,8,718.00,569.00,243.00,148.00,1.0,-1,-1,-1
21,1,753.00,290.00,61.00,52.00,1.0,-1,-1,-1
21,2,684.00,205.00,32.00,29.00,1.0,-1,-1,-1
21,3,656.00,249.00,42.00,42.00,1.0,-1,-1,-1
21,5,499.00,252.00,53.00,56.00,1.0,-1,-1,-1
21,7,919.00,445.00,263.00,203.00,1.0,-1,-1,-1
21,8,709.00,553.00,243.00,150.00,1.0,-1,-1,-1
22,1,751.00,287.00,61.00,52.00,1.0,-1,-1,-1
22,2,684.00,205.00,31.00,27.00,1.0,-1,-1,-1
22,3,655.00,247.00,43.00,43.00,1.0,-1,-1,-1
22,5,497.00,254.00,55.00,56.00,1.0,-1,-1,-1
22,7,911.00,435.00,247.00,192.00,1.0,-1,-1,-1
22,8,706.00,540.00,233.00,147.00,1.0,-1,-1,-1
23,1,747.00,283.00,59.00,51.00,1.0,-1,-1,-1
23,2,682.00,204.00,31.00,27.00,1.0,-1,-1,-1
23,3,654.00,244.00,43.00,44.00,1.0,-1,-1,-1
23,5,494.00,258.00,55.00,57.00,1.0,-1,-1,-1
23,7,897.00,419.00,229.00,180.00,1.0,-1,-1,-1
23,8,703.00,518.00,215.00,137.00,1.0,-1,-1,-1
24,1,745.00,282.00,58.00,49.00,1.0,-1,-1,-1
24,2,681.00,203.00,31.00,27.00,1.0,-1,-1,-1
24,3,653.00,242.00,43.00,44.00,1.0,-1,-1,-1
24,5,492.00,260.00,56.00,58.00,1.0,-1,-1,-1
24,7,888.00,409.00,214.00,171.00,1.0,-1,-1,-1
24,8,703.00,503.00,199.00,130.00,1.0,-1,-1,-1
25,1,744.00,280.00,56.00,48.00,1.0,-1,-1,-1
25,2,681.00,203.00,30.00,27.00,1.0,-1,-1,-1
25,3,653.00,241.00,42.00,43.00,1.0,-1,-1,-1
25,5,490.00,262.00,57.00,59.00,1.0,-1,-1,-1
25,7,881.00,401.00,203.00,163.00,1.0,-1,-1,-1
25,8,701.00,489.00,190.00,126.00,1.0,-1,-1,-1
26,1,743.00,279.00,54.00,46.00,1.0,-1,-1,-1
26,2,680.00,203.00,31.00,27.00,1.0,-1,-1,-1
26,3,653.00,240.00,40.00,42.00,1.0,-1,-1,-1
26,5,489.00,264.00,56.00,59.00,1.0,-1,-1,-1
26,7,875.00,395.00,192.00,156.00,1.0,-1,-1,-1
26,8,702.00,479.00,177.00,120.00,1.0,-1,-1,-1
27,1,739.00,273.00,52.00,46.00,1.0,-1,-1,-1
27,2,679.00,202.00,30.00,27.00,1.0,-1,-1,-1
27,3,652.00,238.00,39.00,41.00,1.0,-1,-1,-1
27,5,484.00,267.00,61.00,64.00,1.0,-1,-1,-1
27,7,859.00,377.00,178.00,147.00,1.0,-1,-1,-1
27,8,699.00,458.00,160.00,111.00,1.0,-1,-1,-1
28,1,737.00,270.00,51.00,45.00,1.0,-1,-1,-1
28,2,678.00,201.00,30.00,27.00,1.0,-1,-1,-1
28,3,652.00,239.00,37.00,38.00,1.0,-1,-1,-1
28,5,482.00,271.00,61.00,65.00,1.0,-1,-1,-1
28,7,850.00,368.00,168.00,140.00,1.0,-1,-1,-1
28,8,698.00,445.00,149.00,105.00,1.0,-1,-1,-1
29,1,735.00,268.00,52.00,45.00,1.0,-1,-1,-1
29,2,678.00,200.00,30.00,27.00,1.0,-1,-1,-1
29,3,652.00,237.00,37.00,39.00,1.0,-1,-1,-1
29,5,479.00,274.00,62.00,65.00,1.0,-1,-1,-1
29,7,844.00,362.00,158.00,134.00,1.0,-1,-1,-1
29,8,697.00,436.00,140.00,101.00,1.0,-1,-1,-1
30,1,733.00,265.00,50.00,44.00,1.0,-1,-1,-1
30,2,677.00,199.00,29.00,27.00,1.0,-1,-1,-1
30,3,650.00,234.00,39.00,40.00,1.0,-1,-1,-1
30,5,474.00,278.00,64.00,68.00,1.0,-1,-1,-1
30,7,834.00,352.00,152.00,130.00,1.0,-1,-1,-1
30,8,695.00,423.00,131.00,97.00,1.0,-1,-1,-1
31,1,731.00,264.00,49.00,43.00,1.0,-1,-1,-1
31,2,677.00,199.00,28.00,26.00,1.0,-1,-1,-1
31,3,650.00,233.00,38.00,40.00,1.0,-1,-1,-1
31,5,471.00,282.00,65.00,69.00,1.0,-1,-1,-1
31,7,828.00,346.00,145.00,126.00,1.0,-1,-1,-1
31,8,693.00,415.00,125.00,93.00,1.0,-1,-1,-1
32,1,730.00,262.00,48.00,43.00,1.0,-1,-1,-1
32,2,677.00,199.00,28.00,25.00,1.0,-1,-1,-1
32,3,650.00,232.00,38.00,39.00,1.0,-1,-1,-1
32,5,468.00,284.00,66.00,71.00,1.0,-1,-1,-1
32,7,824.00,340.00,140.00,124.00,1.0,-1,-1,-1
32,8,693.00,408.00,119.00,91.00,1.0,-1,-1,-1
33,1,728.00,259.00,49.00,43.00,1.0,-1,-1,-1
33,2,676.00,198.00,28.00,25.00,1.0,-1,-1,-1
33,3,650.00,231.00,37.00,39.00,1.0,-1,-1,-1
33,5,466.00,286.00,68.00,72.00,1.0,-1,-1,-1
33,7,820.00,335.00,135.00,121.00,1.0,-1,-1,-1
33,8,692.00,402.00,113.00,88.00,1.0,-1,-1,-1
34,1,725.00,256.00,49.00,43.00,1.0,-1,-1,-1
34,2,676.00,198.00,27.00,25.00,1.0,-1,-1,-1
34,3,649.00,230.00,37.00,38.00,1.0,-1,-1,-1
34,5,462.00,292.00,70.00,74.00,1.0,-1,-1,-1
34,7,814.00,329.00,125.00,114.00,1.0,-1,-1,-1
34,8,690.00,391.00,107.00,85.00,1.0,-1,-1,-1
34,10,909.00,480.00,332.00,222.00,1.0,-1,-1,-1
35,1,724.00,255.00,48.00,41.00,1.0,-1,-1,-1
35,2,675.00,197.00,28.00,25.00,1.0,-1,-1,-1
35,3,648.00,229.00,36.00,38.00,1.0,-1,-1,-1
35,5,458.00,296.00,72.00,75.00,1.0,-1,-1,-1
35,7,810.00,324.00,119.00,110.00,1.0,-1,-1,-1
35,8,689.00,385.00,103.00,81.00,1.0,-1,-1,-1
35,10,889.00,464.00,325.00,219.00,1.0,-1,-1,-1
36,1,723.00,252.00,47.00,42.00,1.0,-1,-1,-1
36,2,674.00,196.00,28.00,25.00,1.0,-1,-1,-1
36,3,648.00,228.00,35.00,37.00,1.0,-1,-1,-1
36,5,455.00,300.00,72.00,76.00,1.0,-1,-1,-1
36,7,806.00,320.00,116.00,108.00,1.0,-1,-1,-1
36,8,688.00,379.00,99.00,80.00,1.0,-1,-1,-1
36,10,879.00,452.00,307.00,209.00,1.0,-1,-1,-1
37,1,722.00,251.00,46.00,41.00,1.0,-1,-1,-1
37,2,674.00,195.00,28.00,26.00,1.0,-1,-1,-1
37,3,648.00,227.00,35.00,36.00,1.0,-1,-1,-1
37,5,452.00,303.00,74.00,78.00,1.0,-1,-1,-1
37,7,802.00,315.00,113.00,107.00,1.0,-1,-1,-1
37,8,689.00,375.00,95.00,77.00,1.0,-1,-1,-1
37,10,871.00,442.00,291.00,201.00,1.0,-1,-1,-1
38,1,720.00,249.00,45.00,40.00,1.0,-1,-1,-1
38,2,673.00,194.00,28.00,26.00,1.0,-1,-1,-1
38,3,647.00,226.00,35.00,36.00,1.0,-1,-1,-1
38,5,446.00,308.00,77.00,81.00,1.0,-1,-1,-1
38,7,796.00,309.00,108.00,103.00,1.0,-1,-1,-1
38,8,686.00,366.00,92.00,75.00,1.0,-1,-1,-1
38,10,861.00,427.00,265.00,186.00,1.0,-1,-1,-1
39,1,719.00,248.00,44.00,39.00,1.0,-1,-1,-1
39,2,672.00,194.00,28.00,26.00,1.0,-1,-1,-1
39,3,647.00,225.00,34.00,36.00,1.0,-1,-1,-1
39,5,443.00,313.00,78.00,83.00,1.0,-1,-1,-1
39,7,792.00,305.00,104.00,100.00,1.0,-1,-1,-1
39,8,685.00,361.00,87.00,72.00,1.0,-1,-1,-1
39,10,855.00,417.00,246.00,175.00,1.0,-1,-1,-1
40,1,718.00,247.00,43.00,38.00,1.0,-1,-1,-1
40,2,672.00,193.00,28.00,26.00,1.0,-1,-1,-1
40,3,646.00,224.00,34.00,36.00,1.0,-1,-1,-1
40,5,438.00,317.00,81.00,85.00,1.0,-1,-1,-1
40,7,789.00,302.00,101.00,98.00,1.0,-1,-1,-1
40,8,683.00,357.00,85.00,71.00,1.0,-1,-1,-1
40,10,850.00,408.00,232.00,169.00,1.0,-1,-1,-1
41,1,718.00,246.00,41.00,37.00,1.0,-1,-1,-1
41,2,672.00,193.00,27.00,25.00,1.0,-1,-1,-1
41,3,646.00,223.00,34.00,35.00,1.0,-1,-1,-1
41,5,434.00,320.00,82.00,88.00,1.0,-1,-1,-1
41,7,786.00,300.00,98.00,95.00,1.0,-1,-1,-1
41,8,682.00,353.00,83.00,69.00,1.0,-1,-1,-1
41,10,845.00,401.00,219.00,161.00,1.0,-1,-1,-1
42,1,716.00,244.00,41.00,36.00,1.0,-1,-1,-1
42,2,671.00,192.00,26.00,25.00,1.0,-1,-1,-1
42,3,645.00,222.00,34.00,35.00,1.0,-1,-1,-1
42,5,426.00,327.00,87.00,92.00,1.0,-1,-1,-1
42,7,782.00,294.00,94.00,93.00,1.0,-1,-1,-1
42,8,680.00,346.00,80.00,68.00,1.0,-1,-1,-1
42,10,837.00,389.00,202.00,152.00,1.0,-1,-1,-1
43,1,714.00,242.00,41.00,36.00,1.0,-1,-1,-1
43,2,670.00,192.00,26.00,24.00,1.0,-1,-1,-1
43,3,645.00,221.00,33.00,35.00,1.0,-1,-1,-1
43,5,421.00,332.00,88.00,94.00,1.0,-1,-1,-1
43,7,778.00,291.00,91.00,90.00,1.0,-1,-1,-1
43,8,679.00,342.00,77.00,66.00,1.0,-1,-1,-1
43,10,831.00,381.00,191.00,146.00,1.0,-1,-1,-1
44,1,713.00,240.00,41.00,37.00,1.0,-1,-1,-1
44,2,669.00,191.00,27.00,24.00,1.0,-1,-1,-1
44,3,644.00,220.00,34.00,35.00,1.0,-1,-1,-1
44,5,415.00,338.00,92.00,96.00,1.0,-1,-1,-1
44,7,774.00,288.00,90.00,89.00,1.0,-1,-1,-1
44,8,678.00,338.00,75.00,65.00,1.0,-1,-1,-1
44,10,825.00,373.00,184.00,143.00,1.0,-1,-1,-1
45,1,711.00,239.00,41.00,36.00,1.0,-1,-1,-1
45,2,669.00,190.00,26.00,24.00,1.0,-1,-1,-1
45,3,644.00,219.00,33.00,35.00,1.0,-1,-1,-1
45,5,411.00,342.00,94.00,100.00,1.0,-1,-1,-1
45,7,773.00,285.00,86.00,87.00,1.0,-1,-1,-1
45,8,677.00,335.00,74.00,64.00,1.0,-1,-1,-1
45,10,822.00,368.00,175.00,138.00,1.0,-1,-1,-1
46,1,709.00,237.00,40.00,36.00,1.0,-1,-1,-1
46,2,669.00,190.00,25.00,24.00,1.0,-1,-1,-1
46,3,644.00,218.00,33.00,35.00,1.0,-1,-1,-1
46,5,404.00,351.00,97.00,104.00,1.0,-1,-1,-1
46,7,768.00,282.00,83.00,83.00,1.0,-1,-1,-1
46,8,675.00,329.00,71.00,62.00,1.0,-1,-1,-1
46,10,814.00,358.00,166.00,133.00,1.0,-1,-1,-1
47,1,708.00,236.00,40.00,36.00,1.0,-1,-1,-1
47,2,668.00,190.00,26.00,23.00,1.0,-1,-1,-1
47,3,643.00,217.00,33.00,35.00,1.0,-1,-1,-1
47,5,397.00,358.00,101.00,107.00,1.0,-1,-1,-1
47,7,766.00,280.00,80.00,82.00,1.0,-1,-1,-1
47,8,674.00,325.00,69.00,60.00,1.0,-1,-1,-1
47,10,810.00,352.00,156.00,127.00,1.0,-1,-1,-1
48,1,707.00,235.00,39.00,36.00,1.0,-1,-1,-1
48,2,668.00,189.00,25.00,24.00,1.0,-1,-1,-1
48,3,643.00,216.00,33.00,35.00,1.0,-1,-1,-1
48,5,390.00,364.00,105.00,112.00,1.0,-1,-1,-1
48,7,763.00,278.00,78.00,79.00,1.0,-1,-1,-1
48,8,674.00,321.00,67.00,60.00,1.0,-1,-1,-1
48,10,806.00,346.00,150.00,124.00,1.0,-1,-1,-1
49,1,706.00,235.00,39.00,35.00,1.0,-1,-1,-1
49,2,668.00,189.00,25.00,23.00,1.0,-1,-1,-1
49,3,643.00,215.00,32.00,35.00,1.0,-1,-1,-1
49,5,384.00,369.00,109.00,117.00,1.0,-1,-1,-1
49,7,761.00,275.00,77.00,78.00,1.0,-1,-1,-1
49,8,673.00,318.00,66.00,58.00,1.0,-1,-1,-1
49,10,803.00,341.00,145.00,122.00,1.0,-1,-1,-1
50,1,705.00,233.00,37.00,34.00,1.0,-1,-1,-1
50,2,667.00,189.00,25.00,23.00,1.0,-1,-1,-1
50,3,643.00,215.00,31.00,33.00,1.0,-1,-1,-1
50,5,372.00,380.00,115.00,124.00,1.0,-1,-1,-1
50,7,757.00,271.00,75.00,77.00,1.0,-1,-1,-1
50,8,672.00,313.00,64.00,57.00,1.0,-1,-1,-1
50,10,797.00,333.00,136.00,117.00,1.0,-1,-1,-1
51,1,704.00,233.00,36.00,32.00,1.0,-1,-1,-1
51,2,667.00,188.00,25.00,23.00,1.0,-1,-1,-1
51,3,643.00,215.00,30.00,32.00,1.0,-1,-1,-1
51,5,363.00,387.00,120.00,130.00,1.0,-1,-1,-1
51,7,755.00,270.00,72.00,74.00,1.0,-1,-1,-1
51,8,671.00,310.00,63.00,56.00,1.0,-1,-1,-1
51,10,793.00,328.00,131.00,114.00,1.0,-1,-1,-1
52,1,703.00,231.00,36.00,32.00,1.0,-1,-1,-1
52,2,667.00,188.00,24.00,23.00,1.0,-1,-1,-1
52,3,643.00,214.00,30.00,32.00,1.0,-1,-1,-1
52,5,355.00,395.00,124.00,135.00,1.0,-1,-1,-1
52,7,754.00,269.00,68.00,71.00,1.0,-1,-1,-1
52,8,670.00,307.00,63.00,56.00,1.0,-1,-1,-1
52,10,790.00,325.00,125.00,109.00,1.0,-1,-1,-1
53,1,703.00,230.00,35.00,32.00,1.0,-1,-1,-1
53,2,667.00,188.00,24.00,23.00,1.0,-1,-1,-1
53,3,643.00,214.00,30.00,31.00,1.0,-1,-1,-1
53,5,346.00,405.00,128.00,140.00,1.0,-1,-1,-1
53,7,751.00,267.00,68.00,70.00,1.0,-1,-1,-1
53,8,669.00,304.00,62.00,55.00,1.0,-1,-1,-1
53,10,787.00,321.00,120.00,107.00,1.0,-1,-1,-1
54,1,700.00,228.00,36.00,32.00,1.0,-1,-1,-1
54,2,665.00,188.00,25.00,22.00,1.0,-1,-1,-1
54,3,642.00,213.00,30.00,31.00,1.0,-1,-1,-1
54,5,330.00,420.00,136.00,149.00,1.0,-1,-1,-1
54,7,747.00,263.00,67.00,69.00,1.0,-1,-1,-1
54,8,668.00,301.00,59.00,53.00,1.0,-1,-1,-1
54,10,783.00,316.00,113.00,101.00,1.0,-1,-1,-1
55,1,699.00,226.00,36.00,33.00,1.0,-1,-1,-1
55,2,665.00,187.00,25.00,23.00,1.0,-1,-1,-1
55,3,642.00,212.00,30.00,31.00,1.0,-1,-1,-1
55,5,318.00,433.00,142.00,155.00,1.0,-1,-1,-1
55,7,744.00,260.00,66.00,69.00,1.0,-1,-1,-1
55,8,667.00,299.00,58.00,52.00,1.0,-1,-1,-1
55,10,778.00,312.00,110.00,99.00,1.0,-1,-1,-1
56,1,697.00,224.00,37.00,34.00,1.0,-1,-1,-1
56,2,664.00,187.00,24.00,23.00,1.0,-1,-1,-1
56,3,641.00,212.00,31.00,31.00,1.0,-1,-1,-1
56,5,305.00,442.00,150.00,166.00,1.0,-1,-1,-1
56,7,742.00,259.00,65.00,68.00,1.0,-1,-1,-1
56,8,666.00,297.00,55.00,50.00,1.0,-1,-1,-1
56,10,775.00,308.00,107.00,98.00,1.0,-1,-1,-1
57,1,697.00,223.00,36.00,34.00,1.0,-1,-1,-1
57,2,663.00,187.00,25.00,22.00,1.0,-1,-1,-1
57,3,641.00,211.00,30.00,31.00,1.0,-1,-1,-1
57,5,293.00,455.00,156.00,172.00,1.0,-1,-1,-1
57,7,741.00,257.00,63.00,66.00,1.0,-1,-1,-1
57,8,665.00,296.00,54.00,48.00,1.0,-1,-1,-1
57,10,773.00,305.00,103.00,96.00,1.0,-1,-1,-1
58,1,695.00,222.00,36.00,33.00,1.0,-1,-1,-1
58,2,663.00,186.00,24.00,23.00,1.0,-1,-1,-1
58,3,640.00,210.00,30.00,31.00,1.0,-1,-1,-1
58,5,269.00,473.00,171.00,189.00,1.0,-1,-1,-1
58,7,738.00,254.00,62.00,65.00,1.0,-1,-1,-1
58,8,663.00,290.00,55.00,49.00,1.0,-1,-1,-1
58,10,768.00,301.00,99.00,92.00,1.0,-1,-1,-1
59,1,693.00,221.00,36.00,33.00,1.0,-1,-1,-1
59,2,663.00,186.00,23.00,22.00,1.0,-1,-1,-1
59,3,640.00,209.00,29.00,30.00,1.0,-1,-1,-1
59,5,251.00,489.00,181.00,201.00,1.0,-1,-1,-1
59,7,737.00,254.00,60.00,63.00,1.0,-1,-1,-1
59,8,662.00,287.00,55.00,50.00,1.0,-1,-1,-1
59,10,766.00,298.00,95.00,91.00,1.0,-1,-1,-1
60,1,693.00,221.00,35.00,33.00,1.0,-1,-1,-1
60,2,662.00,186.00,24.00,22.00,1.0,-1,-1,-1
60,3,640.00,208.00,29.00,30.00,1.0,-1,-1,-1
60,5,234.00,503.00,189.00,209.00,1.0,-1,-1,-1
60,7,734.00,252.00,59.00,63.00,1.0,-1,-1,-1
60,8,661.00,285.00,54.00,49.00,1.0,-1,-1,-1
60,10,763.00,296.00,92.00,87.00,1.0,-1,-1,-1
61,1,692.00,221.00,34.00,31.00,1.0,-1,-1,-1
61,2,662.00,186.00,23.00,22.00,1.0,-1,-1,-1
61,3,640.00,208.00,29.00,30.00,1.0,-1,-1,-1
61,5,222.00,519.00,185.00,203.00,1.0,-1,-1,-1
61,7,731.00,251.00,59.00,62.00,1.0,-1,-1,-1
61,8,661.00,284.00,53.00,48.00,1.0,-1,-1,-1
61,10,759.00,291.00,91.00,88.00,1.0,-1,-1,-1
62,1,691.00,220.00,33.00,31.00,1.0,-1,-1,-1
62,2,661.00,186.00,24.00,22.00,1.0,-1,-1,-1
62,3,640.00,207.00,28.00,30.00,1.0,-1,-1,-1
62,5,210.00,549.00,168.00,177.00,1.0,-1,-1,-1
62,7,729.00,249.00,57.00,59.00,1.0,-1,-1,-1
62,8,660.00,281.00,51.00,46.00,1.0,-1,-1,-1
62,10,756.00,288.00,87.00,84.00,1.0,-1,-1,-1
63,1,690.00,219.00,32.00,30.00,1.0,-1,-1,-1
63,2,661.00,185.00,23.00,22.00,1.0,-1,-1,-1
63,3,639.00,207.00,29.00,30.00,1.0,-1,-1,-1
63,5,203.00,571.00,154.00,155.00,1.0,-1,-1,-1
63,7,727.00,247.00,56.00,59.00,1.0,-1,-1,-1
63,8,660.00,278.00,50.00,46.00,1.0,-1,-1,-1
63,10,753.00,285.00,86.00,82.00,1.0,-1,-1,-1
64,1,689.00,218.00,31.00,29.00,1.0,-1,-1,-1
64,2,661.00,185.00,23.00,21.00,1.0,-1,-1,-1
64,3,639.00,207.00,29.00,29.00,1.0,-1,-1,-1
64,5,199.00,594.00,140.00,132.00,1.0,-1,-1,-1
64,7,725.00,245.00,55.00,59.00,1.0,-1,-1,-1
64,8,659.00,277.00,49.00,45.00,1.0,-1,-1,-1
64,10,751.00,283.00,83.00,81.00,1.0,-1,-1,-1
65,1,689.00,217.00,30.00,29.00,1.0,-1,-1,-1
65,2,660.00,185.00,24.00,21.00,1.0,-1,-1,-1
65,3,639.00,207.00,28.00,29.00,1.0,-1,-1,-1
65,5,191.00,608.00,137.00,129.00,1.0,-1,-1,-1
65,7,723.00,243.00,56.00,59.00,1.0,-1,-1,-1
65,8,658.00,274.00,50.00,46.00,1.0,-1,-1,-1
65,10,749.00,281.00,81.00,79.00,1.0,-1,-1,-1
66,1,687.00,216.00,31.00,29.00,1.0,-1,-1,-1
66,2,660.00,184.00,23.00,22.00,1.0,-1,-1,-1
66,3,639.00,205.00,28.00,29.00,1.0,-1,-1,-1
66,7,721.00,241.00,54.00,58.00,1.0,-1,-1,-1
66,8,657.00,272.00,48.00,44.00,1.0,-1,-1,-1
66,10,746.00,277.00,78.00,77.00,1.0,-1,-1,-1
67,1,686.00,215.00,31.00,29.00,1.0,-1,-1,-1
67,2,660.00,184.00,23.00,21.00,1.0,-1,-1,-1
67,3,639.00,204.00,27.00,29.00,1.0,-1,-1,-1
67,7,720.00,240.00,53.00,55.00,1.0,-1,-1,-1
67,8,656.00,269.00,48.00,44.00,1.0,-1,-1,-1
67,10,744.00,274.00,76.00,76.00,1.0,-1,-1,-1
68,1,686.00,215.00,30.00,28.00,1.0,-1,-1,-1
68,2,660.00,184.00,22.00,21.00,1.0,-1,-1,-1
68,3,639.00,204.00,27.00,28.00,1.0,-1,-1,-1
68,7,719.00,239.00,51.00,54.00,1.0,-1,-1,-1
68,8,656.00,269.00,47.00,42.00,1.0,-1,-1,-1
68,10,742.00,273.00,73.00,74.00,1.0,-1,-1,-1
69,1,685.00,214.00,30.00,28.00,1.0,-1,-1,-1
69,2,660.00,183.00,22.00,21.00,1.0,-1,-1,-1
69,3,639.00,203.00,27.00,28.00,1.0,-1,-1,-1
69,7,718.00,238.00,50.00,53.00,1.0,-1,-1,-1
69,8,655.00,267.00,46.00,42.00,1.0,-1,-1,-1
69,10,739.00,270.00,73.00,74.00,1.0,-1,-1,-1
70,1,684.00,213.00,30.00,28.00,1.0,-1,-1,-1
70,2,659.00,183.00,22.00,21.00,1.0,-1,-1,-1
70,3,639.00,203.00,26.00,28.00,1.0,-1,-1,-1
70,7,716.00,236.00,49.00,52.00,1.0,-1,-1,-1
70,8,654.00,265.00,46.00,41.00,1.0,-1,-1,-1
70,10,736.00,267.00,71.00,72.00,1.0,-1,-1,-1
71,1,683.00,212.00,29.00,28.00,1.0,-1,-1,-1
71,3,638.00,203.00,27.00,27.00,1.0,-1,-1,-1
71,7,714.00,236.00,48.00,51.00,1.0,-1,-1,-1
71,8,654.00,263.00,45.00,41.00,1.0,-1,-1,-1
71,10,735.00,265.00,69.00,71.00,1.0,-1,-1,-1
72,1,682.00,211.00,29.00,28.00,1.0,-1,-1,-1
72,3,639.00,202.00,25.00,27.00,1.0,-1,-1,-1
72,7,713.00,234.00,48.00,52.00,1.0,-1,-1,-1
72,8,653.00,261.00,45.00,41.00,1.0,-1,-1,-1
72,10,733.00,264.00,68.00,70.00,1.0,-1,-1,-1
72,11,1079.00,524.00,201.00,195.00,1.0,-1,-1,-1
73,1,682.00,210.00,29.00,28.00,1.0,-1,-1,-1
73,3,638.00,202.00,26.00,27.00,1.0,-1,-1,-1
73,7,711.00,233.00,48.00,50.00,1.0,-1,-1,-1
73,8,653.00,260.00,44.00,40.00,1.0,-1,-1,-1
73,10,731.00,261.00,67.00,71.00,1.0,-1,-1,-1
73,11,1060.00,503.00,223.00,216.00,1.0,-1,-1,-1
74,1,679.00,209.00,30.00,28.00,1.0,-1,-1,-1
74,3,638.00,201.00,25.00,27.00,1.0,-1,-1,-1
74,7,709.00,231.00,47.00,50.00,1.0,-1,-1,-1
74,8,652.00,258.00,42.00,39.00,1.0,-1,-1,-1
74,10,728.00,259.00,65.00,68.00,1.0,-1,-1,-1
74,11,1031.00,474.00,252.00,245.00,1.0,-1,-1,-1
75,1,678.00,208.00,29.00,28.00,1.0,-1,-1,-1
75,3,637.00,201.00,25.00,27.00,1.0,-1,-1,-1
75,7,709.00,228.00,46.00,50.00,1.0,-1,-1,-1
75,8,651.00,256.00,42.00,38.00,1.0,-1,-1,-1
75,10,727.00,257.00,63.00,66.00,1.0,-1,-1,-1
75,11,1008.00,455.00,272.00,265.00,1.0,-1,-1,-1
76,1,678.00,207.00,29.00,28.00,1.0,-1,-1,-1
76,3,637.00,201.00,25.00,26.00,1.0,-1,-1,-1
76,7,707.00,226.00,47.00,51.00,1.0,-1,-1,-1
76,8,651.00,256.00,40.00,37.00,1.0,-1,-1,-1
76,10,725.00,255.00,62.00,66.00,1.0,-1,-1,-1
76,11,992.00,440.00,287.00,280.00,1.0,-1,-1,-1
77,1,678.00,207.00,29.00,27.00,1.0,-1,-1,-1
77,3,637.00,200.00,25.00,26.00,1.0,-1,-1,-1
77,7,706.00,227.00,45.00,48.00,1.0,-1,-1,-1
77,8,650.00,255.00,40.00,37.00,1.0,-1,-1,-1
77,10,724.00,253.00,60.00,65.00,1.0,-1,-1,-1
77,11,976.00,427.00,301.00,293.00,1.0,-1,-1,-1
78,1,677.00,206.00,28.00,27.00,1.0,-1,-1,-1
78,3,636.00,200.00,24.00,26.00,1.0,-1,-1,-1
78,7,705.00,226.00,43.00,47.00,1.0,-1,-1,-1
78,8,649.00,253.00,41.00,37.00,1.0,-1,-1,-1
78,10,722.00,251.00,59.00,63.00,1.0,-1,-1,-1
78,11,955.00,408.00,321.00,312.00,1.0,-1,-1,-1
79,1,677.00,206.00,27.00,26.00,1.0,-1,-1,-1
79,3,636.00,200.00,23.00,25.00,1.0,-1,-1,-1
79,7,703.00,225.00,44.00,46.00,1.0,-1,-1,-1
79,8,648.00,251.00,41.00,37.00,1.0,-1,-1,-1
79,10,720.00,249.00,58.00,63.00,1.0,-1,-1,-1
79,11,940.00,396.00,334.00,324.00,1.0,-1,-1,-1
80,1,677.00,206.00,26.00,25.00,1.0,-1,-1,-1
80,3,636.00,200.00,23.00,24.00,1.0,-1,-1,-1
80,7,703.00,224.00,42.00,45.00,1.0,-1,-1,-1
80,8,647.00,249.00,41.00,38.00,1.0,-1,-1,-1
80,10,720.00,249.00,55.00,60.00,1.0,-1,-1,-1
80,11,929.00,387.00,344.00,333.00,1.0,-1,-1,-1
81,1,676.00,205.00,26.00,25.00,1.0,-1,-1,-1
81,2,657.00,180.00,20.00,19.00,1.0,-1,-1,-1
81,3,636.00,200.00,23.00,24.00,1.0,-1,-1,-1
81,7,701.00,223.00,42.00,46.00,1.0,-1,-1,-1
81,8,646.00,248.00,41.00,37.00,1.0,-1,-1,-1
81,10,718.00,247.00,55.00,60.00,1.0,-1,-1,-1
81,11,919.00,378.00,354.00,342.00,1.0,-1,-1,-1
82,1,675.00,204.00,26.00,25.00,1.0,-1,-1,-1
82,2,656.00,179.00,21.00,20.00,1.0,-1,-1,-1
82,3,635.00,199.00,24.00,24.00,1.0,-1,-1,-1
82,7,699.00,222.00,41.00,45.00,1.0,-1,-1,-1
82,8,646.00,246.00,40.00,36.00,1.0,-1,-1,-1
82,10,715.00,245.00,54.00,59.00,1.0,-1,-1,-1
82,11,903.00,365.00,368.00,354.00,1.0,-1,-1,-1
83,1,674.00,203.00,25.00,25.00,1.0,-1,-1,-1
83,2,656.00,179.00,20.00,19.00,1.0,-1,-1,-1
83,3,635.00,198.00,23.00,25.00,1.0,-1,-1,-1
83,7,697.00,220.00,41.00,45.00,1.0,-1,-1,-1
83,8,646.00,244.00,39.00,36.00,1.0,-1,-1,-1
83,10,714.00,243.00,53.00,59.00,1.0,-1,-1,-1
83,11,895.00,359.00,375.00,360.00,1.0,-1,-1,-1
84,1,674.00,203.00,25.00,24.00,1.0,-1,-1,-1
84,2,656.00,178.00,20.00,20.00,1.0,-1,-1,-1
84,3,634.00,198.00,24.00,24.00,1.0,-1,-1,-1
84,7,696.00,220.00,42.00,45.00,1.0,-1,-1,-1
84,8,645.00,243.00,39.00,36.00,1.0,-1,-1,-1
84,10,712.00,241.00,54.00,59.00,1.0,-1,-1,-1
84,11,887.00,354.00,382.00,365.00,1.0,-1,-1,-1
85,1,673.00,202.00,25.00,25.00,1.0,-1,-1,-1
85,3,634.00,197.00,24.00,25.00,1.0,-1,-1,-1
85,7,696.00,220.00,41.00,46.00,1.0,-1,-1,-1
85,8,645.00,242.00,38.00,35.00,1.0,-1,-1,-1
85,10,710.00,240.00,54.00,59.00,1.0,-1,-1,-1
85,11,880.00,349.00,390.00,370.00,1.0,-1,-1,-1
86,1,672.00,201.00,26.00,25.00,1.0,-1,-1,-1
86,2,656.00,178.00,20.00,19.00,1.0,-1,-1,-1
86,3,633.00,197.00,25.00,25.00,1.0,-1,-1,-1
86,7,693.00,219.00,51.00,59.00,1.0,-1,-1,-1
86,8,645.00,241.00,37.00,34.00,1.0,-1,-1,-1
86,10,707.00,236.00,54.00,59.00,1.0,-1,-1,-1
86,11,870.00,338.00,396.00,375.00,1.0,-1,-1,-1
87,1,672.00,200.00,26.00,25.00,1.0,-1,-1,-1
87,2,656.00,177.00,20.00,19.00,1.0,-1,-1,-1
87,3,634.00,196.00,23.00,25.00,1.0,-1,-1,-1
87,7,691.00,218.00,53.00,60.00,1.0,-1,-1,-1
87,8,644.00,239.00,37.00,35.00,1.0,-1,-1,-1
87,10,707.00,234.00,53.00,59.00,1.0,-1,-1,-1
87,11,860.00,331.00,392.00,369.00,1.0,-1,-1,-1
88,1,671.00,200.00,26.00,25.00,1.0,-1,-1,-1
88,2,656.00,177.00,19.00,19.00,1.0,-1,-1,-1
88,3,634.00,196.00,23.00,24.00,1.0,-1,-1,-1
88,8,643.00,238.00,37.00,35.00,1.0,-1,-1,-1
88,10,705.00,234.00,52.00,58.00,1.0,-1,-1,-1
88,11,853.00,326.00,376.00,353.00,1.0,-1,-1,-1
89,1,671.00,199.00,25.00,25.00,1.0,-1,-1,-1
89,2,655.00,176.00,20.00,19.00,1.0,-1,-1,-1
89,3,634.00,196.00,23.00,24.00,1.0,-1,-1,-1
89,8,643.00,238.00,36.00,34.00,1.0,-1,-1,-1
89,10,705.00,234.00,50.00,55.00,1.0,-1,-1,-1
89,11,845.00,322.00,359.00,337.00,1.0,-1,-1,-1
90,1,670.00,199.00,25.00,25.00,1.0,-1,-1,-1
90,2,655.00,176.00,19.00,19.00,1.0,-1,-1,-1
90,3,634.00,196.00,22.00,23.00,1.0,-1,-1,-1
90,7,695.00,221.00,56.00,64.00,1.0,-1,-1,-1
90,8,642.00,237.00,36.00,33.00,1.0,-1,-1,-1
90,10,702.00,232.00,50.00,55.00,1.0,-1,-1,-1
90,11,834.00,315.00,333.00,311.00,1.0,-1,-1,-1
91,1,669.00,199.00,25.00,25.00,1.0,-1,-1,-1
91,2,654.00,175.00,19.00,19.00,1.0,-1,-1,-1
91,3,633.00,195.00,23.00,23.00,1.0,-1,-1,-1
91,7,694.00,220.00,57.00,66.00,1.0,-1,-1,-1
91,8,641.00,236.00,36.00,33.00,1.0,-1,-1,-1
91,10,702.00,231.00,48.00,54.00,1.0,-1,-1,-1
91,11,828.00,313.00,311.00,290.00,1.0,-1,-1,-1
92,1,669.00,199.00,24.00,24.00,1.0,-1,-1,-1
92,2,654.00,175.00,19.00,19.00,1.0,-1,-1,-1
92,3,632.00,195.00,23.00,23.00,1.0,-1,-1,-1
92,8,641.00,235.00,35.00,33.00,1.0,-1,-1,-1
92,10,697.00,224.00,52.00,59.00,1.0,-1,-1,-1
92,11,820.00,306.00,299.00,280.00,1.0,-1,-1,-1
93,1,668.00,199.00,24.00,23.00,1.0,-1,-1,-1
93,2,654.00,175.00,18.00,19.00,1.0,-1,-1,-1
93,3,632.00,194.00,22.00,23.00,1.0,-1,-1,-1
93,8,641.00,234.00,35.00,33.00,1.0,-1,-1,-1
93,10,699.00,227.00,49.00,55.00,1.0,-1,-1,-1
93,11,816.00,303.00,285.00,267.00,1.0,-1,-1,-1
94,1,667.00,198.00,24.00,24.00,1.0,-1,-1,-1
94,2,653.00,175.00,19.00,19.00,1.0,-1,-1,-1
94,3,632.00,193.00,22.00,23.00,1.0,-1,-1,-1
94,8,640.00,232.00,35.00,33.00,1.0,-1,-1,-1
94,10,698.00,227.00,47.00,53.00,1.0,-1,-1,-1
94,11,807.00,298.00,267.00,249.00,1.0,-1,-1,-1
94,12,621.00,166.00,27.00,25.00,1.0,-1,-1,-1
95,1,667.00,197.00,24.00,24.00,1.0,-1,-1,-1
95,3,632.00,192.00,22.00,23.00,1.0,-1,-1,-1
95,8,640.00,231.00,35.00,32.00,1.0,-1,-1,-1
95,10,693.00,222.00,50.00,56.00,1.0,-1,-1,-1
95,11,803.00,297.00,252.00,235.00,1.0,-1,-1,-1
95,12,621.00,166.00,26.00,24.00,1.0,-1,-1,-1
96,1,667.00,197.00,23.00,23.00,1.0,-1,-1,-1
96,2,653.00,175.00,18.00,18.00,1.0,-1,-1,-1
96,3,632.00,192.00,21.00,22.00,1.0,-1,-1,-1
96,8,639.00,229.00,35.00,33.00,1.0,-1,-1,-1
96,10,689.00,214.00,55.00,63.00,1.0,-1,-1,-1
96,11,798.00,294.00,243.00,227.00,1.0,-1,-1,-1
96,12,621.00,166.00,26.00,23.00,1.0,-1,-1,-1
97,1,666.00,196.00,23.00,23.00,1.0,-1,-1,-1
97,2,653.00,175.00,18.00,18.00,1.0,-1,-1,-1
97,3,632.00,192.00,21.00,22.00,1.0,-1,-1,-1
97,8,639.00,229.00,34.00,32.00,1.0,-1,-1,-1
97,10,688.00,212.00,55.00,63.00,1.0,-1,-1,-1
97,11,795.00,290.00,234.00,220.00,1.0,-1,-1,-1
97,12,621.00,166.00,25.00,23.00,1.0,-1,-1,-1
98,1,665.00,195.00,23.00,23.00,1.0,-1,-1,-1
98,2,651.00,175.00,19.00,18.00,1.0,-1,-1,-1
98,3,632.00,191.00,22.00,23.00,1.0,-1,-1,-1
98,8,639.00,228.00,33.00,32.00,1.0,-1,-1,-1
98,10,688.00,212.00,53.00,61.00,1.0,-1,-1,-1
98,11,788.00,285.00,223.00,209.00,1.0,-1,-1,-1
98,12,620.00,165.00,26.00,24.00,1.0,-1,-1,-1
99,1,664.00,194.00,23.00,23.00,1.0,-1,-1,-1
99,2,650.00,174.00,20.00,19.00,1.0,-1,-1,-1
99,3,632.00,190.00,22.00,23.00,1.0,-1,-1,-1
99,8,638.00,226.00,34.00,33.00,1.0,-1,-1,-1
99,10,690.00,216.00,48.00,56.00,1.0,-1,-1,-1
99,11,783.00,280.00,215.00,203.00,1.0,-1,-1,-1
99,12,620.00,166.00,26.00,23.00,1.0,-1,-1,-1
99,13,720.00,584.00,305.00,135.00,1.0,-1,-1,-1
100,1,664.00,193.00,23.00,24.00,1.0,-1,-1,-1
100,2,650.00,174.00,19.00,19.00,1.0,-1,-1,-1
100,3,631.00,190.00,23.00,23.00,1.0,-1,-1,-1
100,8,638.00,226.00,34.00,32.00,1.0,-1,-1,-1
100,10,689.00,216.00,48.00,55.00,1.0,-1,-1,-1
100,11,778.00,277.00,209.00,198.00,1.0,-1,-1,-1
100,12,620.00,166.00,25.00,23.00,1.0,-1,-1,-1
100,13,695.00,567.00,335.00,151.00,1.0,-1,-1,-1
101,1,663.00,192.00,24.00,24.00,1.0,-1,-1,-1
101,3,631.00,189.00,22.00,24.00,1.0,-1,-1,-1
101,8,638.00,225.00,34.00,32.00,1.0,-1,-1,-1
101,10,691.00,218.00,44.00,51.00,1.0,-1,-1,-1
101,11,775.00,273.00,202.00,192.00,1.0,-1,-1,-1
101,12,619.00,166.00,26.00,23.00,1.0,-1,-1,-1
101,13,670.00,550.00,363.00,167.00,1.0,-1,-1,-1
102,1,662.00,192.00,23.00,24.00,1.0,-1,-1,-1
102,3,631.00,189.00,22.00,23.00,1.0,-1,-1,-1
102,8,638.00,223.00,33.00,32.00,1.0,-1,-1,-1
102,10,688.00,217.00,44.00,51.00,1.0,-1,-1,-1
102,11,771.00,269.00,191.00,182.00,1.0,-1,-1,-1
102,12,619.00,166.00,25.00,23.00,1.0,-1,-1,-1
102,13,663.00,526.00,349.00,165.00,1.0,-1,-1,-1
103,1,662.00,192.00,23.00,23.00,1.0,-1,-1,-1
103,3,631.00,189.00,21.00,23.00,1.0,-1,-1,-1
103,8,638.00,222.00,33.00,32.00,1.0,-1,-1,-1
103,10,686.00,215.00,45.00,51.00,1.0,-1,-1,-1
103,11,767.00,266.00,184.00,178.00,1.0,-1,-1,-1
103,12,620.00,166.00,24.00,23.00,1.0,-1,-1,-1
103,13,666.00,510.00,323.00,157.00,1.0,-1,-1,-1
104,1,662.00,192.00,22.00,22.00,1.0,-1,-1,-1
104,3,631.00,189.00,21.00,22.00,1.0,-1,-1,-1
104,8,637.00,220.00,34.00,33.00,1.0,-1,-1,-1
104,10,684.00,213.00,46.00,52.00,1.0,-1,-1,-1
104,11,766.00,264.00,176.00,171.00,1.0,-1,-1,-1
104,12,620.00,166.00,24.00,23.00,1.0,-1,-1,-1
104,13,669.00,497.00,296.00,149.00,1.0,-1,-1,-1
105,3,631.00,189.00,21.00,22.00,1.0,-1,-1,-1
105,8,637.00,220.00,34.00,33.00,1.0,-1,-1,-1
105,10,682.00,208.00,48.00,56.00,1.0,-1,-1,-1
105,11,763.00,263.00,172.00,167.00,1.0,-1,-1,-1
105,12,621.00,166.00,23.00,22.00,1.0,-1,-1,-1
105,13,670.00,484.00,278.00,144.00,1.0,-1,-1,-1
106,3,631.00,189.00,21.00,22.00,1.0,-1,-1,-1
106,8,637.00,219.00,33.00,32.00,1.0,-1,-1,-1
106,10,680.00,206.00,48.00,56.00,1.0,-1,-1,-1
106,11,759.00,259.00,163.00,159.00,1.0,-1,-1,-1
106,12,620.00,166.00,24.00,22.00,1.0,-1,-1,-1
106,13,672.00,467.00,251.00,135.00,1.0,-1,-1,-1
107,8,637.00,218.00,32.00,32.00,1.0,-1,-1,-1
107,10,678.00,204.00,49.00,56.00,1.0,-1,-1,-1
107,11,757.00,257.00,157.00,154.00,1.0,-1,-1,-1
107,12,621.00,166.00,22.00,22.00,1.0,-1,-1,-1
107,13,675.00,455.00,230.00,128.00,1.0,-1,-1,-1
108,8,638.00,217.00,30.00,31.00,1.0,-1,-1,-1
108,10,678.00,204.00,48.00,55.00,1.0,-1,-1,-1
108,11,755.00,256.00,152.00,149.00,1.0,-1,-1,-1
108,12,621.00,166.00,22.00,22.00,1.0,-1,-1,-1
108,13,678.00,446.00,212.00,122.00,1.0,-1,-1,-1
109,8,637.00,217.00,30.00,30.00,1.0,-1,-1,-1
109,10,677.00,202.00,48.00,57.00,1.0,-1,-1,-1
109,11,753.00,254.00,148.00,146.00,1.0,-1,-1,-1
109,12,621.00,166.00,22.00,21.00,1.0,-1,-1,-1
109,13,680.00,438.00,198.00,117.00,1.0,-1,-1,-1
110,8,637.00,216.00,28.00,30.00,1.0,-1,-1,-1
110,10,676.00,202.00,48.00,55.00,1.0,-1,-1,-1
110,11,750.00,253.00,141.00,139.00,1.0,-1,-1,-1
110,12,621.00,165.00,22.00,22.00,1.0,-1,-1,-1
110,13,681.00,425.00,181.00,110.00,1.0,-1,-1,-1
111,8,636.00,215.00,29.00,30.00,1.0,-1,-1,-1
111,10,675.00,201.00,47.00,55.00,1.0,-1,-1,-1
111,11,746.00,250.00,137.00,136.00,1.0,-1,-1,-1
111,12,621.00,165.00,22.00,21.00,1.0,-1,-1,-1
111,13,681.00,416.00,170.00,106.00,1.0,-1,-1,-1
112,8,636.00,215.00,28.00,29.00,1.0,-1,-1,-1
112,10,674.00,200.00,47.00,55.00,1.0,-1,-1,-1
112,11,744.00,248.00,135.00,134.00,1.0,-1,-1,-1
112,12,621.00,165.00,22.00,21.00,1.0,-1,-1,-1
112,13,682.00,409.00,159.00,103.00,1.0,-1,-1,-1
113,8,636.00,215.00,27.00,28.00,1.0,-1,-1,-1
113,10,674.00,200.00,46.00,54.00,1.0,-1,-1,-1
113,11,743.00,247.00,131.00,130.00,1.0,-1,-1,-1
113,12,621.00,164.00,22.00,22.00,1.0,-1,-1,-1
113,13,683.00,402.00,149.00,100.00,1.0,-1,-1,-1
114,8,635.00,214.00,28.00,29.00,1.0,-1,-1,-1
114,10,675.00,200.00,44.00,53.00,1.0,-1,-1,-1
114,11,740.00,244.00,127.00,126.00,1.0,-1,-1,-1
114,12,621.00,164.00,22.00,22.00,1.0,-1,-1,-1
114,13,683.00,392.00,138.00,95.00,1.0,-1,-1,-1
115,8,635.00,214.00,27.00,28.00,1.0,-1,-1,-1
115,10,675.00,200.00,42.00,51.00,1.0,-1,-1,-1
115,11,738.00,241.00,124.00,125.00,1.0,-1,-1,-1
115,12,621.00,164.00,22.00,21.00,1.0,-1,-1,-1
115,13,682.00,384.00,133.00,93.00,1.0,-1,-1,-1
116,8,635.00,214.00,27.00,27.00,1.0,-1,-1,-1
116,10,675.00,201.00,41.00,49.00,1.0,-1,-1,-1
116,11,736.00,239.00,122.00,123.00,1.0,-1,-1,-1
116,12,621.00,164.00,21.00,21.00,1.0,-1,-1,-1
116,13,682.00,378.00,126.00,91.00,1.0,-1,-1,-1
116,14,948.00,578.00,320.00,140.00,1.0,-1,-1,-1
117,8,635.00,213.00,27.00,27.00,1.0,-1,-1,-1
117,10,675.00,200.00,40.00,49.00,1.0,-1,-1,-1
117,11,734.00,238.00,118.00,120.00,1.0,-1,-1,-1
117,12,620.00,164.00,21.00,20.00,1.0,-1,-1,-1
117,13,682.00,373.00,119.00,88.00,1.0,-1,-1,-1
117,14,915.00,564.00,342.00,151.00,1.0,-1,-1,-1
118,8,635.00,212.00,26.00,27.00,1.0,-1,-1,-1
118,10,675.00,201.00,39.00,47.00,1.0,-1,-1,-1
118,11,731.00,236.00,115.00,116.00,1.0,-1,-1,-1
118,12,620.00,164.00,22.00,20.00,1.0,-1,-1,-1
118,13,681.00,364.00,114.00,86.00,1.0,-1,-1,-1
118,14,896.00,540.00,319.00,144.00,1.0,-1,-1,-1
119,8,634.00,211.00,27.00,27.00,1.0,-1,-1,-1
119,10,676.00,202.00,36.00,44.00,1.0,-1,-1,-1
119,11,730.00,235.00,112.00,114.00,1.0,-1,-1,-1
119,12,620.00,164.00,21.00,20.00,1.0,-1,-1,-1
119,13,682.00,359.00,108.00,83.00,1.0,-1,-1,-1
119,14,886.00,522.00,298.00,137.00,1.0,-1,-1,-1
120,8,635.00,210.00,26.00,27.00,1.0,-1,-1,-1
120,10,675.00,201.00,37.00,45.00,1.0,-1,-1,-1
120,11,728.00,233.00,110.00,113.00,1.0,-1,-1,-1
120,13,682.00,355.00,102.00,79.00,1.0,-1,-1,-1
120,14,880.00,508.00,276.00,130.00,1.0,-1,-1,-1
121,8,634.00,209.00,26.00,26.00,1.0,-1,-1,-1
121,10,675.00,201.00,35.00,44.00,1.0,-1,-1,-1
121,11,727.00,232.00,107.00,109.00,1.0,-1,-1,-1
121,13,679.00,350.00,100.00,78.00,1.0,-1,-1,-1
121,14,874.00,497.00,258.00,123.00,1.0,-1,-1,-1
122,8,634.00,209.00,25.00,25.00,1.0,-1,-1,-1
122,10,674.00,200.00,35.00,44.00,1.0,-1,-1,-1
122,11,725.00,230.00,103.00,106.00,1.0,-1,-1,-1
122,13,677.00,343.00,95.00,76.00,1.0,-1,-1,-1
122,14,865.00,479.00,236.00,116.00,1.0,-1,-1,-1
123,8,634.00,208.00,25.00,25.00,1.0,-1,-1,-1
123,10,674.00,200.00,34.00,43.00,1.0,-1,-1,-1
123,11,724.00,229.00,102.00,104.00,1.0,-1,-1,-1
123,13,676.00,339.00,91.00,74.00,1.0,-1,-1,-1
123,14,859.00,467.00,218.00,110.00,1.0,-1,-1,-1
124,8,634.00,207.00,25.00,25.00,1.0,-1,-1,-1
124,10,674.00,202.00,33.00,40.00,1.0,-1,-1,-1
124,11,722.00,228.00,100.00,102.00,1.0,-1,-1,-1
124,13,674.00,334.00,89.00,74.00,1.0,-1,-1,-1
124,14,856.00,457.00,204.00,105.00,1.0,-1,-1,-1
125,8,633.00,207.00,25.00,25.00,1.0,-1,-1,-1
125,10,671.00,198.00,35.00,43.00,1.0,-1,-1,-1
125,11,720.00,226.00,98.00,102.00,1.0,-1,-1,-1
125,13,674.00,332.00,85.00,70.00,1.0,-1,-1,-1
125,14,852.00,448.00,190.00,100.00,1.0,-1,-1,-1
126,8,633.00,207.00,24.00,24.00,1.0,-1,-1,-1
126,10,668.00,195.00,37.00,45.00,1.0,-1,-1,-1
126,11,718.00,224.00,96.00,99.00,1.0,-1,-1,-1
126,13,674.00,326.00,80.00,68.00,1.0,-1,-1,-1
126,14,844.00,435.00,177.00,95.00,1.0,-1,-1,-1
127,8,632.00,206.00,24.00,24.00,1.0,-1,-1,-1
127,10,667.00,195.00,37.00,44.00,1.0,-1,-1,-1
127,11,717.00,222.00,94.00,98.00,1.0,-1,-1,-1
127,13,672.00,322.00,78.00,66.00,1.0,-1,-1,-1
127,14,840.00,426.00,165.00,90.00,1.0,-1,-1,-1
128,8,632.00,206.00,24.00,24.00,1.0,-1,-1,-1
128,10,666.00,194.00,37.00,44.00,1.0,-1,-1,-1
128,11,715.00,220.00,93.00,97.00,1.0,-1,-1,-1
128,13,671.00,318.00,77.00,66.00,1.0,-1,-1,-1
128,14,834.00,418.00,159.00,89.00,1.0,-1,-1,-1
129,8,632.00,206.00,24.00,23.00,1.0,-1,-1,-1
129,10,665.00,192.00,38.00,46.00,1.0,-1,-1,-1
129,11,714.00,220.00,91.00,95.00,1.0,-1,-1,-1
129,13,671.00,315.00,74.00,65.00,1.0,-1,-1,-1
129,14,831.00,411.00,151.00,86.00,1.0,-1,-1,-1
130,8,631.00,205.00,25.00,23.00,1.0,-1,-1,-1
130,10,664.00,191.00,38.00,46.00,1.0,-1,-1,-1
130,11,712.00,219.00,88.00,92.00,1.0,-1,-1,-1
130,13,670.00,310.00,71.00,63.00,1.0,-1,-1,-1
130,14,823.00,399.00,144.00,85.00,1.0,-1,-1,-1
131,8,632.00,204.00,23.00,23.00,1.0,-1,-1,-1
131,10,664.00,191.00,37.00,45.00,1.0,-1,-1,-1
131,11,711.00,218.00,86.00,91.00,1.0,-1,-1,-1
131,13,670.00,307.00,69.00,61.00,1.0,-1,-1,-1
131,14,818.00,392.00,136.00,81.00,1.0,-1,-1,-1
132,8,631.00,204.00,24.00,23.00,1.0,-1,-1,-1
132,10,665.00,192.00,35.00,44.00,1.0,-1,-1,-1
132,11,710.00,218.00,85.00,89.00,1.0,-1,-1,-1
132,13,670.00,305.00,67.00,60.00,1.0,-1,-1,-1
132,14,815.00,386.00,130.00,79.00,1.0,-1,-1,-1
133,8,630.00,204.00,24.00,23.00,1.0,-1,-1,-1
133,10,664.00,191.00,36.00,44.00,1.0,-1,-1,-1
133,11,709.00,217.00,84.00,88.00,1.0,-1,-1,-1
133,13,669.00,303.00,67.00,59.00,1.0,-1,-1,-1
133,14,811.00,380.00,126.00,78.00,1.0,-1,-1,-1
134,8,630.00,204.00,24.00,22.00,1.0,-1,-1,-1
134,10,664.00,190.00,35.00,43.00,1.0,-1,-1,-1
134,11,707.00,215.00,82.00,86.00,1.0,-1,-1,-1
134,13,668.00,299.00,63.00,57.00,1.0,-1,-1,-1
134,14,806.00,372.00,118.00,74.00,1.0,-1,-1,-1
135,8,630.00,203.00,24.00,23.00,1.0,-1,-1,-1
135,10,664.00,190.00,35.00,42.00,1.0,-1,-1,-1
135,11,706.00,214.00,80.00,84.00,1.0,-1,-1,-1
135,13,666.00,296.00,62.00,56.00,1.0,-1,-1,-1
135,14,802.00,365.00,114.00,74.00,1.0,-1,-1,-1
136,8,629.00,203.00,25.00,23.00,1.0,-1,-1,-1
136,10,664.00,190.00,34.00,41.00,1.0,-1,-1,-1
136,11,705.00,214.00,78.00,83.00,1.0,-1,-1,-1
136,13,665.00,294.00,61.00,55.00,1.0,-1,-1,-1
136,14,799.00,361.00,109.00,71.00,1.0,-1,-1,-1
137,8,628.00,203.00,25.00,23.00,1.0,-1,-1,-1
137,10,664.00,191.00,34.00,40.00,1.0,-1,-1,-1
137,11,704.00,213.00,77.00,82.00,1.0,-1,-1,-1
137,13,664.00,290.00,61.00,56.00,1.0,-1,-1,-1
137,14,797.00,358.00,104.00,69.00,1.0,-1,-1,-1
138,8,628.00,202.00,25.00,23.00,1.0,-1,-1,-1
138,10,664.00,190.00,33.00,40.00,1.0,-1,-1,-1
138,11,703.00,211.00,76.00,81.00,1.0,-1,-1,-1
138,13,662.00,286.00,60.00,55.00,1.0,-1,-1,-1
138,14,791.00,350.00,101.00,68.00,1.0,-1,-1,-1
139,8,628.00,201.00,25.00,23.00,1.0,-1,-1,-1
139,10,661.00,190.00,33.00,39.00,1.0,-1,-1,-1
139,11,702.00,210.00,75.00,81.00,1.0,-1,-1,-1
139,13,661.00,284.00,59.00,54.00,1.0,-1,-1,-1
139,14,787.00,345.00,98.00,67.00,1.0,-1,-1,-1
140,8,629.00,201.00,23.00,23.00,1.0,-1,-1,-1
140,10,662.00,190.00,31.00,39.00,1.0,-1,-1,-1
140,11,700.00,210.00,75.00,80.00,1.0,-1,-1,-1
140,13,661.00,283.00,57.00,53.00,1.0,-1,-1,-1
140,14,785.00,342.00,94.00,65.00,1.0,-1,-1,-1
141,8,629.00,201.00,23.00,22.00,1.0,-1,-1,-1
141,10,661.00,190.00,31.00,38.00,1.0,-1,-1,-1
141,11,700.00,209.00,74.00,80.00,1.0,-1,-1,-1
141,13,661.00,282.00,55.00,51.00,1.0,-1,-1,-1
141,14,783.00,339.00,89.00,62.00,1.0,-1,-1,-1
142,8,628.00,201.00,24.00,22.00,1.0,-1,-1,-1
142,10,661.00,190.00,30.00,37.00,1.0,-1,-1,-1
142,11,699.00,208.00,72.00,77.00,1.0,-1,-1,-1
142,13,660.00,279.00,53.00,50.00,1.0,-1,-1,-1
142,14,778.00,333.00,87.00,61.00,1.0,-1,-1,-1
143,8,628.00,200.00,24.00,22.00,1.0,-1,-1,-1
143,11,698.00,207.00,70.00,75.00,1.0,-1,-1,-1
143,13,658.00,275.00,55.00,51.00,1.0,-1,-1,-1
143,14,774.00,329.00,84.00,60.00,1.0,-1,-1,-1
143,15,1048.00,580.00,250.00,139.00,1.0,-1,-1,-1
144,8,628.00,199.00,24.00,23.00,1.0,-1,-1,-1
144,11,697.00,206.00,69.00,74.00,1.0,-1,-1,-1
144,13,658.00,272.00,54.00,51.00,1.0,-1,-1,-1
144,14,772.00,326.00,81.00,59.00,1.0,-1,-1,-1
144,15,1028.00,565.00,274.00,154.00,1.0,-1,-1,-1
145,8,628.00,199.00,24.00,23.00,1.0,-1,-1,-1
145,10,661.00,190.00,30.00,36.00,1.0,-1,-1,-1
145,11,696.00,205.00,69.00,74.00,1.0,-1,-1,-1
145,13,658.00,271.00,53.00,50.00,1.0,-1,-1,-1
145,14,770.00,323.00,80.00,58.00,1.0,-1,-1,-1
145,15,1009.00,551.00,296.00,167.00,1.0,-1,-1,-1
146,8,628.00,200.00,24.00,22.00,1.0,-1,-1,-1
146,10,661.00,191.00,29.00,35.00,1.0,-1,-1,-1
146,11,696.00,204.00,67.00,73.00,1.0,-1,-1,-1
146,13,657.00,269.00,52.00,49.00,1.0,-1,-1,-1
146,14,766.00,318.00,77.00,56.00,1.0,-1,-1,-1
146,15,982.00,528.00,298.00,171.00,1.0,-1,-1,-1
147,8,628.00,200.00,24.00,22.00,1.0,-1,-1,-1
147,10,662.00,191.00,28.00,35.00,1.0,-1,-1,-1
147,11,694.00,204.00,67.00,72.00,1.0,-1,-1,-1
147,13,657.00,268.00,51.00,49.00,1.0,-1,-1,-1
147,14,764.00,314.00,75.00,56.00,1.0,-1,-1,-1
147,15,966.00,513.00,289.00,168.00,1.0,-1,-1,-1
148,8,628.00,200.00,24.00,22.00,1.0,-1,-1,-1
148,10,661.00,191.00,29.00,35.00,1.0,-1,-1,-1
148,11,694.00,204.00,65.00,71.00,1.0,-1,-1,-1
148,13,657.00,268.00,49.00,46.00,1.0,-1,-1,-1
148,14,762.00,313.00,73.00,54.00,1.0,-1,-1,-1
148,15,955.00,501.00,274.00,161.00,1.0,-1,-1,-1
148,16,761.00,590.00,256.00,129.00,1.0,-1,-1,-1
149,8,628.00,200.00,24.00,22.00,1.0,-1,-1,-1
149,10,662.00,191.00,29.00,35.00,1.0,-1,-1,-1
149,11,693.00,204.00,65.00,71.00,1.0,-1,-1,-1
149,13,657.00,267.00,49.00,46.00,1.0,-1,-1,-1
149,14,760.00,311.00,72.00,54.00,1.0,-1,-1,-1
149,15,945.00,490.00,260.00,154.00,1.0,-1,-1,-1
149,16,737.00,575.00,281.00,144.00,1.0,-1,-1,-1
150,8,628.00,200.00,24.00,22.00,1.0,-1,-1,-1
150,10,662.00,191.00,28.00,35.00,1.0,-1,-1,-1
150,11,693.00,205.00,63.00,68.00,1.0,-1,-1,-1
150,13,656.00,265.00,48.00,45.00,1.0,-1,-1,-1
150,14,757.00,308.00,69.00,52.00,1.0,-1,-1,-1
150,15,933.00,475.00,237.00,143.00,1.0,-1,-1,-1
150,16,721.00,551.00,279.00,145.00,1.0,-1,-1,-1
151,8,629.00,199.00,23.00,23.00,1.0,-1,-1,-1
151,10,662.00,191.00,28.00,35.00,1.0,-1,-1,-1
151,11,693.00,205.00,61.00,68.00,1.0,-1,-1,-1
151,13,656.00,264.00,46.00,44.00,1.0,-1,-1,-1
151,14,755.00,304.00,68.00,52.00,1.0,-1,-1,-1
151,15,923.00,464.00,222.00,135.00,1.0,-1,-1,-1
151,16,717.00,534.00,261.00,138.00,1.0,-1,-1,-1
152,8,629.00,199.00,23.00,22.00,1.0,-1,-1,-1
152,10,661.00,191.00,28.00,34.00,1.0,-1,-1,-1
152,11,692.00,205.00,61.00,67.00,1.0,-1,-1,-1
152,13,655.00,263.00,47.00,44.00,1.0,-1,-1,-1
152,14,753.00,302.00,67.00,51.00,1.0,-1,-1,-1
152,15,914.00,453.00,212.00,131.00,1.0,-1,-1,-1
152,16,716.00,518.00,247.00,134.00,1.0,-1,-1,-1
153,8,629.00,200.00,23.00,22.00,1.0,-1,-1,-1
153,10,661.00,191.00,27.00,34.00,1.0,-1,-1,-1
153,11,691.00,204.00,62.00,68.00,1.0,-1,-1,-1
153,13,655.00,262.00,46.00,44.00,1.0,-1,-1,-1
153,14,751.00,300.00,67.00,51.00,1.0,-1,-1,-1
153,15,907.00,446.00,199.00,125.00,1.0,-1,-1,-1
153,16,716.00,507.00,228.00,127.00,1.0,-1,-1,-1
154,8,629.00,200.00,22.00,22.00,1.0,-1,-1,-1
154,10,661.00,192.00,27.00,33.00,1.0,-1,-1,-1
154,11,690.00,203.00,61.00,68.00,1.0,-1,-1,-1
154,13,654.00,260.00,46.00,43.00,1.0,-1,-1,-1
154,14,750.00,298.00,62.00,49.00,1.0,-1,-1,-1
154,15,897.00,434.00,184.00,118.00,1.0,-1,-1,-1
154,16,713.00,488.00,209.00,119.00,1.0,-1,-1,-1
155,8,629.00,200.00,22.00,21.00,1.0,-1,-1,-1
155,10,661.00,192.00,26.00,32.00,1.0,-1,-1,-1
155,11,690.00,203.00,59.00,66.00,1.0,-1,-1,-1
155,13,654.00,259.00,44.00,42.00,1.0,-1,-1,-1
155,14,748.00,297.00,61.00,47.00,1.0,-1,-1,-1
155,15,889.00,426.00,175.00,113.00,1.0,-1,-1,-1
155,16,713.00,476.00,191.00,110.00,1.0,-1,-1,-1
156,8,629.00,200.00,22.00,21.00,1.0,-1,-1,-1
156,11,689.00,203.00,59.00,65.00,1.0,-1,-1,-1
156,13,653.00,257.00,45.00,43.00,1.0,-1,-1,-1
156,14,747.00,295.00,59.00,47.00,1.0,-1,-1,-1
156,15,883.00,419.00,167.00,110.00,1.0,-1,-1,-1
156,16,710.00,466.00,180.00,107.00,1.0,-1,-1,-1
157,8,628.00,199.00,23.00,22.00,1.0,-1,-1,-1
157,11,689.00,202.00,58.00,65.00,1.0,-1,-1,-1
157,13,652.00,255.00,45.00,43.00,1.0,-1,-1,-1
157,14,745.00,292.00,60.00,48.00,1.0,-1,-1,-1
157,15,878.00,413.00,159.00,106.00,1.0,-1,-1,-1
157,16,711.00,457.00,168.00,103.00,1.0,-1,-1,-1
158,8,628.00,199.00,23.00,22.00,1.0,-1,-1,-1
158,11,689.00,202.00,56.00,64.00,1.0,-1,-1,-1
158,13,652.00,254.00,43.00,42.00,1.0,-1,-1,-1
158,14,742.00,288.00,59.00,48.00,1.0,-1,-1,-1
158,15,869.00,404.00,148.00,100.00,1.0,-1,-1,-1
158,16,708.00,443.00,155.00,97.00,1.0,-1,-1,-1
159,11,689.00,202.00,55.00,62.00,1.0,-1,-1,-1
159,13,652.00,254.00,42.00,40.00,1.0,-1,-1,-1
159,14,740.00,286.00,59.00,47.00,1.0,-1,-1,-1
159,15,862.00,397.00,143.00,98.00,1.0,-1,-1,-1
159,16,706.00,433.00,147.00,94.00,1.0,-1,-1,-1
160,11,688.00,202.00,55.00,61.00,1.0,-1,-1,-1
160,13,652.00,253.00,41.00,40.00,1.0,-1,-1,-1
160,14,739.00,285.00,57.00,46.00,1.0,-1,-1,-1
160,15,857.00,392.00,137.00,94.00,1.0,-1,-1,-1
160,16,705.00,425.00,139.00,90.00,1.0,-1,-1,-1
161,11,688.00,201.00,54.00,61.00,1.0,-1,-1,-1
161,13,652.00,252.00,41.00,40.00,1.0,-1,-1,-1
161,14,737.00,283.00,57.00,46.00,1.0,-1,-1,-1
161,15,853.00,387.00,131.00,92.00,1.0,-1,-1,-1
161,16,705.00,417.00,130.00,88.00,1.0,-1,-1,-1
162,11,688.00,201.00,53.00,60.00,1.0,-1,-1,-1
162,13,652.00,251.00,40.00,39.00,1.0,-1,-1,-1
162,14,736.00,281.00,54.00,44.00,1.0,-1,-1,-1
162,15,846.00,379.00,125.00,88.00,1.0,-1,-1,-1
162,16,702.00,406.00,123.00,84.00,1.0,-1,-1,-1
163,11,688.00,201.00,52.00,59.00,1.0,-1,-1,-1
163,13,651.00,250.00,40.00,39.00,1.0,-1,-1,-1
163,14,735.00,280.00,53.00,43.00,1.0,-1,-1,-1
163,15,840.00,373.00,120.00,86.00,1.0,-1,-1,-1
163,16,700.00,398.00,118.00,82.00,1.0,-1,-1,-1
164,11,686.00,201.00,53.00,59.00,1.0,-1,-1,-1
164,13,651.00,249.00,40.00,39.00,1.0,-1,-1,-1
164,14,734.00,278.00,53.00,44.00,1.0,-1,-1,-1
164,15,836.00,368.00,117.00,84.00,1.0,-1,-1,-1
164,16,699.00,393.00,110.00,78.00,1.0,-1,-1,-1
165,10,660.00,192.00,26.00,31.00,1.0,-1,-1,-1
165,11,685.00,200.00,52.00,59.00,1.0,-1,-1,-1
165,13,650.00,248.00,41.00,39.00,1.0,-1,-1,-1
165,14,731.00,276.00,54.00,44.00,1.0,-1,-1,-1
165,15,832.00,364.00,114.00,82.00,1.0,-1,-1,-1
165,16,697.00,385.00,109.00,79.00,1.0,-1,-1,-1
166,10,660.00,192.00,26.00,31.00,1.0,-1,-1,-1
166,11,685.00,200.00,51.00,58.00,1.0,-1,-1,-1
166,13,650.00,246.00,40.00,39.00,1.0,-1,-1,-1
166,14,729.00,273.00,52.00,43.00,1.0,-1,-1,-1
166,15,826.00,358.00,108.00,79.00,1.0,-1,-1,-1
166,16,695.00,376.00,103.00,76.00,1.0,-1,-1,-1
167,11,685.00,200.00,50.00,57.00,1.0,-1,-1,-1
167,13,649.00,244.00,40.00,39.00,1.0,-1,-1,-1
167,14,729.00,272.00,50.00,41.00,1.0,-1,-1,-1
167,15,821.00,353.00,107.00,79.00,1.0,-1,-1,-1
167,16,695.00,372.00,98.00,72.00,1.0,-1,-1,-1
168,11,684.00,200.00,50.00,57.00,1.0,-1,-1,-1
168,13,649.00,243.00,39.00,38.00,1.0,-1,-1,-1
168,14,728.00,271.00,48.00,40.00,1.0,-1,-1,-1
168,15,817.00,348.00,104.00,78.00,1.0,-1,-1,-1
168,16,694.00,368.00,94.00,70.00,1.0,-1,-1,-1
169,11,684.00,200.00,49.00,56.00,1.0,-1,-1,-1
169,13,649.00,242.00,39.00,38.00,1.0,-1,-1,-1
169,14,727.00,270.00,48.00,40.00,1.0,-1,-1,-1
169,15,815.00,344.00,100.00,76.00,1.0,-1,-1,-1
169,16,692.00,364.00,92.00,68.00,1.0,-1,-1,-1
170,11,684.00,200.00,49.00,56.00,1.0,-1,-1,-1
170,13,649.00,241.00,37.00,37.00,1.0,-1,-1,-1
170,14,726.00,268.00,47.00,40.00,1.0,-1,-1,-1
170,15,809.00,340.00,97.00,74.00,1.0,-1,-1,-1
170,16,690.00,357.00,86.00,65.00,1.0,-1,-1,-1
171,11,683.00,199.00,49.00,56.00,1.0,-1,-1,-1
171,13,648.00,240.00,38.00,37.00,1.0,-1,-1,-1
171,14,724.00,267.00,47.00,40.00,1.0,-1,-1,-1
171,15,805.00,336.00,94.00,72.00,1.0,-1,-1,-1
171,16,688.00,352.00,84.00,64.00,1.0,-1,-1,-1
172,11,682.00,199.00,49.00,55.00,1.0,-1,-1,-1
172,13,648.00,240.00,37.00,36.00,1.0,-1,-1,-1
172,14,723.00,266.00,47.00,40.00,1.0,-1,-1,-1
172,15,803.00,333.00,91.00,70.00,1.0,-1,-1,-1
172,16,686.00,347.00,82.00,64.00,1.0,-1,-1,-1
173,11,682.00,198.00,48.00,56.00,1.0,-1,-1,-1
173,13,648.00,239.00,37.00,36.00,1.0,-1,-1,-1
173,14,722.00,265.00,47.00,39.00,1.0,-1,-1,-1
173,15,800.00,330.00,89.00,70.00,1.0,-1,-1,-1
173,16,684.00,342.00,80.00,63.00,1.0,-1,-1,-1
174,11,682.00,198.00,47.00,55.00,1.0,-1,-1,-1
174,13,648.00,238.00,36.00,36.00,1.0,-1,-1,-1
174,14,721.00,264.00,45.00,38.00,1.0,-1,-1,-1
174,15,796.00,326.00,85.00,67.00,1.0,-1,-1,-1
174,16,683.00,336.00,77.00,62.00,1.0,-1,-1,-1
175,11,681.00,198.00,47.00,55.00,1.0,-1,-1,-1
175,13,647.00,238.00,37.00,36.00,1.0,-1,-1,-1
175,14,720.00,262.00,44.00,38.00,1.0,-1,-1,-1
175,15,793.00,324.00,83.00,65.00,1.0,-1,-1,-1
175,16,681.00,332.00,76.00,62.00,1.0,-1,-1,-1
176,11,681.00,198.00,46.00,54.00,1.0,-1,-1,-1
176,13,647.00,238.00,35.00,35.00,1.0,-1,-1,-1
176,14,719.00,261.00,45.00,37.00,1.0,-1,-1,-1
176,15,791.00,321.00,80.00,64.00,1.0,-1,-1,-1
176,16,680.00,329.00,73.00,59.00,1.0,-1,-1,-1
177,11,682.00,198.00,44.00,53.00,1.0,-1,-1,-1
177,13,647.00,237.00,35.00,35.00,1.0,-1,-1,-1
177,14,719.00,260.00,44.00,37.00,1.0,-1,-1,-1
177,15,788.00,318.00,80.00,64.00,1.0,-1,-1,-1
177,16,680.00,327.00,70.00,58.00,1.0,-1,-1,-1
178,11,681.00,198.00,44.00,52.00,1.0,-1,-1,-1
178,13,647.00,237.00,34.00,34.00,1.0,-1,-1,-1
178,14,716.00,258.00,44.00,37.00,1.0,-1,-1,-1
178,15,783.00,314.00,78.00,63.00,1.0,-1,-1,-1
178,16,678.00,322.00,68.00,56.00,1.0,-1,-1,-1
179,11,681.00,198.00,43.00,51.00,1.0,-1,-1,-1
179,13,646.00,237.00,34.00,33.00,1.0,-1,-1,-1
179,14,715.00,256.00,44.00,37.00,1.0,-1,-1,-1
179,15,781.00,312.00,75.00,60.00,1.0,-1,-1,-1
179,16,678.00,319.00,66.00,55.00,1.0,-1,-1,-1
180,11,681.00,198.00,42.00,50.00,1.0,-1,-1,-1
180,13,646.00,236.00,34.00,34.00,1.0,-1,-1,-1
180,14,715.00,256.00,43.00,36.00,1.0,-1,-1,-1
180,15,780.00,310.00,72.00,59.00,1.0,-1,-1,-1
180,16,678.00,316.00,64.00,53.00,1.0,-1,-1,-1
181,11,681.00,198.00,42.00,49.00,1.0,-1,-1,-1
181,13,646.00,236.00,34.00,33.00,1.0,-1,-1,-1
181,14,714.00,255.00,43.00,37.00,1.0,-1,-1,-1
181,15,778.00,309.00,71.00,58.00,1.0,-1,-1,-1
181,16,677.00,315.00,62.00,52.00,1.0,-1,-1,-1
182,11,681.00,198.00,41.00,49.00,1.0,-1,-1,-1
182,13,646.00,236.00,34.00,32.00,1.0,-1,-1,-1
182,14,714.00,255.00,41.00,35.00,1.0,-1,-1,-1
182,15,774.00,306.00,70.00,58.00,1.0,-1,-1,-1
182,16,676.00,313.00,59.00,49.00,1.0,-1,-1,-1
183,11,680.00,198.00,42.00,49.00,1.0,-1,-1,-1
183,13,646.00,236.00,33.00,31.00,1.0,-1,-1,-1
183,14,713.00,254.00,42.00,36.00,1.0,-1,-1,-1
183,15,772.00,304.00,69.00,57.00,1.0,-1,-1,-1
183,16,674.00,309.00,60.00,50.00,1.0,-1,-1,-1
183,17,999.00,585.00,307.00,134.00,1.0,-1,-1,-1
184,11,680.00,198.00,41.00,49.00,1.0,-1,-1,-1
184,13,647.00,236.00,32.00,31.00,1.0,-1,-1,-1
184,14,713.00,254.00,41.00,35.00,1.0,-1,-1,-1
184,15,771.00,302.00,67.00,56.00,1.0,-1,-1,-1
184,16,673.00,307.00,59.00,49.00,1.0,-1,-1,-1
184,17,971.00,572.00,330.00,146.00,1.0,-1,-1,-1
185,11,680.00,198.00,41.00,49.00,1.0,-1,-1,-1
185,13,647.00,236.00,32.00,30.00,1.0,-1,-1,-1
185,14,713.00,254.00,40.00,34.00,1.0,-1,-1,-1
185,15,769.00,301.00,66.00,55.00,1.0,-1,-1,-1
185,16,672.00,303.00,59.00,51.00,1.0,-1,-1,-1
185,17,946.00,559.00,344.00,155.00,1.0,-1,-1,-1
185,18,762.00,591.00,263.00,128.00,1.0,-1,-1,-1
186,11,680.00,198.00,41.00,49.00,1.0,-1,-1,-1
186,13,647.00,235.00,32.00,30.00,1.0,-1,-1,-1
186,14,712.00,253.00,40.00,34.00,1.0,-1,-1,-1
186,15,766.00,298.00,65.00,55.00,1.0,-1,-1,-1
186,16,671.00,301.00,57.00,48.00,1.0,-1,-1,-1
186,17,924.00,538.00,331.00,152.00,1.0,-1,-1,-1
186,18,725.00,568.00,302.00,149.00,1.0,-1,-1,-1
187,11,680.00,199.00,41.00,48.00,1.0,-1,-1,-1
187,13,647.00,235.00,32.00,30.00,1.0,-1,-1,-1
187,14,712.00,252.00,39.00,34.00,1.0,-1,-1,-1
187,15,765.00,298.00,62.00,52.00,1.0,-1,-1,-1
187,16,672.00,300.00,54.00,46.00,1.0,-1,-1,-1
187,17,912.00,522.00,316.00,148.00,1.0,-1,-1,-1
187,18,704.00,550.00,318.00,161.00,1.0,-1,-1,-1
188,11,680.00,199.00,40.00,48.00,1.0,-1,-1,-1
188,13,647.00,235.00,31.00,29.00,1.0,-1,-1,-1
188,14,711.00,252.00,39.00,34.00,1.0,-1,-1,-1
188,15,763.00,296.00,61.00,52.00,1.0,-1,-1,-1
188,16,672.00,298.00,53.00,46.00,1.0,-1,-1,-1
188,17,905.00,510.00,299.00,144.00,1.0,-1,-1,-1
188,18,697.00,536.00,310.00,160.00,1.0,-1,-1,-1
189,11,680.00,199.00,40.00,47.00,1.0,-1,-1,-1
189,13,647.00,235.00,31.00,29.00,1.0,-1,-1,-1
189,14,711.00,252.00,39.00,33.00,1.0,-1,-1,-1
189,15,762.00,295.00,60.00,51.00,1.0,-1,-1,-1
189,16,672.00,298.00,52.00,44.00,1.0,-1,-1,-1
189,17,902.00,500.00,277.00,137.00,1.0,-1,-1,-1
189,18,696.00,520.00,296.00,157.00,1.0,-1,-1,-1
190,11,680.00,199.00,39.00,47.00,1.0,-1,-1,-1
190,13,647.00,235.00,30.00,28.00,1.0,-1,-1,-1
190,14,711.00,251.00,37.00,32.00,1.0,-1,-1,-1
190,15,760.00,293.00,59.00,49.00,1.0,-1,-1,-1
190,16,670.00,291.00,54.00,47.00,1.0,-1,-1,-1
190,17,890.00,485.00,259.00,130.00,1.0,-1,-1,-1
190,18,698.00,503.00,267.00,146.00,1.0,-1,-1,-1
191,11,680.00,199.00,39.00,46.00,1.0,-1,-1,-1
191,13,647.00,234.00,30.00,28.00,1.0,-1,-1,-1
191,14,711.00,251.00,37.00,31.00,1.0,-1,-1,-1
191,15,758.00,290.00,59.00,51.00,1.0,-1,-1,-1
191,16,668.00,288.00,55.00,48.00,1.0,-1,-1,-1
191,17,886.00,475.00,239.00,124.00,1.0,-1,-1,-1
191,18,699.00,488.00,247.00,140.00,1.0,-1,-1,-1
192,11,680.00,199.00,39.00,46.00,1.0,-1,-1,-1
192,13,647.00,234.00,30.00,28.00,1.0,-1,-1,-1
192,14,710.00,250.00,36.00,31.00,1.0,-1,-1,-1
192,15,756.00,288.00,59.00,50.00,1.0,-1,-1,-1
192,16,667.00,286.00,55.00,49.00,1.0,-1,-1,-1
192,17,882.00,466.00,225.00,119.00,1.0,-1,-1,-1
192,18,701.00,479.00,228.00,132.00,1.0,-1,-1,-1
193,11,680.00,199.00,39.00,46.00,1.0,-1,-1,-1
193,13,647.00,234.00,31.00,28.00,1.0,-1,-1,-1
193,14,709.00,250.00,36.00,30.00,1.0,-1,-1,-1
193,15,755.00,287.00,58.00,50.00,1.0,-1,-1,-1
193,16,667.00,285.00,55.00,48.00,1.0,-1,-1,-1
193,17,877.00,458.00,214.00,116.00,1.0,-1,-1,-1
193,18,705.00,470.00,210.00,126.00,1.0,-1,-1,-1
194,11,680.00,200.00,38.00,45.00,1.0,-1,-1,-1
194,13,647.00,233.00,30.00,29.00,1.0,-1,-1,-1
194,14,709.00,250.00,35.00,29.00,1.0,-1,-1,-1
194,15,753.00,286.00,56.00,48.00,1.0,-1,-1,-1
194,16,667.00,284.00,52.00,45.00,1.0,-1,-1,-1
194,17,869.00,446.00,199.00,112.00,1.0,-1,-1,-1
194,18,705.00,456.00,192.00,119.00,1.0,-1,-1,-1
195,11,680.00,200.00,38.00,45.00,1.0,-1,-1,-1
195,13,646.00,232.00,31.00,29.00,1.0,-1,-1,-1
195,14,708.00,249.00,35.00,30.00,1.0,-1,-1,-1
195,15,752.00,285.00,54.00,47.00,1.0,-1,-1,-1
195,16,667.00,284.00,50.00,43.00,1.0,-1,-1,-1
195,17,865.00,439.00,185.00,106.00,1.0,-1,-1,-1
195,18,706.00,447.00,178.00,112.00,1.0,-1,-1,-1
196,11,680.00,201.00,38.00,44.00,1.0,-1,-1,-1
196,13,646.00,231.00,31.00,30.00,1.0,-1,-1,-1
196,14,707.00,249.00,36.00,30.00,1.0,-1,-1,-1
196,15,751.00,283.00,54.00,47.00,1.0,-1,-1,-1
196,16,667.00,283.00,48.00,43.00,1.0,-1,-1,-1
196,17,862.00,433.00,175.00,102.00,1.0,-1,-1,-1
196,18,707.00,439.00,165.00,108.00,1.0,-1,-1,-1
197,11,680.00,201.00,37.00,44.00,1.0,-1,-1,-1
197,13,646.00,231.00,31.00,29.00,1.0,-1,-1,-1
197,14,707.00,248.00,35.00,30.00,1.0,-1,-1,-1
197,15,750.00,283.00,52.00,46.00,1.0,-1,-1,-1
197,16,667.00,283.00,47.00,41.00,1.0,-1,-1,-1
197,17,858.00,427.00,167.00,100.00,1.0,-1,-1,-1
197,18,708.00,431.00,157.00,105.00,1.0,-1,-1,-1
198,11,680.00,201.00,37.00,44.00,1.0,-1,-1,-1
198,13,647.00,231.00,30.00,29.00,1.0,-1,-1,-1
198,14,706.00,248.00,35.00,30.00,1.0,-1,-1,-1
198,15,748.00,281.00,51.00,45.00,1.0,-1,-1,-1
198,16,667.00,282.00,45.00,40.00,1.0,-1,-1,-1
198,17,851.00,417.00,158.00,96.00,1.0,-1,-1,-1
198,18,707.00,420.00,144.00,99.00,1.0,-1,-1,-1
199,11,680.00,201.00,37.00,44.00,1.0,-1,-1,-1
199,13,647.00,231.00,30.00,28.00,1.0,-1,-1,-1
199,14,706.00,247.00,34.00,30.00,1.0,-1,-1,-1
199,15,746.00,280.00,51.00,44.00,1.0,-1,-1,-1
199,16,666.00,281.00,44.00,39.00,1.0,-1,-1,-1
199,17,848.00,410.00,148.00,92.00,1.0,-1,-1,-1
199,18,706.00,413.00,137.00,96.00,1.0,-1,-1,-1
200,11,680.00,202.00,37.00,43.00,1.0,-1,-1,-1
200,13,647.00,231.00,30.00,28.00,1.0,-1,-1,-1
200,14,706.00,247.00,34.00,29.00,1.0,-1,-1,-1
200,15,745.00,279.00,51.00,44.00,1.0,-1,-1,-1
200,16,665.00,278.00,45.00,40.00,1.0,-1,-1,-1
200,17,846.00,405.00,139.00,89.00,1.0,-1,-1,-1
200,18,707.00,408.00,128.00,92.00,1.0,-1,-1,-1
201,11,680.00,202.00,36.00,42.00,1.0,-1,-1,-1
201,13,648.00,231.00,28.00,28.00,1.0,-1,-1,-1
201,14,705.00,246.00,34.00,29.00,1.0,-1,-1,-1
201,15,744.00,278.00,50.00,44.00,1.0,-1,-1,-1
201,16,664.00,276.00,45.00,40.00,1.0,-1,-1,-1
201,17,842.00,400.00,134.00,87.00,1.0,-1,-1,-1
201,18,705.00,400.00,125.00,92.00,1.0,-1,-1,-1
202,11,680.00,202.00,35.00,41.00,1.0,-1,-1,-1
202,13,647.00,231.00,29.00,27.00,1.0,-1,-1,-1
202,14,704.00,245.00,34.00,29.00,1.0,-1,-1,-1
202,15,742.00,276.00,50.00,44.00,1.0,-1,-1,-1
202,16,663.00,273.00,45.00,40.00,1.0,-1,-1,-1
202,17,836.00,393.00,127.00,84.00,1.0,-1,-1,-1
202,18,705.00,393.00,116.00,87.00,1.0,-1,-1,-1
203,11,680.00,202.00,35.00,41.00,1.0,-1,-1,-1
203,13,647.00,230.00,29.00,27.00,1.0,-1,-1,-1
203,14,704.00,244.00,33.00,29.00,1.0,-1,-1,-1
203,15,741.00,274.00,49.00,43.00,1.0,-1,-1,-1
203,16,664.00,272.00,43.00,39.00,1.0,-1,-1,-1
203,17,832.00,387.00,122.00,82.00,1.0,-1,-1,-1
203,18,704.00,386.00,110.00,84.00,1.0,-1,-1,-1
204,11,679.00,202.00,35.00,40.00,1.0,-1,-1,-1
204,13,647.00,230.00,29.00,27.00,1.0,-1,-1,-1
204,14,704.00,244.00,32.00,28.00,1.0,-1,-1,-1
204,15,741.00,273.00,48.00,42.00,1.0,-1,-1,-1
204,16,663.00,272.00,43.00,38.00,1.0,-1,-1,-1
204,17,828.00,382.00,119.00,81.00,1.0,-1,-1,-1
204,18,703.00,382.00,106.00,81.00,1.0,-1,-1,-1
205,11,679.00,202.00,35.00,40.00,1.0,-1,-1,-1
205,13,647.00,229.00,29.00,27.00,1.0,-1,-1,-1
205,14,703.00,244.00,32.00,27.00,1.0,-1,-1,-1
205,15,740.00,272.00,47.00,42.00,1.0,-1,-1,-1
205,16,663.00,271.00,42.00,37.00,1.0,-1,-1,-1
205,17,825.00,377.00,115.00,80.00,1.0,-1,-1,-1
205,18,703.00,378.00,101.00,79.00,1.0,-1,-1,-1
206,11,679.00,202.00,34.00,40.00,1.0,-1,-1,-1
206,13,647.00,228.00,29.00,28.00,1.0,-1,-1,-1
206,14,702.00,242.00,33.00,29.00,1.0,-1,-1,-1
206,15,738.00,271.00,46.00,40.00,1.0,-1,-1,-1
206,16,662.00,269.00,42.00,37.00,1.0,-1,-1,-1
206,17,819.00,371.00,111.00,78.00,1.0,-1,-1,-1
206,18,701.00,370.00,98.00,78.00,1.0,-1,-1,-1
207,13,647.00,228.00,29.00,27.00,1.0,-1,-1,-1
207,14,702.00,241.00,32.00,29.00,1.0,-1,-1,-1
207,15,737.00,270.00,44.00,39.00,1.0,-1,-1,-1
207,16,661.00,267.00,41.00,38.00,1.0,-1,-1,-1
207,17,815.00,366.00,108.00,77.00,1.0,-1,-1,-1
207,18,701.00,365.00,93.00,75.00,1.0,-1,-1,-1
208,13,647.00,228.00,29.00,26.00,1.0,-1,-1,-1
208,14,701.00,241.00,33.00,28.00,1.0,-1,-1,-1
208,15,736.00,269.00,44.00,39.00,1.0,-1,-1,-1
208,16,661.00,267.00,40.00,36.00,1.0,-1,-1,-1
208,17,813.00,361.00,104.00,76.00,1.0,-1,-1,-1
208,18,701.00,362.00,88.00,72.00,1.0,-1,-1,-1
209,13,647.00,227.00,28.00,27.00,1.0,-1,-1,-1
209,14,701.00,240.00,32.00,28.00,1.0,-1,-1,-1
209,15,735.00,268.00,44.00,39.00,1.0,-1,-1,-1
209,16,661.00,267.00,39.00,35.00,1.0,-1,-1,-1
209,17,810.00,359.00,101.00,74.00,1.0,-1,-1,-1
209,18,698.00,358.00,87.00,71.00,1.0,-1,-1,-1
210,13,646.00,227.00,28.00,26.00,1.0,-1,-1,-1
210,14,700.00,239.00,32.00,28.00,1.0,-1,-1,-1
210,15,733.00,266.00,43.00,39.00,1.0,-1,-1,-1
210,16,661.00,266.00,37.00,33.00,1.0,-1,-1,-1
210,17,806.00,353.00,96.00,72.00,1.0,-1,-1,-1
210,18,697.00,351.00,83.00,70.00,1.0,-1,-1,-1
211,13,645.00,226.00,28.00,27.00,1.0,-1,-1,-1
211,14,699.00,238.00,31.00,27.00,1.0,-1,-1,-1
211,15,731.00,265.00,44.00,39.00,1.0,-1,-1,-1
211,16,660.00,264.00,37.00,33.00,1.0,-1,-1,-1
211,17,803.00,350.00,92.00,69.00,1.0,-1,-1,-1
211,18,695.00,347.00,81.00,69.00,1.0,-1,-1,-1
212,13,645.00,226.00,28.00,26.00,1.0,-1,-1,-1
212,14,699.00,238.00,30.00,26.00,1.0,-1,-1,-1
212,15,730.00,263.00,44.00,40.00,1.0,-1,-1,-1
212,16,658.00,262.00,37.00,33.00,1.0,-1,-1,-1
212,17,799.00,346.00,91.00,70.00,1.0,-1,-1,-1
212,18,694.00,343.00,79.00,68.00,1.0,-1,-1,-1
213,13,644.00,225.00,28.00,26.00,1.0,-1,-1,-1
213,14,699.00,238.00,30.00,25.00,1.0,-1,-1,-1
213,15,729.00,262.00,43.00,39.00,1.0,-1,-1,-1
213,16,658.00,261.00,36.00,33.00,1.0,-1,-1,-1
213,17,797.00,344.00,88.00,68.00,1.0,-1,-1,-1
213,18,693.00,340.00,77.00,66.00,1.0,-1,-1,-1
213,19,794.00,573.00,201.00,140.00,1.0,-1,-1,-1
214,13,644.00,225.00,28.00,25.00,1.0,-1,-1,-1
214,14,698.00,237.00,29.00,25.00,1.0,-1,-1,-1
214,15,728.00,261.00,42.00,38.00,1.0,-1,-1,-1
214,16,657.00,260.00,36.00,32.00,1.0,-1,-1,-1
214,17,794.00,339.00,84.00,66.00,1.0,-1,-1,-1
214,18,692.00,334.00,73.00,65.00,1.0,-1,-1,-1
214,19,784.00,548.00,188.00,133.00,1.0,-1,-1,-1
215,13,644.00,224.00,27.00,25.00,1.0,-1,-1,-1
215,14,697.00,237.00,29.00,24.00,1.0,-1,-1,-1
215,15,726.00,259.00,41.00,37.00,1.0,-1,-1,-1
215,16,656.00,258.00,36.00,32.00,1.0,-1,-1,-1
215,17,788.00,333.00,83.00,65.00,1.0,-1,-1,-1
215,18,690.00,330.00,69.00,61.00,1.0,-1,-1,-1
215,19,771.00,519.00,176.00,125.00,1.0,-1,-1,-1
216,13,643.00,223.00,28.00,25.00,1.0,-1,-1,-1
216,14,696.00,236.00,30.00,24.00,1.0,-1,-1,-1
216,15,725.00,258.00,41.00,36.00,1.0,-1,-1,-1
216,16,655.00,256.00,36.00,32.00,1.0,-1,-1,-1
216,17,785.00,330.00,80.00,63.00,1.0,-1,-1,-1
216,18,689.00,327.00,67.00,59.00,1.0,-1,-1,-1
216,19,766.00,505.00,163.00,116.00,1.0,-1,-1,-1
217,13,644.00,222.00,26.00,25.00,1.0,-1,-1,-1
217,14,696.00,235.00,28.00,24.00,1.0,-1,-1,-1
217,15,724.00,256.00,40.00,37.00,1.0,-1,-1,-1
217,16,655.00,255.00,35.00,32.00,1.0,-1,-1,-1
217,17,782.00,326.00,76.00,61.00,1.0,-1,-1,-1
217,18,688.00,322.00,65.00,58.00,1.0,-1,-1,-1
217,19,757.00,486.00,152.00,109.00,1.0,-1,-1,-1
218,13,644.00,222.00,26.00,24.00,1.0,-1,-1,-1
218,14,694.00,235.00,30.00,24.00,1.0,-1,-1,-1
218,15,722.00,255.00,40.00,36.00,1.0,-1,-1,-1
218,16,655.00,254.00,35.00,32.00,1.0,-1,-1,-1
218,17,780.00,324.00,73.00,59.00,1.0,-1,-1,-1
218,18,687.00,318.00,64.00,57.00,1.0,-1,-1,-1
218,19,754.00,474.00,142.00,103.00,1.0,-1,-1,-1
219,13,644.00,222.00,26.00,23.00,1.0,-1,-1,-1
219,14,694.00,234.00,29.00,24.00,1.0,-1,-1,-1
219,15,721.00,254.00,40.00,36.00,1.0,-1,-1,-1
219,16,655.00,253.00,34.00,31.00,1.0,-1,-1,-1
219,17,777.00,320.00,74.00,60.00,1.0,-1,-1,-1
219,18,686.00,315.00,64.00,57.00,1.0,-1,-1,-1
219,19,752.00,463.00,135.00,100.00,1.0,-1,-1,-1
220,13,644.00,222.00,26.00,23.00,1.0,-1,-1,-1
220,14,693.00,234.00,29.00,24.00,1.0,-1,-1,-1
220,15,721.00,253.00,39.00,36.00,1.0,-1,-1,-1
220,16,654.00,252.00,35.00,31.00,1.0,-1,-1,-1
220,17,775.00,318.00,71.00,59.00,1.0,-1,-1,-1
220,18,685.00,313.00,62.00,56.00,1.0,-1,-1,-1
220,19,750.00,455.00,129.00,96.00,1.0,-1,-1,-1
221,13,644.00,221.00,25.00,23.00,1.0,-1,-1,-1
221,14,693.00,233.00,29.00,24.00,1.0,-1,-1,-1
221,15,719.00,253.00,39.00,35.00,1.0,-1,-1,-1
221,16,653.00,249.00,35.00,32.00,1.0,-1,-1,-1
221,17,772.00,314.00,69.00,57.00,1.0,-1,-1,-1
221,18,683.00,311.00,60.00,53.00,1.0,-1,-1,-1
221,19,745.00,441.00,121.00,92.00,1.0,-1,-1,-1
222,14,692.00,232.00,29.00,25.00,1.0,-1,-1,-1
222,15,719.00,252.00,38.00,35.00,1.0,-1,-1,-1
222,16,652.00,248.00,35.00,31.00,1.0,-1,-1,-1
222,17,770.00,313.00,68.00,56.00,1.0,-1,-1,-1
222,18,682.00,309.00,59.00,52.00,1.0,-1,-1,-1
222,19,741.00,432.00,116.00,88.00,1.0,-1,-1,-1
223,14,692.00,232.00,29.00,24.00,1.0,-1,-1,-1
223,15,718.00,252.00,37.00,34.00,1.0,-1,-1,-1
223,16,652.00,246.00,34.00,32.00,1.0,-1,-1,-1
223,17,768.00,311.00,66.00,55.00,1.0,-1,-1,-1
223,18,681.00,306.00,57.00,52.00,1.0,-1,-1,-1
223,19,739.00,425.00,112.00,86.00,1.0,-1,-1,-1
224,14,692.00,231.00,29.00,25.00,1.0,-1,-1,-1
224,15,718.00,251.00,36.00,34.00,1.0,-1,-1,-1
224,16,651.00,246.00,34.00,31.00,1.0,-1,-1,-1
224,17,766.00,309.00,65.00,55.00,1.0,-1,-1,-1
224,18,681.00,303.00,56.00,52.00,1.0,-1,-1,-1
224,19,737.00,419.00,107.00,83.00,1.0,-1,-1,-1
225,14,691.00,230.00,28.00,25.00,1.0,-1,-1,-1
225,15,717.00,250.00,35.00,33.00,1.0,-1,-1,-1
225,16,652.00,245.00,33.00,31.00,1.0,-1,-1,-1
225,17,763.00,306.00,63.00,53.00,1.0,-1,-1,-1
225,18,679.00,300.00,55.00,50.00,1.0,-1,-1,-1
225,19,732.00,408.00,102.00,80.00,1.0,-1,-1,-1
226,14,691.00,230.00,27.00,24.00,1.0,-1,-1,-1
226,15,715.00,250.00,35.00,31.00,1.0,-1,-1,-1
226,16,651.00,244.00,33.00,31.00,1.0,-1,-1,-1
226,17,761.00,304.00,62.00,52.00,1.0,-1,-1,-1
226,18,679.00,299.00,52.00,48.00,1.0,-1,-1,-1
226,19,728.00,399.00,101.00,80.00,1.0,-1,-1,-1
227,14,690.00,230.00,28.00,24.00,1.0,-1,-1,-1
227,15,714.00,249.00,35.00,31.00,1.0,-1,-1,-1
227,16,651.00,244.00,32.00,30.00,1.0,-1,-1,-1
227,17,759.00,301.00,61.00,53.00,1.0,-1,-1,-1
227,18,678.00,297.00,52.00,47.00,1.0,-1,-1,-1
227,19,728.00,393.00,96.00,77.00,1.0,-1,-1,-1
228,14,691.00,229.00,27.00,24.00,1.0,-1,-1,-1
228,15,713.00,248.00,35.00,31.00,1.0,-1,-1,-1
228,16,651.00,244.00,32.00,29.00,1.0,-1,-1,-1
228,17,757.00,300.00,60.00,52.00,1.0,-1,-1,-1
228,18,678.00,295.00,50.00,47.00,1.0,-1,-1,-1
228,19,727.00,390.00,92.00,74.00,1.0,-1,-1,-1
229,14,690.00,228.00,27.00,24.00,1.0,-1,-1,-1
229,15,712.00,247.00,34.00,31.00,1.0,-1,-1,-1
229,16,651.00,243.00,31.00,29.00,1.0,-1,-1,-1
229,17,755.00,297.00,58.00,51.00,1.0,-1,-1,-1
229,18,676.00,291.00,51.00,47.00,1.0,-1,-1,-1
229,19,724.00,381.00,87.00,71.00,1.0,-1,-1,-1
230,14,691.00,228.00,26.00,23.00,1.0,-1,-1,-1
230,15,712.00,246.00,33.00,30.00,1.0,-1,-1,-1
230,16,649.00,242.00,32.00,28.00,1.0,-1,-1,-1
230,17,753.00,296.00,57.00,49.00,1.0,-1,-1,-1
230,18,675.00,288.00,52.00,48.00,1.0,-1,-1,-1
230,19,722.00,376.00,85.00,70.00,1.0,-1,-1,-1
231,14,690.00,227.00,26.00,23.00,1.0,-1,-1,-1
231,15,711.00,245.00,33.00,31.00,1.0,-1,-1,-1
231,16,649.00,240.00,32.00,30.00,1.0,-1,-1,-1
231,17,752.00,294.00,55.00,48.00,1.0,-1,-1,-1
231,18,675.00,286.00,51.00,48.00,1.0,-1,-1,-1
231,19,720.00,372.00,83.00,67.00,1.0,-1,-1,-1
232,13,640.00,216.00,25.00,22.00,1.0,-1,-1,-1
232,14,690.00,226.00,25.00,23.00,1.0,-1,-1,-1
232,15,710.00,245.00,33.00,30.00,1.0,-1,-1,-1
232,16,649.00,240.00,31.00,29.00,1.0,-1,-1,-1
232,17,750.00,292.00,56.00,48.00,1.0,-1,-1,-1
232,18,675.00,285.00,49.00,46.00,1.0,-1,-1,-1
232,19,719.00,368.00,79.00,65.00,1.0,-1,-1,-1
233,13,639.00,215.00,25.00,23.00,1.0,-1,-1,-1
233,14,689.00,225.00,25.00,23.00,1.0,-1,-1,-1
233,15,708.00,244.00,34.00,30.00,1.0,-1,-1,-1
233,16,649.00,239.00,30.00,28.00,1.0,-1,-1,-1
233,17,748.00,290.00,54.00,47.00,1.0,-1,-1,-1
233,18,674.00,284.00,47.00,44.00,1.0,-1,-1,-1
233,19,715.00,361.00,76.00,63.00,1.0,-1,-1,-1
234,13,638.00,214.00,26.00,24.00,1.0,-1,-1,-1
234,14,688.00,225.00,26.00,22.00,1.0,-1,-1,-1
234,15,708.00,243.00,33.00,30.00,1.0,-1,-1,-1
234,16,649.00,238.00,29.00,28.00,1.0,-1,-1,-1
234,17,746.00,287.00,54.00,47.00,1.0,-1,-1,-1
234,18,673.00,282.00,47.00,43.00,1.0,-1,-1,-1
234,19,713.00,356.00,73.00,62.00,1.0,-1,-1,-1
235,14,687.00,224.00,26.00,23.00,1.0,-1,-1,-1
235,15,707.00,242.00,34.00,30.00,1.0,-1,-1,-1
235,16,648.00,237.00,30.00,27.00,1.0,-1,-1,-1
235,17,744.00,286.00,54.00,47.00,1.0,-1,-1,-1
235,18,672.00,281.00,46.00,43.00,1.0,-1,-1,-1
235,19,710.00,352.00,73.00,61.00,1.0,-1,-1,-1
235,20,1065.00,537.00,220.00,183.00,1.0,-1,-1,-1
236,14,686.00,224.00,27.00,22.00,1.0,-1,-1,-1
236,15,707.00,241.00,33.00,30.00,1.0,-1,-1,-1
236,16,647.00,236.00,30.00,28.00,1.0,-1,-1,-1
236,17,743.00,284.00,53.00,47.00,1.0,-1,-1,-1
236,18,671.00,279.00,46.00,43.00,1.0,-1,-1,-1
236,19,709.00,349.00,70.00,59.00,1.0,-1,-1,-1
236,20,1046.00,520.00,238.00,199.00,1.0,-1,-1,-1
237,14,686.00,223.00,25.00,23.00,1.0,-1,-1,-1
237,15,706.00,240.00,32.00,30.00,1.0,-1,-1,-1
237,16,647.00,236.00,29.00,27.00,1.0,-1,-1,-1
237,17,742.00,283.00,50.00,44.00,1.0,-1,-1,-1
237,18,670.00,276.00,46.00,43.00,1.0,-1,-1,-1
237,19,706.00,341.00,70.00,60.00,1.0,-1,-1,-1
237,20,1018.00,495.00,269.00,224.00,1.0,-1,-1,-1
238,14,686.00,223.00,25.00,22.00,1.0,-1,-1,-1
238,15,705.00,239.00,32.00,30.00,1.0,-1,-1,-1
238,16,647.00,236.00,29.00,26.00,1.0,-1,-1,-1
238,17,740.00,281.00,50.00,44.00,1.0,-1,-1,-1
238,18,669.00,274.00,46.00,43.00,1.0,-1,-1,-1
238,19,704.00,336.00,69.00,60.00,1.0,-1,-1,-1
238,20,997.00,477.00,290.00,242.00,1.0,-1,-1,-1
239,14,686.00,223.00,25.00,22.00,1.0,-1,-1,-1
239,15,705.00,239.00,31.00,29.00,1.0,-1,-1,-1
239,16,647.00,235.00,29.00,26.00,1.0,-1,-1,-1
239,17,739.00,280.00,49.00,44.00,1.0,-1,-1,-1
239,18,669.00,273.00,44.00,41.00,1.0,-1,-1,-1
239,19,703.00,333.00,67.00,59.00,1.0,-1,-1,-1
239,20,980.00,461.00,308.00,258.00,1.0,-1,-1,-1
239,21,729.00,587.00,245.00,133.00,1.0,-1,-1,-1
240,14,685.00,222.00,25.00,22.00,1.0,-1,-1,-1
240,15,705.00,238.00,31.00,29.00,1.0,-1,-1,-1
240,16,647.00,235.00,28.00,25.00,1.0,-1,-1,-1
240,17,738.00,279.00,48.00,43.00,1.0,-1,-1,-1
240,18,669.00,273.00,42.00,39.00,1.0,-1,-1,-1
240,19,702.00,331.00,64.00,56.00,1.0,-1,-1,-1
240,20,967.00,449.00,321.00,271.00,1.0,-1,-1,-1
240,21,717.00,573.00,266.00,146.00,1.0,-1,-1,-1
241,14,685.00,222.00,24.00,21.00,1.0,-1,-1,-1
241,15,705.00,237.00,30.00,29.00,1.0,-1,-1,-1
241,16,646.00,235.00,28.00,24.00,1.0,-1,-1,-1
241,17,735.00,277.00,48.00,42.00,1.0,-1,-1,-1
241,18,668.00,271.00,42.00,39.00,1.0,-1,-1,-1
241,19,702.00,329.00,59.00,52.00,1.0,-1,-1,-1
241,20,948.00,430.00,342.00,290.00,1.0,-1,-1,-1
241,21,689.00,551.00,298.00,167.00,1.0,-1,-1,-1
242,14,684.00,222.00,24.00,21.00,1.0,-1,-1,-1
242,15,703.00,236.00,31.00,29.00,1.0,-1,-1,-1
242,16,645.00,234.00,29.00,25.00,1.0,-1,-1,-1
242,17,734.00,275.00,48.00,42.00,1.0,-1,-1,-1
242,18,668.00,270.00,40.00,38.00,1.0,-1,-1,-1
242,19,701.00,326.00,57.00,51.00,1.0,-1,-1,-1
242,20,933.00,417.00,355.00,303.00,1.0,-1,-1,-1
242,21,680.00,535.00,296.00,169.00,1.0,-1,-1,-1
243,14,684.00,222.00,24.00,20.00,1.0,-1,-1,-1
243,15,703.00,235.00,30.00,28.00,1.0,-1,-1,-1
243,16,645.00,233.00,28.00,25.00,1.0,-1,-1,-1
243,17,732.00,273.00,47.00,42.00,1.0,-1,-1,-1
243,18,667.00,268.00,40.00,38.00,1.0,-1,-1,-1
243,19,698.00,321.00,56.00,49.00,1.0,-1,-1,-1
243,20,916.00,402.00,373.00,318.00,1.0,-1,-1,-1
243,21,664.00,522.00,316.00,180.00,1.0,-1,-1,-1
263,22,578.00,170.00,38.00,47.00,1.0,-1,-1,-1
264,22,577.00,171.00,39.00,47.00,1.0,-1,-1,-1
265,22,577.00,171.00,38.00,47.00,1.0,-1,-1,-1
277,22,560.00,180.00,50.00,63.00,1.0,-1,-1,-1
278,22,558.00,180.00,52.00,66.00,1.0,-1,-1,-1
279,22,557.00,181.00,53.00,67.00,1.0,-1,-1,-1
282,22,551.00,185.00,56.00,73.00,1.0,-1,-1,-1
283,22,550.00,186.00,57.00,74.00,1.0,-1,-1,-1
285,22,546.00,189.00,59.00,80.00,1.0,-1,-1,-1
286,22,544.00,192.00,60.00,81.00,1.0,-1,-1,-1
287,22,543.00,193.00,59.00,82.00,1.0,-1,-1,-1
288,22,540.00,195.00,60.00,84.00,1.0,-1,-1,-1
289,22,538.00,196.00,61.00,86.00,1.0,-1,-1,-1
290,22,536.00,198.00,62.00,86.00,1.0,-1,-1,-1
291,22,535.00,199.00,62.00,89.00,1.0,-1,-1,-1
292,22,532.00,201.00,64.00,91.00,1.0,-1,-1,-1
293,22,530.00,203.00,64.00,92.00,1.0,-1,-1,-1
294,22,528.00,204.00,65.00,94.00,1.0,-1,-1,-1
295,22,526.00,208.00,66.00,96.00,1.0,-1,-1,-1
296,22,523.00,211.00,67.00,98.00,1.0,-1,-1,-1
297,22,521.00,214.00,67.00,100.00,1.0,-1,-1,-1
298,22,519.00,216.00,68.00,101.00,1.0,-1,-1,-1
299,22,516.00,218.00,70.00,103.00,1.0,-1,-1,-1
300,22,513.00,220.00,71.00,107.00,1.0,-1,-1,-1
301,22,510.00,224.00,72.00,108.00,1.0,-1,-1,-1
302,22,507.00,226.00,74.00,112.00,1.0,-1,-1,-1
303,22,503.00,228.00,76.00,115.00,1.0,-1,-1,-1
304,22,499.00,234.00,77.00,116.00,1.0,-1,-1,-1
305,22,495.00,238.00,78.00,116.00,1.0,-1,-1,-1
306,22,491.00,240.00,80.00,120.00,1.0,-1,-1,-1
307,22,487.00,243.00,83.00,123.00,1.0,-1,-1,-1
308,22,481.00,247.00,86.00,129.00,1.0,-1,-1,-1
309,22,477.00,252.00,88.00,133.00,1.0,-1,-1,-1
310,22,471.00,253.00,94.00,140.00,1.0,-1,-1,-1
311,22,464.00,260.00,96.00,142.00,1.0,-1,-1,-1
312,22,459.00,264.00,99.00,148.00,1.0,-1,-1,-1
313,22,454.00,269.00,102.00,152.00,1.0,-1,-1,-1
314,22,448.00,273.00,106.00,157.00,1.0,-1,-1,-1
315,22,439.00,282.00,109.00,162.00,1.0,-1,-1,-1
316,22,429.00,288.00,115.00,170.00,1.0,-1,-1,-1
317,22,421.00,292.00,120.00,177.00,1.0,-1,-1,-1
318,22,412.00,296.00,126.00,185.00,1.0,-1,-1,-1
319,22,398.00,305.00,134.00,197.00,1.0,-1,-1,-1
320,22,388.00,313.00,141.00,207.00,1.0,-1,-1,-1
321,22,377.00,320.00,147.00,214.00,1.0,-1,-1,-1
322,22,365.00,327.00,154.00,224.00,1.0,-1,-1,-1
323,22,342.00,337.00,169.00,245.00,1.0,-1,-1,-1
323,23,527.00,184.00,34.00,28.00,1.0,-1,-1,-1
324,22,326.00,348.00,181.00,262.00,1.0,-1,-1,-1
324,23,527.00,185.00,33.00,28.00,1.0,-1,-1,-1
325,22,313.00,355.00,191.00,277.00,1.0,-1,-1,-1
326,22,299.00,364.00,200.00,289.00,1.0,-1,-1,-1
327,22,267.00,380.00,219.00,317.00,1.0,-1,-1,-1
328,22,256.00,387.00,226.00,327.00,1.0,-1,-1,-1
342,24,489.00,209.00,44.00,41.00,1.0,-1,-1,-1
343,24,487.00,211.00,45.00,41.00,1.0,-1,-1,-1
345,24,483.00,212.00,48.00,44.00,1.0,-1,-1,-1
346,24,481.00,213.00,49.00,45.00,1.0,-1,-1,-1
346,26,592.00,179.00,38.00,33.00,1.0,-1,-1,-1
346,27,454.00,258.00,64.00,62.00,1.0,-1,-1,-1
347,26,592.00,180.00,37.00,33.00,1.0,-1,-1,-1
347,27,450.00,258.00,68.00,66.00,1.0,-1,-1,-1
348,26,591.00,182.00,37.00,31.00,1.0,-1,-1,-1
349,24,473.00,221.00,47.00,42.00,1.0,-1,-1,-1
349,26,590.00,183.00,37.00,31.00,1.0,-1,-1,-1
350,24,471.00,223.00,47.00,42.00,1.0,-1,-1,-1
350,26,589.00,184.00,37.00,31.00,1.0,-1,-1,-1
350,27,433.00,271.00,70.00,68.00,1.0,-1,-1,-1
351,27,428.00,276.00,72.00,70.00,1.0,-1,-1,-1
352,24,463.00,227.00,50.00,46.00,1.0,-1,-1,-1
352,27,424.00,282.00,72.00,69.00,1.0,-1,-1,-1
353,24,461.00,230.00,51.00,46.00,1.0,-1,-1,-1
353,27,421.00,285.00,71.00,70.00,1.0,-1,-1,-1
354,24,457.00,234.00,51.00,46.00,1.0,-1,-1,-1
354,27,411.00,291.00,75.00,73.00,1.0,-1,-1,-1
355,24,452.00,236.00,55.00,48.00,1.0,-1,-1,-1
355,27,405.00,296.00,77.00,75.00,1.0,-1,-1,-1
356,24,450.00,238.00,55.00,49.00,1.0,-1,-1,-1
356,27,399.00,302.00,77.00,75.00,1.0,-1,-1,-1
357,24,446.00,240.00,57.00,50.00,1.0,-1,-1,-1
357,27,393.00,307.00,79.00,76.00,1.0,-1,-1,-1
358,24,440.00,242.00,59.00,54.00,1.0,-1,-1,-1
358,27,383.00,315.00,81.00,78.00,1.0,-1,-1,-1
359,24,435.00,245.00,62.00,56.00,1.0,-1,-1,-1
359,26,577.00,192.00,48.00,42.00,1.0,-1,-1,-1
359,27,377.00,320.00,83.00,79.00,1.0,-1,-1,-1
360,24,432.00,247.00,63.00,59.00,1.0,-1,-1,-1
360,26,577.00,194.00,48.00,42.00,1.0,-1,-1,-1
360,27,367.00,327.00,86.00,82.00,1.0,-1,-1,-1
361,24,428.00,250.00,64.00,59.00,1.0,-1,-1,-1
361,26,578.00,197.00,45.00,40.00,1.0,-1,-1,-1
361,27,359.00,333.00,90.00,85.00,1.0,-1,-1,-1
362,24,421.00,254.00,67.00,63.00,1.0,-1,-1,-1
362,26,576.00,200.00,45.00,40.00,1.0,-1,-1,-1
362,27,346.00,343.00,95.00,89.00,1.0,-1,-1,-1
363,24,417.00,257.00,68.00,64.00,1.0,-1,-1,-1
363,26,574.00,202.00,46.00,41.00,1.0,-1,-1,-1
363,27,333.00,351.00,102.00,94.00,1.0,-1,-1,-1
364,24,414.00,261.00,68.00,64.00,1.0,-1,-1,-1
364,26,573.00,205.00,44.00,39.00,1.0,-1,-1,-1
364,27,324.00,358.00,105.00,96.00,1.0,-1,-1,-1
365,24,410.00,263.00,69.00,66.00,1.0,-1,-1,-1
365,26,573.00,208.00,41.00,37.00,1.0,-1,-1,-1
365,27,313.00,365.00,109.00,99.00,1.0,-1,-1,-1
366,24,404.00,270.00,69.00,66.00,1.0,-1,-1,-1
366,26,570.00,209.00,43.00,40.00,1.0,-1,-1,-1
366,27,296.00,377.00,115.00,105.00,1.0,-1,-1,-1
367,24,398.00,272.00,72.00,69.00,1.0,-1,-1,-1
367,26,568.00,211.00,45.00,40.00,1.0,-1,-1,-1
367,27,280.00,387.00,122.00,111.00,1.0,-1,-1,-1
368,24,393.00,276.00,73.00,70.00,1.0,-1,-1,-1
368,26,567.00,212.00,46.00,42.00,1.0,-1,-1,-1
368,27,265.00,396.00,128.00,116.00,1.0,-1,-1,-1
369,24,388.00,279.00,74.00,71.00,1.0,-1,-1,-1
369,26,565.00,213.00,47.00,44.00,1.0,-1,-1,-1
369,27,250.00,405.00,134.00,121.00,1.0,-1,-1,-1
370,24,380.00,286.00,75.00,72.00,1.0,-1,-1,-1
370,26,563.00,217.00,47.00,44.00,1.0,-1,-1,-1
370,27,225.00,421.00,145.00,131.00,1.0,-1,-1,-1
371,24,373.00,291.00,78.00,74.00,1.0,-1,-1,-1
371,26,561.00,218.00,48.00,45.00,1.0,-1,-1,-1
371,27,204.00,435.00,154.00,137.00,1.0,-1,-1,-1
371,29,590.00,182.00,36.00,32.00,1.0,-1,-1,-1
372,24,366.00,294.00,81.00,78.00,1.0,-1,-1,-1
372,26,560.00,220.00,48.00,45.00,1.0,-1,-1,-1
372,27,182.00,446.00,166.00,148.00,1.0,-1,-1,-1
372,29,590.00,184.00,36.00,32.00,1.0,-1,-1,-1
373,24,360.00,298.00,82.00,79.00,1.0,-1,-1,-1
373,26,559.00,221.00,49.00,47.00,1.0,-1,-1,-1
373,27,162.00,461.00,174.00,154.00,1.0,-1,-1,-1
373,29,589.00,185.00,37.00,32.00,1.0,-1,-1,-1
374,24,348.00,305.00,88.00,82.00,1.0,-1,-1,-1
374,26,555.00,224.00,52.00,50.00,1.0,-1,-1,-1
374,27,125.00,482.00,193.00,170.00,1.0,-1,-1,-1
374,29,589.00,186.00,36.00,32.00,1.0,-1,-1,-1
375,24,341.00,310.00,89.00,85.00,1.0,-1,-1,-1
375,26,554.00,226.00,52.00,50.00,1.0,-1,-1,-1
375,27,88.00,502.00,213.00,188.00,1.0,-1,-1,-1
376,24,331.00,316.00,94.00,88.00,1.0,-1,-1,-1
376,26,552.00,228.00,54.00,52.00,1.0,-1,-1,-1
376,27,46.00,516.00,230.00,198.00,1.0,-1,-1,-1
377,24,318.00,324.00,99.00,93.00,1.0,-1,-1,-1
377,26,550.00,232.00,54.00,53.00,1.0,-1,-1,-1
377,27,31.00,550.00,210.00,174.00,1.0,-1,-1,-1
378,24,307.00,331.00,102.00,95.00,1.0,-1,-1,-1
378,26,548.00,234.00,55.00,55.00,1.0,-1,-1,-1
378,27,23.00,572.00,194.00,154.00,1.0,-1,-1,-1
379,24,297.00,337.00,106.00,99.00,1.0,-1,-1,-1
379,26,546.00,238.00,56.00,54.00,1.0,-1,-1,-1
379,27,25.00,598.00,168.00,128.00,1.0,-1,-1,-1
380,24,288.00,343.00,109.00,102.00,1.0,-1,-1,-1
380,26,544.00,240.00,56.00,55.00,1.0,-1,-1,-1
380,27,10.00,613.00,168.00,127.00,1.0,-1,-1,-1
381,24,270.00,353.00,116.00,108.00,1.0,-1,-1,-1
381,26,540.00,243.00,59.00,59.00,1.0,-1,-1,-1
382,24,258.00,361.00,121.00,111.00,1.0,-1,-1,-1
382,26,538.00,247.00,60.00,59.00,1.0,-1,-1,-1
383,24,244.00,368.00,127.00,117.00,1.0,-1,-1,-1
383,26,535.00,249.00,62.00,61.00,1.0,-1,-1,-1
384,24,231.00,376.00,130.00,120.00,1.0,-1,-1,-1
384,26,532.00,250.00,65.00,65.00,1.0,-1,-1,-1
385,24,206.00,389.00,143.00,132.00,1.0,-1,-1,-1
385,26,529.00,256.00,66.00,66.00,1.0,-1,-1,-1
386,24,189.00,402.00,148.00,135.00,1.0,-1,-1,-1
386,26,526.00,259.00,69.00,69.00,1.0,-1,-1,-1
387,24,170.00,411.00,157.00,143.00,1.0,-1,-1,-1
387,26,523.00,263.00,70.00,70.00,1.0,-1,-1,-1
387,30,575.00,204.00,43.00,41.00,1.0,-1,-1,-1
388,24,154.00,422.00,164.00,149.00,1.0,-1,-1,-1
388,26,521.00,266.00,71.00,73.00,1.0,-1,-1,-1
388,30,576.00,207.00,41.00,39.00,1.0,-1,-1,-1
389,24,120.00,441.00,177.00,160.00,1.0,-1,-1,-1
389,26,517.00,272.00,73.00,75.00,1.0,-1,-1,-1
389,30,573.00,208.00,44.00,41.00,1.0,-1,-1,-1
390,24,93.00,456.00,190.00,172.00,1.0,-1,-1,-1
390,26,513.00,275.00,75.00,78.00,1.0,-1,-1,-1
390,30,571.00,208.00,46.00,44.00,1.0,-1,-1,-1
391,24,68.00,472.00,200.00,178.00,1.0,-1,-1,-1
391,26,510.00,280.00,76.00,79.00,1.0,-1,-1,-1
391,30,568.00,209.00,49.00,46.00,1.0,-1,-1,-1
392,24,38.00,485.00,216.00,192.00,1.0,-1,-1,-1
392,26,507.00,284.00,77.00,80.00,1.0,-1,-1,-1
392,30,567.00,210.00,50.00,48.00,1.0,-1,-1,-1
393,24,8.00,511.00,223.00,198.00,1.0,-1,-1,-1
393,26,501.00,290.00,81.00,85.00,1.0,-1,-1,-1
393,30,565.00,212.00,52.00,50.00,1.0,-1,-1,-1
394,24,-2.00,534.00,210.00,187.00,1.0,-1,-1,-1
394,26,497.00,295.00,82.00,88.00,1.0,-1,-1,-1
394,30,564.00,214.00,52.00,50.00,1.0,-1,-1,-1
395,24,-4.00,555.00,191.00,171.00,1.0,-1,-1,-1
395,26,492.00,300.00,85.00,90.00,1.0,-1,-1,-1
395,30,563.00,217.00,51.00,50.00,1.0,-1,-1,-1
395,32,494.00,156.00,70.00,85.00,1.0,-1,-1,-1
396,24,-5.00,576.00,170.00,151.00,1.0,-1,-1,-1
396,26,486.00,303.00,89.00,95.00,1.0,-1,-1,-1
396,30,562.00,220.00,51.00,50.00,1.0,-1,-1,-1
396,32,493.00,156.00,70.00,86.00,1.0,-1,-1,-1
397,24,-19.00,589.00,171.00,152.00,1.0,-1,-1,-1
397,26,481.00,310.00,91.00,98.00,1.0,-1,-1,-1
397,30,559.00,222.00,54.00,53.00,1.0,-1,-1,-1
397,32,492.00,157.00,71.00,88.00,1.0,-1,-1,-1
398,26,476.00,318.00,93.00,100.00,1.0,-1,-1,-1
398,30,557.00,224.00,56.00,54.00,1.0,-1,-1,-1
398,32,491.00,156.00,73.00,90.00,1.0,-1,-1,-1
399,26,471.00,324.00,95.00,103.00,1.0,-1,-1,-1
399,30,555.00,225.00,58.00,58.00,1.0,-1,-1,-1
399,32,489.00,155.00,75.00,93.00,1.0,-1,-1,-1
400,26,466.00,330.00,97.00,106.00,1.0,-1,-1,-1
400,30,553.00,227.00,59.00,59.00,1.0,-1,-1,-1
400,32,488.00,157.00,75.00,92.00,1.0,-1,-1,-1
401,26,456.00,341.00,102.00,110.00,1.0,-1,-1,-1
401,30,551.00,230.00,60.00,61.00,1.0,-1,-1,-1
401,32,487.00,161.00,74.00,91.00,1.0,-1,-1,-1
402,26,449.00,349.00,106.00,115.00,1.0,-1,-1,-1
402,30,550.00,233.00,60.00,61.00,1.0,-1,-1,-1
402,32,483.00,164.00,74.00,90.00,1.0,-1,-1,-1
403,26,441.00,357.00,111.00,119.00,1.0,-1,-1,-1
403,30,549.00,236.00,60.00,62.00,1.0,-1,-1,-1
403,32,480.00,165.00,75.00,91.00,1.0,-1,-1,-1
404,26,434.00,364.00,115.00,124.00,1.0,-1,-1,-1
404,30,547.00,239.00,61.00,62.00,1.0,-1,-1,-1
404,32,478.00,165.00,76.00,92.00,1.0,-1,-1,-1
405,26,418.00,377.00,125.00,136.00,1.0,-1,-1,-1
405,30,544.00,243.00,62.00,63.00,1.0,-1,-1,-1
405,32,477.00,166.00,76.00,93.00,1.0,-1,-1,-1
406,26,406.00,388.00,133.00,143.00,1.0,-1,-1,-1
406,30,542.00,245.00,62.00,65.00,1.0,-1,-1,-1
406,32,474.00,165.00,80.00,96.00,1.0,-1,-1,-1
407,26,396.00,397.00,140.00,153.00,1.0,-1,-1,-1
407,30,539.00,248.00,65.00,67.00,1.0,-1,-1,-1
407,32,474.00,168.00,78.00,95.00,1.0,-1,-1,-1
408,26,377.00,416.00,152.00,166.00,1.0,-1,-1,-1
408,30,537.00,252.00,65.00,68.00,1.0,-1,-1,-1
408,32,471.00,171.00,79.00,95.00,1.0,-1,-1,-1
409,26,361.00,432.00,161.00,177.00,1.0,-1,-1,-1
409,30,535.00,256.00,66.00,69.00,1.0,-1,-1,-1
409,32,471.00,172.00,78.00,94.00,1.0,-1,-1,-1
410,26,345.00,445.00,172.00,189.00,1.0,-1,-1,-1
410,30,533.00,260.00,67.00,70.00,1.0,-1,-1,-1
410,32,468.00,174.00,81.00,97.00,1.0,-1,-1,-1
411,26,329.00,458.00,182.00,201.00,1.0,-1,-1,-1
411,30,531.00,263.00,68.00,71.00,1.0,-1,-1,-1
411,32,465.00,174.00,84.00,101.00,1.0,-1,-1,-1
412,26,304.00,484.00,197.00,219.00,1.0,-1,-1,-1
412,30,527.00,267.00,70.00,74.00,1.0,-1,-1,-1
412,32,461.00,174.00,85.00,103.00,1.0,-1,-1,-1
413,26,288.00,504.00,195.00,216.00,1.0,-1,-1,-1
413,30,524.00,272.00,71.00,75.00,1.0,-1,-1,-1
413,32,459.00,174.00,86.00,104.00,1.0,-1,-1,-1
414,26,282.00,527.00,184.00,199.00,1.0,-1,-1,-1
414,30,521.00,275.00,73.00,78.00,1.0,-1,-1,-1
414,32,457.00,175.00,86.00,104.00,1.0,-1,-1,-1
415,26,278.00,551.00,170.00,176.00,1.0,-1,-1,-1
415,30,518.00,278.00,74.00,79.00,1.0,-1,-1,-1
415,32,454.00,173.00,91.00,108.00,1.0,-1,-1,-1
416,26,268.00,563.00,173.00,180.00,1.0,-1,-1,-1
416,30,514.00,284.00,77.00,82.00,1.0,-1,-1,-1
416,32,450.00,172.00,95.00,113.00,1.0,-1,-1,-1
417,30,511.00,288.00,78.00,84.00,1.0,-1,-1,-1
417,32,447.00,172.00,97.00,117.00,1.0,-1,-1,-1
418,30,507.00,293.00,80.00,86.00,1.0,-1,-1,-1
418,32,444.00,172.00,99.00,119.00,1.0,-1,-1,-1
419,30,503.00,296.00,82.00,88.00,1.0,-1,-1,-1
419,32,441.00,173.00,101.00,120.00,1.0,-1,-1,-1
420,30,496.00,303.00,87.00,93.00,1.0,-1,-1,-1
420,32,436.00,173.00,105.00,126.00,1.0,-1,-1,-1
421,30,492.00,309.00,88.00,94.00,1.0,-1,-1,-1
421,32,432.00,174.00,107.00,128.00,1.0,-1,-1,-1
422,30,487.00,315.00,91.00,97.00,1.0,-1,-1,-1
422,32,428.00,173.00,111.00,133.00,1.0,-1,-1,-1
423,30,483.00,321.00,93.00,99.00,1.0,-1,-1,-1
423,32,425.00,175.00,111.00,133.00,1.0,-1,-1,-1
424,30,475.00,330.00,97.00,103.00,1.0,-1,-1,-1
424,32,421.00,176.00,113.00,135.00,1.0,-1,-1,-1
425,30,468.00,336.00,103.00,110.00,1.0,-1,-1,-1
425,32,418.00,177.00,115.00,136.00,1.0,-1,-1,-1
426,30,463.00,343.00,105.00,113.00,1.0,-1,-1,-1
426,32,415.00,177.00,117.00,139.00,1.0,-1,-1,-1
427,30,456.00,349.00,110.00,118.00,1.0,-1,-1,-1
427,32,411.00,177.00,119.00,142.00,1.0,-1,-1,-1
428,30,446.00,361.00,116.00,125.00,1.0,-1,-1,-1
428,32,405.00,178.00,124.00,148.00,1.0,-1,-1,-1
429,30,436.00,370.00,122.00,132.00,1.0,-1,-1,-1
429,32,399.00,179.00,128.00,152.00,1.0,-1,-1,-1
430,30,426.00,378.00,128.00,139.00,1.0,-1,-1,-1
430,32,395.00,181.00,130.00,154.00,1.0,-1,-1,-1
431,30,417.00,386.00,134.00,147.00,1.0,-1,-1,-1
431,32,392.00,182.00,133.00,156.00,1.0,-1,-1,-1
432,30,403.00,403.00,143.00,157.00,1.0,-1,-1,-1
432,32,386.00,184.00,135.00,160.00,1.0,-1,-1,-1
433,30,390.00,416.00,152.00,168.00,1.0,-1,-1,-1
433,32,382.00,185.00,138.00,163.00,1.0,-1,-1,-1
434,30,378.00,429.00,161.00,177.00,1.0,-1,-1,-1
434,32,379.00,188.00,139.00,163.00,1.0,-1,-1,-1
435,30,364.00,441.00,170.00,189.00,1.0,-1,-1,-1
435,32,374.00,189.00,143.00,166.00,1.0,-1,-1,-1
436,30,342.00,463.00,181.00,202.00,1.0,-1,-1,-1
436,32,366.00,192.00,146.00,169.00,1.0,-1,-1,-1
437,30,324.00,480.00,193.00,215.00,1.0,-1,-1,-1
437,32,362.00,193.00,148.00,172.00,1.0,-1,-1,-1
438,30,309.00,497.00,197.00,219.00,1.0,-1,-1,-1
438,32,356.00,193.00,153.00,176.00,1.0,-1,-1,-1
439,30,301.00,514.00,192.00,210.00,1.0,-1,-1,-1
439,32,352.00,194.00,155.00,178.00,1.0,-1,-1,-1
440,30,299.00,547.00,172.00,180.00,1.0,-1,-1,-1
440,32,343.00,201.00,159.00,180.00,1.0,-1,-1,-1
441,30,290.00,560.00,174.00,182.00,1.0,-1,-1,-1
441,32,336.00,204.00,163.00,184.00,1.0,-1,-1,-1
442,32,330.00,203.00,169.00,190.00,1.0,-1,-1,-1
443,32,321.00,207.00,174.00,195.00,1.0,-1,-1,-1
444,32,313.00,209.00,179.00,199.00,1.0,-1,-1,-1
445,32,302.00,206.00,188.00,208.00,1.0,-1,-1,-1
446,32,294.00,208.00,194.00,213.00,1.0,-1,-1,-1
447,32,286.00,219.00,194.00,211.00,1.0,-1,-1,-1
448,32,276.00,218.00,203.00,220.00,1.0,-1,-1,-1
449,32,266.00,220.00,210.00,225.00,1.0,-1,-1,-1
450,32,257.00,222.00,218.00,233.00,1.0,-1,-1,-1
451,32,234.00,214.00,239.00,254.00,1.0,-1,-1,-1
452,32,217.00,208.00,256.00,272.00,1.0,-1,-1,-1
453,32,208.00,209.00,262.00,278.00,1.0,-1,-1,-1
454,32,194.00,208.00,277.00,295.00,1.0,-1,-1,-1
455,32,172.00,204.00,295.00,316.00,1.0,-1,-1,-1
456,32,161.00,204.00,304.00,325.00,1.0,-1,-1,-1
459,32,65.00,199.00,364.00,382.00,1.0,-1,-1,-1
460,32,50.00,199.00,374.00,393.00,1.0,-1,-1,-1
461,32,20.00,196.00,405.00,419.00,1.0,-1,-1,-1
462,32,0.00,188.00,433.00,449.00,1.0,-1,-1,-1
463,32,-15.00,193.00,453.00,475.00,1.0,-1,-1,-1
464,32,-31.00,192.00,466.00,489.00,1.0,-1,-1,-1
465,32,-38.00,178.00,491.00,525.00,1.0,-1,-1,-1
466,32,-27.00,214.00,463.00,498.00,1.0,-1,-1,-1
467,32,-19.00,241.00,438.00,475.00,1.0,-1,-1,-1
468,32,-16.00,254.00,425.00,463.00,1.0,-1,-1,-1
469,32,-16.00,260.00,419.00,460.00,1.0,-1,-1,-1
470,32,-15.00,265.00,413.00,456.00,1.0,-1,-1,-1
471,32,-14.00,274.00,405.00,449.00,1.0,-1,-1,-1
472,32,-14.00,279.00,395.00,444.00,1.0,-1,-1,-1
473,32,-13.00,286.00,386.00,436.00,1.0,-1,-1,-1
474,32,-13.00,294.00,375.00,426.00,1.0,-1,-1,-1
475,32,-13.00,301.00,363.00,416.00,1.0,-1,-1,-1
476,32,-13.00,307.00,354.00,408.00,1.0,-1,-1,-1
477,32,-15.00,313.00,348.00,404.00,1.0,-1,-1,-1
478,32,-17.00,324.00,335.00,393.00,1.0,-1,-1,-1
479,32,-17.00,332.00,324.00,385.00,1.0,-1,-1,-1
480,32,-21.00,339.00,320.00,381.00,1.0,-1,-1,-1
481,32,-19.00,349.00,305.00,368.00,1.0,-1,-1,-1
482,32,-23.00,356.00,301.00,363.00,1.0,-1,-1,-1
