3,1,2904.00,1223.00,285.00,242.00,1.0,-1,-1,-1
3,2,1923.00,725.00,1869.00,1433.00,1.0,-1,-1,-1
3,3,934.00,896.00,304.00,414.00,1.0,-1,-1,-1
3,4,1417.00,1005.00,225.00,243.00,1.0,-1,-1,-1
4,1,2884.00,1214.00,277.00,236.00,1.0,-1,-1,-1
4,2,1923.00,722.00,1872.00,1436.00,1.0,-1,-1,-1
4,3,928.00,901.00,304.00,415.00,1.0,-1,-1,-1
4,4,1416.00,1015.00,226.00,243.00,1.0,-1,-1,-1
5,1,2868.00,1205.00,271.00,230.00,1.0,-1,-1,-1
5,2,1925.00,720.00,1874.00,1437.00,1.0,-1,-1,-1
5,3,926.00,904.00,307.00,419.00,1.0,-1,-1,-1
5,4,1416.00,1024.00,224.00,242.00,1.0,-1,-1,-1
6,1,2851.00,1195.00,267.00,227.00,1.0,-1,-1,-1
6,2,1930.00,722.00,1873.00,1435.00,1.0,-1,-1,-1
6,3,919.00,909.00,308.00,421.00,1.0,-1,-1,-1
6,4,1414.00,1030.00,227.00,245.00,1.0,-1,-1,-1
7,1,2830.00,1181.00,269.00,229.00,1.0,-1,-1,-1
7,2,1928.00,722.00,1873.00,1435.00,1.0,-1,-1,-1
7,3,909.00,916.00,309.00,421.00,1.0,-1,-1,-1
7,4,1412.00,1043.00,226.00,245.00,1.0,-1,-1,-1
8,1,2814.00,1171.00,269.00,228.00,1.0,-1,-1,-1
8,2,1932.00,726.00,1869.00,1431.00,1.0,-1,-1,-1
8,3,900.00,923.00,311.00,422.00,1.0,-1,-1,-1
8,4,1410.00,1048.00,227.00,248.00,1.0,-1,-1,-1
9,1,2800.00,1161.00,262.00,224.00,1.0,-1,-1,-1
9,2,1936.00,728.00,1867.00,1428.00,1.0,-1,-1,-1
9,3,893.00,926.00,315.00,427.00,1.0,-1,-1,-1
9,4,1409.00,1050.00,231.00,253.00,1.0,-1,-1,-1
10,1,2784.00,1156.00,254.00,216.00,1.0,-1,-1,-1
10,2,1958.00,724.00,1871.00,1434.00,1.0,-1,-1,-1
10,3,888.00,926.00,319.00,432.00,1.0,-1,-1,-1
10,4,1406.00,1053.00,235.00,258.00,1.0,-1,-1,-1
11,1,2772.00,1146.00,251.00,214.00,1.0,-1,-1,-1
11,2,1965.00,720.00,1873.00,1438.00,1.0,-1,-1,-1
11,3,883.00,930.00,324.00,439.00,1.0,-1,-1,-1
11,4,1400.00,1055.00,244.00,269.00,1.0,-1,-1,-1
12,1,2753.00,1135.00,254.00,216.00,1.0,-1,-1,-1
12,2,1967.00,720.00,1871.00,1438.00,1.0,-1,-1,-1
12,3,877.00,933.00,327.00,443.00,1.0,-1,-1,-1
12,4,1400.00,1064.00,245.00,272.00,1.0,-1,-1,-1
13,1,2737.00,1125.00,251.00,214.00,1.0,-1,-1,-1
13,2,1969.00,720.00,1867.00,1438.00,1.0,-1,-1,-1
13,3,869.00,937.00,332.00,451.00,1.0,-1,-1,-1
13,4,1398.00,1070.00,248.00,275.00,1.0,-1,-1,-1
14,1,2724.00,1116.00,247.00,211.00,1.0,-1,-1,-1
14,2,1972.00,721.00,1862.00,1438.00,1.0,-1,-1,-1
14,3,861.00,939.00,337.00,458.00,1.0,-1,-1,-1
14,4,1393.00,1075.00,257.00,287.00,1.0,-1,-1,-1
15,1,2705.00,1101.00,251.00,214.00,1.0,-1,-1,-1
15,2,1973.00,716.00,1865.00,1443.00,1.0,-1,-1,-1
15,3,854.00,943.00,339.00,460.00,1.0,-1,-1,-1
15,4,1394.00,1100.00,247.00,276.00,1.0,-1,-1,-1
16,1,2691.00,1086.00,254.00,219.00,1.0,-1,-1,-1
16,2,1948.00,715.00,1867.00,1444.00,1.0,-1,-1,-1
16,3,848.00,945.00,343.00,466.00,1.0,-1,-1,-1
16,4,1392.00,1117.00,243.00,271.00,1.0,-1,-1,-1
17,1,2676.00,1078.00,250.00,217.00,1.0,-1,-1,-1
17,2,1958.00,709.00,1873.00,1450.00,1.0,-1,-1,-1
17,3,842.00,948.00,346.00,470.00,1.0,-1,-1,-1
17,4,1385.00,1109.00,259.00,292.00,1.0,-1,-1,-1
18,1,2669.00,1076.00,243.00,211.00,1.0,-1,-1,-1
18,2,1961.00,704.00,1876.00,1455.00,1.0,-1,-1,-1
18,3,838.00,951.00,347.00,473.00,1.0,-1,-1,-1
18,4,1394.00,1153.00,235.00,260.00,1.0,-1,-1,-1
19,1,2661.00,1075.00,230.00,200.00,1.0,-1,-1,-1
19,2,1960.00,703.00,1877.00,1457.00,1.0,-1,-1,-1
19,3,830.00,956.00,350.00,477.00,1.0,-1,-1,-1
19,4,1384.00,1146.00,253.00,280.00,1.0,-1,-1,-1
20,1,2651.00,1068.00,228.00,199.00,1.0,-1,-1,-1
20,2,1942.00,705.00,1874.00,1454.00,1.0,-1,-1,-1
20,3,826.00,960.00,351.00,479.00,1.0,-1,-1,-1
20,4,1378.00,1153.00,259.00,288.00,1.0,-1,-1,-1
21,1,2638.00,1060.00,226.00,197.00,1.0,-1,-1,-1
21,2,1936.00,706.00,1874.00,1453.00,1.0,-1,-1,-1
21,3,819.00,965.00,358.00,489.00,1.0,-1,-1,-1
21,4,1374.00,1163.00,264.00,295.00,1.0,-1,-1,-1
21,8,2071.00,1119.00,1756.00,1041.00,1.0,-1,-1,-1
22,1,2630.00,1056.00,219.00,192.00,1.0,-1,-1,-1
22,2,1932.00,709.00,1874.00,1450.00,1.0,-1,-1,-1
22,3,811.00,971.00,360.00,493.00,1.0,-1,-1,-1
22,4,1381.00,1201.00,247.00,271.00,1.0,-1,-1,-1
22,8,2057.00,1107.00,1776.00,1053.00,1.0,-1,-1,-1
23,1,2616.00,1049.00,216.00,188.00,1.0,-1,-1,-1
23,2,1926.00,705.00,1880.00,1454.00,1.0,-1,-1,-1
23,3,800.00,973.00,367.00,501.00,1.0,-1,-1,-1
23,4,1383.00,1237.00,232.00,252.00,1.0,-1,-1,-1
23,8,2053.00,1104.00,1780.00,1056.00,1.0,-1,-1,-1
24,1,2608.00,1044.00,212.00,184.00,1.0,-1,-1,-1
24,2,1919.00,699.00,1887.00,1460.00,1.0,-1,-1,-1
24,3,794.00,976.00,372.00,509.00,1.0,-1,-1,-1
24,4,1379.00,1252.00,236.00,251.00,1.0,-1,-1,-1
24,8,2049.00,1102.00,1785.00,1058.00,1.0,-1,-1,-1
25,1,2596.00,1039.00,211.00,183.00,1.0,-1,-1,-1
25,2,1912.00,694.00,1896.00,1465.00,1.0,-1,-1,-1
25,3,786.00,981.00,376.00,515.00,1.0,-1,-1,-1
25,4,1374.00,1269.00,238.00,249.00,1.0,-1,-1,-1
26,1,2585.00,1035.00,205.00,179.00,1.0,-1,-1,-1
26,2,1910.00,695.00,1896.00,1464.00,1.0,-1,-1,-1
26,3,776.00,988.00,378.00,517.00,1.0,-1,-1,-1
26,4,1353.00,1233.00,284.00,300.00,1.0,-1,-1,-1
27,1,2574.00,1032.00,203.00,175.00,1.0,-1,-1,-1
27,2,1909.00,694.00,1897.00,1465.00,1.0,-1,-1,-1
27,3,770.00,992.00,379.00,522.00,1.0,-1,-1,-1
27,4,1347.00,1234.00,296.00,315.00,1.0,-1,-1,-1
28,1,2568.00,1028.00,200.00,172.00,1.0,-1,-1,-1
28,2,1908.00,693.00,1900.00,1466.00,1.0,-1,-1,-1
28,3,760.00,997.00,385.00,529.00,1.0,-1,-1,-1
28,4,1353.00,1285.00,272.00,284.00,1.0,-1,-1,-1
29,1,2559.00,1020.00,200.00,173.00,1.0,-1,-1,-1
29,2,1905.00,689.00,1905.00,1470.00,1.0,-1,-1,-1
29,3,756.00,1001.00,390.00,536.00,1.0,-1,-1,-1
29,4,1349.00,1311.00,269.00,279.00,1.0,-1,-1,-1
30,1,2544.00,1009.00,204.00,178.00,1.0,-1,-1,-1
30,2,1905.00,690.00,1907.00,1469.00,1.0,-1,-1,-1
30,3,746.00,1005.00,395.00,546.00,1.0,-1,-1,-1
30,4,1350.00,1343.00,257.00,264.00,1.0,-1,-1,-1
31,1,2535.00,1004.00,200.00,174.00,1.0,-1,-1,-1
31,2,1905.00,688.00,1908.00,1471.00,1.0,-1,-1,-1
31,3,732.00,1012.00,396.00,547.00,1.0,-1,-1,-1
31,4,1347.00,1369.00,255.00,258.00,1.0,-1,-1,-1
32,1,2526.00,998.00,199.00,173.00,1.0,-1,-1,-1
32,2,1900.00,682.00,1916.00,1478.00,1.0,-1,-1,-1
32,3,716.00,1018.00,402.00,556.00,1.0,-1,-1,-1
32,4,1334.00,1377.00,275.00,274.00,1.0,-1,-1,-1
32,8,2000.00,1041.00,1874.00,1119.00,1.0,-1,-1,-1
33,1,2518.00,994.00,196.00,172.00,1.0,-1,-1,-1
33,2,1900.00,680.00,1919.00,1480.00,1.0,-1,-1,-1
33,3,709.00,1027.00,403.00,557.00,1.0,-1,-1,-1
33,4,1321.00,1393.00,283.00,280.00,1.0,-1,-1,-1
33,8,2002.00,1039.00,1867.00,1121.00,1.0,-1,-1,-1
34,1,2509.00,985.00,195.00,171.00,1.0,-1,-1,-1
34,2,1900.00,680.00,1918.00,1480.00,1.0,-1,-1,-1
34,3,701.00,1033.00,407.00,562.00,1.0,-1,-1,-1
34,4,1318.00,1416.00,284.00,278.00,1.0,-1,-1,-1
34,8,2005.00,1037.00,1861.00,1123.00,1.0,-1,-1,-1
35,1,2498.00,984.00,191.00,167.00,1.0,-1,-1,-1
35,2,1895.00,675.00,1923.00,1485.00,1.0,-1,-1,-1
35,3,695.00,1039.00,410.00,568.00,1.0,-1,-1,-1
35,4,1310.00,1427.00,297.00,289.00,1.0,-1,-1,-1
35,8,2011.00,1038.00,1850.00,1122.00,1.0,-1,-1,-1
36,1,2491.00,981.00,188.00,164.00,1.0,-1,-1,-1
36,2,1895.00,673.00,1923.00,1487.00,1.0,-1,-1,-1
36,3,681.00,1042.00,417.00,577.00,1.0,-1,-1,-1
36,4,1299.00,1450.00,301.00,292.00,1.0,-1,-1,-1
36,8,2014.00,1036.00,1845.00,1124.00,1.0,-1,-1,-1
37,1,2485.00,975.00,185.00,163.00,1.0,-1,-1,-1
37,2,1895.00,674.00,1920.00,1486.00,1.0,-1,-1,-1
37,3,668.00,1045.00,425.00,587.00,1.0,-1,-1,-1
37,4,1292.00,1476.00,304.00,293.00,1.0,-1,-1,-1
37,8,2017.00,1036.00,1839.00,1124.00,1.0,-1,-1,-1
38,1,2477.00,971.00,180.00,158.00,1.0,-1,-1,-1
38,2,1893.00,672.00,1920.00,1488.00,1.0,-1,-1,-1
38,3,655.00,1051.00,433.00,598.00,1.0,-1,-1,-1
38,4,1282.00,1496.00,315.00,299.00,1.0,-1,-1,-1
38,8,2013.00,1029.00,1840.00,1131.00,1.0,-1,-1,-1
38,11,3667.00,1715.00,127.00,379.00,1.0,-1,-1,-1
39,1,2472.00,969.00,176.00,153.00,1.0,-1,-1,-1
39,2,1890.00,676.00,1910.00,1483.00,1.0,-1,-1,-1
39,3,643.00,1058.00,441.00,608.00,1.0,-1,-1,-1
39,4,1269.00,1521.00,320.00,302.00,1.0,-1,-1,-1
39,8,2006.00,1028.00,1830.00,1132.00,1.0,-1,-1,-1
39,11,3642.00,1686.00,128.00,365.00,1.0,-1,-1,-1
40,1,2461.00,963.00,177.00,154.00,1.0,-1,-1,-1
40,2,1887.00,676.00,1906.00,1483.00,1.0,-1,-1,-1
40,3,626.00,1063.00,452.00,622.00,1.0,-1,-1,-1
40,4,1257.00,1542.00,334.00,314.00,1.0,-1,-1,-1
40,8,2009.00,1028.00,1820.00,1132.00,1.0,-1,-1,-1
40,11,3620.00,1663.00,129.00,344.00,1.0,-1,-1,-1
41,1,2451.00,959.00,176.00,153.00,1.0,-1,-1,-1
41,2,1873.00,674.00,1903.00,1485.00,1.0,-1,-1,-1
41,3,619.00,1074.00,453.00,622.00,1.0,-1,-1,-1
41,4,1244.00,1562.00,340.00,319.00,1.0,-1,-1,-1
41,8,2004.00,1024.00,1826.00,1136.00,1.0,-1,-1,-1
41,11,3596.00,1629.00,142.00,352.00,1.0,-1,-1,-1
42,1,2444.00,956.00,174.00,151.00,1.0,-1,-1,-1
42,2,1864.00,676.00,1890.00,1483.00,1.0,-1,-1,-1
42,3,608.00,1082.00,458.00,626.00,1.0,-1,-1,-1
42,4,1233.00,1583.00,350.00,326.00,1.0,-1,-1,-1
42,11,3567.00,1603.00,155.00,345.00,1.0,-1,-1,-1
43,1,2436.00,952.00,173.00,150.00,1.0,-1,-1,-1
43,2,1850.00,681.00,1870.00,1479.00,1.0,-1,-1,-1
43,3,595.00,1088.00,470.00,641.00,1.0,-1,-1,-1
43,4,1214.00,1605.00,369.00,344.00,1.0,-1,-1,-1
43,11,3539.00,1577.00,168.00,337.00,1.0,-1,-1,-1
43,15,1361.00,1402.00,272.00,278.00,1.0,-1,-1,-1
44,1,2427.00,949.00,170.00,146.00,1.0,-1,-1,-1
44,2,1842.00,684.00,1853.00,1476.00,1.0,-1,-1,-1
44,3,572.00,1090.00,486.00,660.00,1.0,-1,-1,-1
44,4,1198.00,1629.00,382.00,355.00,1.0,-1,-1,-1
44,11,3501.00,1558.00,183.00,332.00,1.0,-1,-1,-1
44,15,1356.00,1423.00,276.00,282.00,1.0,-1,-1,-1
45,1,2418.00,944.00,171.00,147.00,1.0,-1,-1,-1
45,2,1863.00,712.00,1811.00,1447.00,1.0,-1,-1,-1
45,3,552.00,1098.00,495.00,668.00,1.0,-1,-1,-1
45,4,1185.00,1658.00,388.00,361.00,1.0,-1,-1,-1
45,11,3457.00,1535.00,194.00,323.00,1.0,-1,-1,-1
45,15,1352.00,1446.00,272.00,278.00,1.0,-1,-1,-1
46,1,2413.00,940.00,168.00,144.00,1.0,-1,-1,-1
46,2,1889.00,746.00,1773.00,1413.00,1.0,-1,-1,-1
46,3,540.00,1104.00,503.00,680.00,1.0,-1,-1,-1
46,4,1163.00,1676.00,407.00,380.00,1.0,-1,-1,-1
46,11,3412.00,1512.00,204.00,315.00,1.0,-1,-1,-1
46,15,1341.00,1464.00,283.00,287.00,1.0,-1,-1,-1
47,1,2402.00,933.00,171.00,146.00,1.0,-1,-1,-1
47,2,1859.00,700.00,1819.00,1459.00,1.0,-1,-1,-1
47,3,527.00,1112.00,508.00,688.00,1.0,-1,-1,-1
47,4,1150.00,1705.00,413.00,386.00,1.0,-1,-1,-1
47,11,3370.00,1487.00,218.00,313.00,1.0,-1,-1,-1
47,15,1331.00,1482.00,296.00,301.00,1.0,-1,-1,-1
48,1,2394.00,928.00,171.00,147.00,1.0,-1,-1,-1
48,2,1864.00,716.00,1800.00,1443.00,1.0,-1,-1,-1
48,3,521.00,1122.00,511.00,693.00,1.0,-1,-1,-1
48,4,1131.00,1734.00,423.00,395.00,1.0,-1,-1,-1
48,11,3329.00,1470.00,228.00,309.00,1.0,-1,-1,-1
48,15,1325.00,1502.00,300.00,304.00,1.0,-1,-1,-1
49,1,2387.00,924.00,173.00,148.00,1.0,-1,-1,-1
49,2,1864.00,719.00,1796.00,1441.00,1.0,-1,-1,-1
49,3,509.00,1132.00,519.00,703.00,1.0,-1,-1,-1
49,4,1122.00,1780.00,408.00,377.00,1.0,-1,-1,-1
49,11,3292.00,1453.00,234.00,301.00,1.0,-1,-1,-1
49,15,1317.00,1526.00,308.00,313.00,1.0,-1,-1,-1
50,1,2378.00,918.00,173.00,149.00,1.0,-1,-1,-1
50,2,1885.00,729.00,1794.00,1431.00,1.0,-1,-1,-1
50,3,485.00,1136.00,532.00,720.00,1.0,-1,-1,-1
50,4,1123.00,1829.00,376.00,338.00,1.0,-1,-1,-1
50,11,3255.00,1434.00,241.00,295.00,1.0,-1,-1,-1
50,15,1310.00,1554.00,314.00,318.00,1.0,-1,-1,-1
51,1,2370.00,911.00,175.00,153.00,1.0,-1,-1,-1
51,2,1884.00,811.00,1697.00,1349.00,1.0,-1,-1,-1
51,3,460.00,1140.00,551.00,744.00,1.0,-1,-1,-1
51,4,1123.00,1862.00,354.00,306.00,1.0,-1,-1,-1
51,11,3219.00,1417.00,244.00,287.00,1.0,-1,-1,-1
51,15,1304.00,1576.00,319.00,324.00,1.0,-1,-1,-1
52,1,2367.00,910.00,171.00,149.00,1.0,-1,-1,-1
52,2,1889.00,851.00,1655.00,1309.00,1.0,-1,-1,-1
52,3,444.00,1146.00,559.00,757.00,1.0,-1,-1,-1
52,4,1115.00,1890.00,351.00,302.00,1.0,-1,-1,-1
52,11,3185.00,1401.00,253.00,286.00,1.0,-1,-1,-1
52,15,1292.00,1601.00,331.00,337.00,1.0,-1,-1,-1
53,1,2367.00,910.00,165.00,144.00,1.0,-1,-1,-1
53,2,1900.00,854.00,1663.00,1306.00,1.0,-1,-1,-1
53,3,434.00,1158.00,564.00,761.00,1.0,-1,-1,-1
53,11,3153.00,1382.00,259.00,284.00,1.0,-1,-1,-1
53,15,1282.00,1632.00,342.00,347.00,1.0,-1,-1,-1
54,1,2359.00,906.00,165.00,144.00,1.0,-1,-1,-1
54,2,1902.00,812.00,1729.00,1348.00,1.0,-1,-1,-1
54,3,420.00,1172.00,570.00,770.00,1.0,-1,-1,-1
54,11,3126.00,1368.00,260.00,277.00,1.0,-1,-1,-1
54,15,1268.00,1660.00,366.00,374.00,1.0,-1,-1,-1
55,1,2349.00,904.00,163.00,142.00,1.0,-1,-1,-1
55,2,1921.00,811.00,1750.00,1349.00,1.0,-1,-1,-1
55,3,398.00,1179.00,582.00,784.00,1.0,-1,-1,-1
55,11,3099.00,1360.00,257.00,266.00,1.0,-1,-1,-1
55,15,1250.00,1683.00,390.00,403.00,1.0,-1,-1,-1
56,1,2346.00,900.00,160.00,140.00,1.0,-1,-1,-1
56,2,1947.00,854.00,1718.00,1306.00,1.0,-1,-1,-1
56,3,374.00,1188.00,599.00,806.00,1.0,-1,-1,-1
56,11,3072.00,1345.00,257.00,259.00,1.0,-1,-1,-1
56,15,1243.00,1713.00,391.00,405.00,1.0,-1,-1,-1
57,1,2340.00,897.00,158.00,138.00,1.0,-1,-1,-1
57,2,1959.00,879.00,1712.00,1281.00,1.0,-1,-1,-1
57,3,348.00,1196.00,612.00,825.00,1.0,-1,-1,-1
57,11,3046.00,1332.00,261.00,258.00,1.0,-1,-1,-1
57,15,1229.00,1749.00,392.00,403.00,1.0,-1,-1,-1
58,1,2331.00,892.00,158.00,138.00,1.0,-1,-1,-1
58,2,1941.00,877.00,1734.00,1283.00,1.0,-1,-1,-1
58,3,333.00,1207.00,621.00,839.00,1.0,-1,-1,-1
58,11,3019.00,1317.00,264.00,257.00,1.0,-1,-1,-1
58,15,1227.00,1781.00,381.00,386.00,1.0,-1,-1,-1
59,1,2324.00,889.00,157.00,136.00,1.0,-1,-1,-1
59,2,1942.00,908.00,1715.00,1252.00,1.0,-1,-1,-1
59,3,320.00,1219.00,623.00,843.00,1.0,-1,-1,-1
59,11,2996.00,1305.00,266.00,253.00,1.0,-1,-1,-1
59,15,1240.00,1823.00,352.00,348.00,1.0,-1,-1,-1
60,1,2319.00,887.00,155.00,133.00,1.0,-1,-1,-1
60,2,1926.00,890.00,1756.00,1270.00,1.0,-1,-1,-1
60,3,297.00,1225.00,635.00,858.00,1.0,-1,-1,-1
60,11,2977.00,1291.00,262.00,246.00,1.0,-1,-1,-1
60,15,1249.00,1859.00,329.00,313.00,1.0,-1,-1,-1
61,1,2312.00,883.00,155.00,134.00,1.0,-1,-1,-1
61,2,1906.00,879.00,1784.00,1281.00,1.0,-1,-1,-1
61,3,274.00,1232.00,648.00,874.00,1.0,-1,-1,-1
61,11,2954.00,1280.00,260.00,243.00,1.0,-1,-1,-1
61,15,1245.00,1886.00,327.00,312.00,1.0,-1,-1,-1
62,1,2306.00,880.00,155.00,133.00,1.0,-1,-1,-1
62,2,1906.00,900.00,1771.00,1260.00,1.0,-1,-1,-1
62,3,259.00,1243.00,656.00,889.00,1.0,-1,-1,-1
62,11,2929.00,1263.00,266.00,245.00,1.0,-1,-1,-1
63,1,2300.00,876.00,155.00,133.00,1.0,-1,-1,-1
63,2,1903.00,909.00,1771.00,1251.00,1.0,-1,-1,-1
63,3,244.00,1259.00,657.00,888.00,1.0,-1,-1,-1
63,11,2908.00,1251.00,265.00,242.00,1.0,-1,-1,-1
64,1,2297.00,876.00,151.00,131.00,1.0,-1,-1,-1
64,2,1930.00,926.00,1763.00,1233.00,1.0,-1,-1,-1
64,3,234.00,1271.00,647.00,872.00,1.0,-1,-1,-1
64,11,2892.00,1243.00,262.00,237.00,1.0,-1,-1,-1
65,1,2292.00,871.00,149.00,130.00,1.0,-1,-1,-1
65,2,1940.00,918.00,1784.00,1241.00,1.0,-1,-1,-1
65,3,210.00,1284.00,648.00,868.00,1.0,-1,-1,-1
65,11,2876.00,1237.00,254.00,227.00,1.0,-1,-1,-1
65,19,1878.00,782.00,1412.00,1369.00,1.0,-1,-1,-1
66,1,2286.00,866.00,148.00,129.00,1.0,-1,-1,-1
66,2,1932.00,895.00,1823.00,1263.00,1.0,-1,-1,-1
66,3,198.00,1298.00,639.00,848.00,1.0,-1,-1,-1
66,11,2858.00,1228.00,252.00,224.00,1.0,-1,-1,-1
66,19,1886.00,775.00,1419.00,1375.00,1.0,-1,-1,-1
67,1,2281.00,865.00,147.00,126.00,1.0,-1,-1,-1
67,2,1910.00,862.00,1872.00,1296.00,1.0,-1,-1,-1
67,3,179.00,1310.00,637.00,833.00,1.0,-1,-1,-1
67,11,2837.00,1217.00,250.00,220.00,1.0,-1,-1,-1
68,1,2277.00,861.00,145.00,125.00,1.0,-1,-1,-1
68,2,1880.00,808.00,1941.00,1350.00,1.0,-1,-1,-1
68,3,156.00,1322.00,641.00,826.00,1.0,-1,-1,-1
68,8,2082.00,1079.00,1741.00,1081.00,1.0,-1,-1,-1
68,11,2825.00,1209.00,244.00,213.00,1.0,-1,-1,-1
69,1,2274.00,857.00,145.00,127.00,1.0,-1,-1,-1
69,2,1848.00,758.00,2002.00,1399.00,1.0,-1,-1,-1
69,3,136.00,1333.00,643.00,821.00,1.0,-1,-1,-1
69,8,2085.00,1081.00,1738.00,1079.00,1.0,-1,-1,-1
69,11,2808.00,1200.00,245.00,212.00,1.0,-1,-1,-1
70,1,2271.00,856.00,144.00,125.00,1.0,-1,-1,-1
70,2,1863.00,771.00,1977.00,1386.00,1.0,-1,-1,-1
70,3,118.00,1348.00,641.00,806.00,1.0,-1,-1,-1
70,11,2787.00,1187.00,249.00,215.00,1.0,-1,-1,-1
71,1,2264.00,852.00,143.00,125.00,1.0,-1,-1,-1
71,2,1912.00,835.00,1892.00,1322.00,1.0,-1,-1,-1
71,3,97.00,1363.00,637.00,785.00,1.0,-1,-1,-1
71,11,2773.00,1179.00,245.00,210.00,1.0,-1,-1,-1
72,1,2257.00,850.00,143.00,125.00,1.0,-1,-1,-1
72,2,1976.00,868.00,1844.00,1291.00,1.0,-1,-1,-1
72,3,72.00,1373.00,645.00,781.00,1.0,-1,-1,-1
72,11,2763.00,1172.00,240.00,205.00,1.0,-1,-1,-1
73,1,2249.00,845.00,145.00,128.00,1.0,-1,-1,-1
73,2,2008.00,887.00,1815.00,1272.00,1.0,-1,-1,-1
73,3,55.00,1393.00,643.00,764.00,1.0,-1,-1,-1
73,11,2750.00,1164.00,235.00,201.00,1.0,-1,-1,-1
74,1,2247.00,845.00,142.00,124.00,1.0,-1,-1,-1
74,2,2024.00,895.00,1801.00,1264.00,1.0,-1,-1,-1
74,3,46.00,1411.00,642.00,749.00,1.0,-1,-1,-1
74,11,2729.00,1154.00,239.00,202.00,1.0,-1,-1,-1
75,1,2243.00,845.00,140.00,121.00,1.0,-1,-1,-1
75,2,2028.00,898.00,1797.00,1261.00,1.0,-1,-1,-1
75,3,37.00,1432.00,633.00,729.00,1.0,-1,-1,-1
75,11,2718.00,1151.00,230.00,194.00,1.0,-1,-1,-1
76,1,2236.00,841.00,139.00,120.00,1.0,-1,-1,-1
76,2,2019.00,882.00,1814.00,1277.00,1.0,-1,-1,-1
76,3,37.00,1455.00,619.00,701.00,1.0,-1,-1,-1
76,11,2705.00,1142.00,227.00,190.00,1.0,-1,-1,-1
77,1,2232.00,839.00,140.00,121.00,1.0,-1,-1,-1
77,2,2018.00,881.00,1814.00,1279.00,1.0,-1,-1,-1
77,3,32.00,1469.00,614.00,688.00,1.0,-1,-1,-1
77,11,2695.00,1136.00,224.00,187.00,1.0,-1,-1,-1
78,1,2230.00,838.00,137.00,118.00,1.0,-1,-1,-1
78,2,2024.00,885.00,1806.00,1275.00,1.0,-1,-1,-1
78,3,28.00,1486.00,604.00,669.00,1.0,-1,-1,-1
78,11,2678.00,1124.00,227.00,189.00,1.0,-1,-1,-1
79,1,2228.00,835.00,138.00,117.00,1.0,-1,-1,-1
79,2,2023.00,880.00,1810.00,1280.00,1.0,-1,-1,-1
79,3,26.00,1507.00,593.00,652.00,1.0,-1,-1,-1
79,11,2664.00,1113.00,231.00,193.00,1.0,-1,-1,-1
80,1,2225.00,831.00,138.00,118.00,1.0,-1,-1,-1
80,2,2027.00,886.00,1800.00,1274.00,1.0,-1,-1,-1
80,3,17.00,1523.00,583.00,637.00,1.0,-1,-1,-1
80,11,2654.00,1103.00,229.00,191.00,1.0,-1,-1,-1
81,1,2221.00,828.00,137.00,117.00,1.0,-1,-1,-1
81,2,1956.00,871.00,1828.00,1289.00,1.0,-1,-1,-1
81,3,17.00,1545.00,567.00,614.00,1.0,-1,-1,-1
81,11,2645.00,1097.00,225.00,189.00,1.0,-1,-1,-1
82,1,2211.00,822.00,139.00,120.00,1.0,-1,-1,-1
82,2,2029.00,923.00,1761.00,1237.00,1.0,-1,-1,-1
82,3,14.00,1567.00,549.00,590.00,1.0,-1,-1,-1
82,11,2633.00,1090.00,221.00,187.00,1.0,-1,-1,-1
83,1,2209.00,821.00,133.00,116.00,1.0,-1,-1,-1
83,2,2055.00,947.00,1735.00,1213.00,1.0,-1,-1,-1
83,3,16.00,1594.00,528.00,566.00,1.0,-1,-1,-1
83,11,2625.00,1086.00,215.00,181.00,1.0,-1,-1,-1
84,1,2208.00,821.00,130.00,112.00,1.0,-1,-1,-1
84,2,2042.00,927.00,1766.00,1233.00,1.0,-1,-1,-1
84,3,12.00,1613.00,513.00,549.00,1.0,-1,-1,-1
84,11,2613.00,1078.00,214.00,181.00,1.0,-1,-1,-1
84,21,1462.00,600.00,110.00,102.00,1.0,-1,-1,-1
85,1,2204.00,821.00,129.00,112.00,1.0,-1,-1,-1
85,2,2023.00,897.00,1806.00,1263.00,1.0,-1,-1,-1
85,11,2604.00,1070.00,213.00,179.00,1.0,-1,-1,-1
85,21,1461.00,600.00,111.00,102.00,1.0,-1,-1,-1
86,1,2200.00,818.00,128.00,112.00,1.0,-1,-1,-1
86,2,2011.00,890.00,1816.00,1270.00,1.0,-1,-1,-1
86,11,2593.00,1068.00,208.00,175.00,1.0,-1,-1,-1
87,1,2197.00,818.00,127.00,110.00,1.0,-1,-1,-1
87,2,1996.00,878.00,1833.00,1282.00,1.0,-1,-1,-1
87,11,2585.00,1066.00,202.00,170.00,1.0,-1,-1,-1
87,21,1461.00,599.00,111.00,102.00,1.0,-1,-1,-1
88,1,2192.00,818.00,125.00,109.00,1.0,-1,-1,-1
88,2,1997.00,885.00,1825.00,1275.00,1.0,-1,-1,-1
88,11,2575.00,1059.00,197.00,166.00,1.0,-1,-1,-1
88,21,1460.00,598.00,112.00,102.00,1.0,-1,-1,-1
89,1,2188.00,818.00,126.00,109.00,1.0,-1,-1,-1
89,2,2001.00,906.00,1803.00,1254.00,1.0,-1,-1,-1
89,11,2567.00,1054.00,195.00,164.00,1.0,-1,-1,-1
90,1,2184.00,814.00,123.00,107.00,1.0,-1,-1,-1
90,2,1896.00,821.00,1922.00,1338.00,1.0,-1,-1,-1
90,11,2559.00,1046.00,196.00,165.00,1.0,-1,-1,-1
91,1,2179.00,808.00,127.00,111.00,1.0,-1,-1,-1
91,2,1948.00,863.00,1865.00,1296.00,1.0,-1,-1,-1
91,11,2548.00,1043.00,189.00,158.00,1.0,-1,-1,-1
91,21,1455.00,600.00,112.00,103.00,1.0,-1,-1,-1
92,1,2175.00,800.00,128.00,114.00,1.0,-1,-1,-1
92,2,1978.00,898.00,1823.00,1261.00,1.0,-1,-1,-1
92,11,2540.00,1039.00,186.00,156.00,1.0,-1,-1,-1
92,21,1455.00,600.00,112.00,103.00,1.0,-1,-1,-1
93,1,2171.00,797.00,127.00,114.00,1.0,-1,-1,-1
93,2,1986.00,915.00,1807.00,1244.00,1.0,-1,-1,-1
93,11,2530.00,1033.00,186.00,155.00,1.0,-1,-1,-1
94,2,1986.00,926.00,1801.00,1233.00,1.0,-1,-1,-1
94,11,2522.00,1026.00,182.00,151.00,1.0,-1,-1,-1
95,2,1975.00,913.00,1824.00,1247.00,1.0,-1,-1,-1
95,11,2513.00,1021.00,183.00,152.00,1.0,-1,-1,-1
96,1,2166.00,801.00,115.00,102.00,1.0,-1,-1,-1
96,2,1907.00,839.00,1925.00,1321.00,1.0,-1,-1,-1
96,11,2503.00,1019.00,181.00,149.00,1.0,-1,-1,-1
97,1,2162.00,799.00,115.00,101.00,1.0,-1,-1,-1
97,2,1903.00,834.00,1929.00,1326.00,1.0,-1,-1,-1
97,11,2493.00,1013.00,183.00,151.00,1.0,-1,-1,-1
98,2,1895.00,824.00,1940.00,1336.00,1.0,-1,-1,-1
98,11,2484.00,1008.00,184.00,150.00,1.0,-1,-1,-1
99,2,1898.00,823.00,1937.00,1337.00,1.0,-1,-1,-1
99,11,2474.00,998.00,185.00,152.00,1.0,-1,-1,-1
100,2,1914.00,842.00,1910.00,1318.00,1.0,-1,-1,-1
100,11,2466.00,992.00,185.00,152.00,1.0,-1,-1,-1
101,2,1930.00,848.00,1898.00,1312.00,1.0,-1,-1,-1
101,11,2460.00,987.00,182.00,150.00,1.0,-1,-1,-1
102,2,1932.00,848.00,1895.00,1312.00,1.0,-1,-1,-1
102,11,2452.00,979.00,182.00,151.00,1.0,-1,-1,-1
103,1,2141.00,783.00,118.00,105.00,1.0,-1,-1,-1
103,2,1939.00,852.00,1888.00,1308.00,1.0,-1,-1,-1
103,11,2446.00,973.00,181.00,151.00,1.0,-1,-1,-1
104,1,2135.00,778.00,122.00,111.00,1.0,-1,-1,-1
104,2,1908.00,810.00,1940.00,1350.00,1.0,-1,-1,-1
104,11,2438.00,971.00,180.00,151.00,1.0,-1,-1,-1
105,1,2130.00,772.00,123.00,115.00,1.0,-1,-1,-1
105,2,1901.00,794.00,1954.00,1366.00,1.0,-1,-1,-1
105,11,2432.00,971.00,171.00,143.00,1.0,-1,-1,-1
106,1,2128.00,770.00,122.00,115.00,1.0,-1,-1,-1
106,2,1888.00,775.00,1971.00,1385.00,1.0,-1,-1,-1
106,11,2423.00,966.00,170.00,142.00,1.0,-1,-1,-1
106,21,1454.00,603.00,109.00,103.00,1.0,-1,-1,-1
107,1,2127.00,767.00,120.00,116.00,1.0,-1,-1,-1
107,2,1906.00,794.00,1941.00,1366.00,1.0,-1,-1,-1
107,11,2416.00,958.00,169.00,143.00,1.0,-1,-1,-1
107,21,1454.00,604.00,108.00,102.00,1.0,-1,-1,-1
108,1,2127.00,769.00,112.00,108.00,1.0,-1,-1,-1
108,2,1933.00,829.00,1892.00,1331.00,1.0,-1,-1,-1
108,11,2410.00,957.00,166.00,139.00,1.0,-1,-1,-1
109,1,2126.00,766.00,114.00,111.00,1.0,-1,-1,-1
109,2,1920.00,776.00,1951.00,1384.00,1.0,-1,-1,-1
109,11,2402.00,952.00,164.00,137.00,1.0,-1,-1,-1
110,1,2123.00,763.00,114.00,112.00,1.0,-1,-1,-1
110,2,1899.00,732.00,1997.00,1428.00,1.0,-1,-1,-1
110,11,2395.00,948.00,162.00,135.00,1.0,-1,-1,-1
111,1,2122.00,770.00,104.00,101.00,1.0,-1,-1,-1
111,2,1978.00,864.00,1830.00,1296.00,1.0,-1,-1,-1
111,11,2389.00,945.00,163.00,135.00,1.0,-1,-1,-1
112,1,2119.00,768.00,104.00,101.00,1.0,-1,-1,-1
112,2,2004.00,919.00,1768.00,1241.00,1.0,-1,-1,-1
112,11,2388.00,944.00,157.00,131.00,1.0,-1,-1,-1
113,2,2015.00,935.00,1758.00,1225.00,1.0,-1,-1,-1
113,11,2377.00,936.00,166.00,138.00,1.0,-1,-1,-1
114,1,2112.00,767.00,103.00,99.00,1.0,-1,-1,-1
114,2,2015.00,943.00,1758.00,1217.00,1.0,-1,-1,-1
114,11,2372.00,934.00,163.00,135.00,1.0,-1,-1,-1
115,1,2109.00,766.00,102.00,98.00,1.0,-1,-1,-1
115,2,2004.00,934.00,1779.00,1226.00,1.0,-1,-1,-1
115,11,2369.00,934.00,157.00,130.00,1.0,-1,-1,-1
116,2,2000.00,936.00,1786.00,1224.00,1.0,-1,-1,-1
116,11,2363.00,930.00,155.00,129.00,1.0,-1,-1,-1
117,2,1996.00,941.00,1787.00,1219.00,1.0,-1,-1,-1
117,11,2355.00,927.00,152.00,127.00,1.0,-1,-1,-1
118,2,1996.00,950.00,1786.00,1210.00,1.0,-1,-1,-1
118,11,2349.00,923.00,152.00,127.00,1.0,-1,-1,-1
119,2,1997.00,955.00,1786.00,1205.00,1.0,-1,-1,-1
119,11,2344.00,918.00,154.00,128.00,1.0,-1,-1,-1
120,2,1987.00,944.00,1809.00,1216.00,1.0,-1,-1,-1
120,11,2337.00,914.00,153.00,127.00,1.0,-1,-1,-1
121,2,1979.00,944.00,1816.00,1216.00,1.0,-1,-1,-1
121,11,2330.00,910.00,152.00,127.00,1.0,-1,-1,-1
122,2,1973.00,947.00,1820.00,1213.00,1.0,-1,-1,-1
122,11,2326.00,911.00,148.00,122.00,1.0,-1,-1,-1
123,2,1968.00,942.00,1833.00,1218.00,1.0,-1,-1,-1
123,11,2320.00,907.00,146.00,121.00,1.0,-1,-1,-1
123,26,864.00,977.00,51.00,121.00,1.0,-1,-1,-1
124,2,1960.00,935.00,1847.00,1225.00,1.0,-1,-1,-1
124,11,2317.00,903.00,147.00,122.00,1.0,-1,-1,-1
124,26,864.00,977.00,51.00,121.00,1.0,-1,-1,-1
125,2,1952.00,924.00,1866.00,1236.00,1.0,-1,-1,-1
125,11,2311.00,899.00,145.00,122.00,1.0,-1,-1,-1
125,26,864.00,978.00,51.00,120.00,1.0,-1,-1,-1
126,2,1952.00,921.00,1871.00,1239.00,1.0,-1,-1,-1
126,11,2310.00,897.00,142.00,119.00,1.0,-1,-1,-1
127,2,1951.00,917.00,1877.00,1243.00,1.0,-1,-1,-1
127,11,2305.00,894.00,140.00,117.00,1.0,-1,-1,-1
128,2,1951.00,919.00,1875.00,1241.00,1.0,-1,-1,-1
129,1,2083.00,748.00,89.00,85.00,1.0,-1,-1,-1
129,2,1947.00,909.00,1888.00,1251.00,1.0,-1,-1,-1
129,11,2294.00,887.00,135.00,112.00,1.0,-1,-1,-1
130,1,2081.00,747.00,88.00,83.00,1.0,-1,-1,-1
130,2,1951.00,910.00,1885.00,1250.00,1.0,-1,-1,-1
130,11,2289.00,883.00,133.00,111.00,1.0,-1,-1,-1
131,2,1954.00,910.00,1884.00,1250.00,1.0,-1,-1,-1
132,2,1956.00,911.00,1881.00,1249.00,1.0,-1,-1,-1
133,2,1957.00,909.00,1883.00,1251.00,1.0,-1,-1,-1
134,1,2067.00,742.00,95.00,90.00,1.0,-1,-1,-1
134,2,1955.00,906.00,1885.00,1254.00,1.0,-1,-1,-1
135,1,2064.00,741.00,96.00,89.00,1.0,-1,-1,-1
135,2,1953.00,903.00,1887.00,1257.00,1.0,-1,-1,-1
136,2,1956.00,905.00,1883.00,1255.00,1.0,-1,-1,-1
137,2,1946.00,892.00,1900.00,1268.00,1.0,-1,-1,-1
137,26,863.00,977.00,52.00,121.00,1.0,-1,-1,-1
138,2,1946.00,891.00,1899.00,1269.00,1.0,-1,-1,-1
138,26,863.00,977.00,51.00,121.00,1.0,-1,-1,-1
139,2,1937.00,875.00,1916.00,1285.00,1.0,-1,-1,-1
139,26,863.00,976.00,51.00,122.00,1.0,-1,-1,-1
140,2,1937.00,872.00,1916.00,1288.00,1.0,-1,-1,-1
140,26,863.00,976.00,51.00,122.00,1.0,-1,-1,-1
141,2,1941.00,872.00,1912.00,1288.00,1.0,-1,-1,-1
141,26,863.00,977.00,51.00,121.00,1.0,-1,-1,-1
142,2,1939.00,871.00,1910.00,1289.00,1.0,-1,-1,-1
142,26,864.00,977.00,50.00,120.00,1.0,-1,-1,-1
143,2,1948.00,874.00,1902.00,1286.00,1.0,-1,-1,-1
143,11,2229.00,851.00,129.00,108.00,1.0,-1,-1,-1
143,26,864.00,977.00,50.00,120.00,1.0,-1,-1,-1
144,2,1943.00,870.00,1905.00,1290.00,1.0,-1,-1,-1
144,11,2224.00,849.00,128.00,107.00,1.0,-1,-1,-1
144,26,864.00,977.00,50.00,120.00,1.0,-1,-1,-1
145,1,2039.00,717.00,99.00,98.00,1.0,-1,-1,-1
145,2,1949.00,866.00,1905.00,1294.00,1.0,-1,-1,-1
145,26,864.00,977.00,50.00,120.00,1.0,-1,-1,-1
146,1,2038.00,718.00,96.00,98.00,1.0,-1,-1,-1
146,2,1945.00,860.00,1910.00,1300.00,1.0,-1,-1,-1
147,1,2037.00,715.00,90.00,94.00,1.0,-1,-1,-1
147,2,1934.00,845.00,1925.00,1315.00,1.0,-1,-1,-1
148,1,2035.00,713.00,90.00,95.00,1.0,-1,-1,-1
148,2,1938.00,844.00,1921.00,1316.00,1.0,-1,-1,-1
149,1,2038.00,715.00,87.00,94.00,1.0,-1,-1,-1
149,2,1937.00,838.00,1923.00,1322.00,1.0,-1,-1,-1
150,1,2038.00,715.00,87.00,94.00,1.0,-1,-1,-1
150,2,1943.00,840.00,1916.00,1320.00,1.0,-1,-1,-1
151,1,2036.00,714.00,87.00,93.00,1.0,-1,-1,-1
151,2,1946.00,840.00,1910.00,1320.00,1.0,-1,-1,-1
151,11,2202.00,823.00,127.00,111.00,1.0,-1,-1,-1
152,2,1930.00,831.00,1920.00,1329.00,1.0,-1,-1,-1
152,11,2198.00,820.00,127.00,110.00,1.0,-1,-1,-1
153,1,2036.00,709.00,83.00,90.00,1.0,-1,-1,-1
153,2,1937.00,834.00,1912.00,1326.00,1.0,-1,-1,-1
153,11,2196.00,819.00,123.00,111.00,1.0,-1,-1,-1
154,1,2034.00,707.00,84.00,90.00,1.0,-1,-1,-1
154,2,1944.00,838.00,1903.00,1322.00,1.0,-1,-1,-1
154,11,2192.00,818.00,122.00,112.00,1.0,-1,-1,-1
155,1,2031.00,710.00,83.00,88.00,1.0,-1,-1,-1
155,2,1945.00,839.00,1899.00,1321.00,1.0,-1,-1,-1
155,11,2190.00,816.00,121.00,113.00,1.0,-1,-1,-1
156,1,2030.00,709.00,82.00,87.00,1.0,-1,-1,-1
156,2,1942.00,833.00,1904.00,1327.00,1.0,-1,-1,-1
156,11,2190.00,813.00,117.00,111.00,1.0,-1,-1,-1
157,1,2027.00,704.00,85.00,89.00,1.0,-1,-1,-1
157,2,1939.00,825.00,1910.00,1335.00,1.0,-1,-1,-1
157,11,2188.00,810.00,115.00,111.00,1.0,-1,-1,-1
158,1,2026.00,703.00,84.00,88.00,1.0,-1,-1,-1
158,2,1942.00,823.00,1909.00,1337.00,1.0,-1,-1,-1
158,11,2185.00,807.00,115.00,112.00,1.0,-1,-1,-1
159,2,1945.00,824.00,1904.00,1336.00,1.0,-1,-1,-1
159,11,2183.00,804.00,114.00,112.00,1.0,-1,-1,-1
160,2,1943.00,816.00,1910.00,1344.00,1.0,-1,-1,-1
160,11,2180.00,803.00,110.00,110.00,1.0,-1,-1,-1
161,2,1947.00,815.00,1907.00,1345.00,1.0,-1,-1,-1
161,11,2177.00,805.00,107.00,107.00,1.0,-1,-1,-1
162,1,2015.00,701.00,83.00,88.00,1.0,-1,-1,-1
162,2,1950.00,818.00,1899.00,1342.00,1.0,-1,-1,-1
162,11,2176.00,801.00,104.00,105.00,1.0,-1,-1,-1
163,1,2014.00,700.00,83.00,88.00,1.0,-1,-1,-1
163,2,1953.00,816.00,1898.00,1344.00,1.0,-1,-1,-1
163,11,2171.00,801.00,102.00,102.00,1.0,-1,-1,-1
164,1,2014.00,699.00,79.00,85.00,1.0,-1,-1,-1
164,2,1949.00,813.00,1898.00,1347.00,1.0,-1,-1,-1
164,11,2168.00,799.00,101.00,101.00,1.0,-1,-1,-1
164,28,1278.00,907.00,172.00,122.00,1.0,-1,-1,-1
165,1,2012.00,698.00,79.00,85.00,1.0,-1,-1,-1
165,2,1944.00,798.00,1913.00,1362.00,1.0,-1,-1,-1
165,28,1273.00,908.00,178.00,127.00,1.0,-1,-1,-1
166,1,2008.00,696.00,81.00,87.00,1.0,-1,-1,-1
166,2,1945.00,795.00,1912.00,1365.00,1.0,-1,-1,-1
166,28,1271.00,909.00,181.00,130.00,1.0,-1,-1,-1
167,1,2007.00,696.00,82.00,89.00,1.0,-1,-1,-1
167,2,1938.00,782.00,1922.00,1378.00,1.0,-1,-1,-1
167,28,1269.00,910.00,186.00,134.00,1.0,-1,-1,-1
168,1,2005.00,695.00,82.00,89.00,1.0,-1,-1,-1
168,2,1932.00,774.00,1928.00,1386.00,1.0,-1,-1,-1
168,28,1266.00,912.00,188.00,136.00,1.0,-1,-1,-1
169,2,1931.00,769.00,1929.00,1391.00,1.0,-1,-1,-1
169,28,1266.00,915.00,188.00,136.00,1.0,-1,-1,-1
170,2,1935.00,769.00,1923.00,1391.00,1.0,-1,-1,-1
170,28,1263.00,916.00,188.00,137.00,1.0,-1,-1,-1
171,2,1939.00,771.00,1916.00,1389.00,1.0,-1,-1,-1
171,28,1258.00,918.00,191.00,140.00,1.0,-1,-1,-1
172,2,1947.00,775.00,1906.00,1385.00,1.0,-1,-1,-1
172,28,1256.00,921.00,190.00,140.00,1.0,-1,-1,-1
173,2,1951.00,775.00,1901.00,1385.00,1.0,-1,-1,-1
173,28,1253.00,920.00,193.00,144.00,1.0,-1,-1,-1
174,2,1947.00,770.00,1904.00,1390.00,1.0,-1,-1,-1
174,28,1255.00,924.00,192.00,144.00,1.0,-1,-1,-1
175,2,1951.00,774.00,1896.00,1386.00,1.0,-1,-1,-1
175,28,1252.00,929.00,193.00,144.00,1.0,-1,-1,-1
176,2,1952.00,773.00,1894.00,1387.00,1.0,-1,-1,-1
176,11,2130.00,778.00,96.00,98.00,1.0,-1,-1,-1
176,28,1249.00,931.00,195.00,146.00,1.0,-1,-1,-1
177,2,1953.00,773.00,1892.00,1387.00,1.0,-1,-1,-1
177,11,2128.00,777.00,92.00,94.00,1.0,-1,-1,-1
177,29,863.00,977.00,53.00,123.00,1.0,-1,-1,-1
178,2,1956.00,773.00,1889.00,1387.00,1.0,-1,-1,-1
178,11,2125.00,776.00,92.00,92.00,1.0,-1,-1,-1
178,28,1244.00,960.00,179.00,135.00,1.0,-1,-1,-1
178,29,863.00,977.00,53.00,123.00,1.0,-1,-1,-1
179,2,1959.00,774.00,1885.00,1386.00,1.0,-1,-1,-1
179,11,2121.00,775.00,94.00,95.00,1.0,-1,-1,-1
179,28,1237.00,967.00,179.00,135.00,1.0,-1,-1,-1
179,29,863.00,977.00,53.00,123.00,1.0,-1,-1,-1
180,2,1962.00,775.00,1880.00,1385.00,1.0,-1,-1,-1
180,11,2118.00,774.00,93.00,93.00,1.0,-1,-1,-1
180,28,1233.00,971.00,180.00,137.00,1.0,-1,-1,-1
180,29,863.00,977.00,53.00,123.00,1.0,-1,-1,-1
181,2,1959.00,772.00,1882.00,1388.00,1.0,-1,-1,-1
181,29,863.00,977.00,53.00,123.00,1.0,-1,-1,-1
182,2,1960.00,772.00,1881.00,1388.00,1.0,-1,-1,-1
182,11,2110.00,773.00,94.00,94.00,1.0,-1,-1,-1
182,29,863.00,977.00,53.00,124.00,1.0,-1,-1,-1
183,2,1961.00,772.00,1879.00,1388.00,1.0,-1,-1,-1
183,11,2107.00,772.00,94.00,93.00,1.0,-1,-1,-1
183,29,863.00,977.00,53.00,124.00,1.0,-1,-1,-1
184,1,1974.00,678.00,72.00,85.00,1.0,-1,-1,-1
184,2,1961.00,769.00,1881.00,1391.00,1.0,-1,-1,-1
184,28,1223.00,990.00,179.00,137.00,1.0,-1,-1,-1
184,29,863.00,977.00,53.00,124.00,1.0,-1,-1,-1
185,1,1975.00,678.00,68.00,85.00,1.0,-1,-1,-1
185,2,1959.00,765.00,1883.00,1395.00,1.0,-1,-1,-1
185,28,1216.00,992.00,183.00,141.00,1.0,-1,-1,-1
185,29,863.00,976.00,53.00,125.00,1.0,-1,-1,-1
186,1,1976.00,677.00,67.00,87.00,1.0,-1,-1,-1
186,2,1961.00,769.00,1877.00,1391.00,1.0,-1,-1,-1
186,28,1212.00,997.00,184.00,141.00,1.0,-1,-1,-1
186,29,863.00,976.00,53.00,125.00,1.0,-1,-1,-1
187,1,1976.00,675.00,67.00,88.00,1.0,-1,-1,-1
187,2,1966.00,773.00,1870.00,1387.00,1.0,-1,-1,-1
187,28,1209.00,1010.00,182.00,139.00,1.0,-1,-1,-1
187,29,863.00,976.00,54.00,125.00,1.0,-1,-1,-1
188,1,1973.00,672.00,65.00,88.00,1.0,-1,-1,-1
188,2,1963.00,767.00,1876.00,1393.00,1.0,-1,-1,-1
188,28,1206.00,1015.00,182.00,140.00,1.0,-1,-1,-1
188,29,863.00,976.00,54.00,126.00,1.0,-1,-1,-1
189,1,1973.00,672.00,62.00,85.00,1.0,-1,-1,-1
189,2,1960.00,764.00,1877.00,1396.00,1.0,-1,-1,-1
189,28,1199.00,1016.00,188.00,144.00,1.0,-1,-1,-1
190,1,1975.00,671.00,61.00,83.00,1.0,-1,-1,-1
190,2,1961.00,764.00,1876.00,1396.00,1.0,-1,-1,-1
190,28,1194.00,1019.00,190.00,145.00,1.0,-1,-1,-1
191,1,1975.00,671.00,62.00,84.00,1.0,-1,-1,-1
191,2,1958.00,761.00,1878.00,1399.00,1.0,-1,-1,-1
191,11,2097.00,759.00,87.00,88.00,1.0,-1,-1,-1
191,28,1188.00,1023.00,192.00,147.00,1.0,-1,-1,-1
192,1,1974.00,671.00,62.00,87.00,1.0,-1,-1,-1
192,2,1960.00,762.00,1877.00,1398.00,1.0,-1,-1,-1
192,11,2095.00,757.00,87.00,88.00,1.0,-1,-1,-1
192,28,1186.00,1027.00,192.00,148.00,1.0,-1,-1,-1
193,1,1972.00,669.00,62.00,87.00,1.0,-1,-1,-1
193,2,1964.00,765.00,1871.00,1395.00,1.0,-1,-1,-1
193,28,1181.00,1032.00,195.00,151.00,1.0,-1,-1,-1
194,1,1971.00,666.00,62.00,88.00,1.0,-1,-1,-1
194,2,1965.00,765.00,1870.00,1395.00,1.0,-1,-1,-1
194,11,2086.00,753.00,89.00,87.00,1.0,-1,-1,-1
194,28,1178.00,1036.00,196.00,153.00,1.0,-1,-1,-1
195,1,1970.00,664.00,62.00,88.00,1.0,-1,-1,-1
195,2,1965.00,762.00,1871.00,1398.00,1.0,-1,-1,-1
195,11,2084.00,751.00,88.00,87.00,1.0,-1,-1,-1
195,28,1172.00,1041.00,199.00,156.00,1.0,-1,-1,-1
196,1,1969.00,664.00,62.00,88.00,1.0,-1,-1,-1
196,2,1966.00,764.00,1868.00,1396.00,1.0,-1,-1,-1
196,28,1168.00,1047.00,200.00,157.00,1.0,-1,-1,-1
197,1,1970.00,665.00,62.00,88.00,1.0,-1,-1,-1
197,2,1969.00,768.00,1863.00,1392.00,1.0,-1,-1,-1
197,28,1163.00,1052.00,201.00,159.00,1.0,-1,-1,-1
198,1,1970.00,664.00,60.00,86.00,1.0,-1,-1,-1
198,2,1966.00,763.00,1868.00,1397.00,1.0,-1,-1,-1
198,28,1160.00,1057.00,200.00,158.00,1.0,-1,-1,-1
198,31,1418.00,670.00,114.00,117.00,1.0,-1,-1,-1
199,1,1968.00,664.00,61.00,85.00,1.0,-1,-1,-1
199,2,1965.00,761.00,1869.00,1399.00,1.0,-1,-1,-1
199,28,1156.00,1064.00,203.00,161.00,1.0,-1,-1,-1
199,31,1417.00,672.00,114.00,117.00,1.0,-1,-1,-1
200,1,1967.00,664.00,61.00,85.00,1.0,-1,-1,-1
200,2,1964.00,759.00,1871.00,1401.00,1.0,-1,-1,-1
200,28,1150.00,1071.00,208.00,165.00,1.0,-1,-1,-1
200,31,1434.00,679.00,114.00,114.00,1.0,-1,-1,-1
201,1,1967.00,663.00,61.00,82.00,1.0,-1,-1,-1
201,2,1965.00,759.00,1870.00,1401.00,1.0,-1,-1,-1
201,28,1144.00,1077.00,213.00,169.00,1.0,-1,-1,-1
201,31,1438.00,681.00,114.00,113.00,1.0,-1,-1,-1
202,1,1967.00,664.00,60.00,80.00,1.0,-1,-1,-1
202,2,1966.00,760.00,1868.00,1400.00,1.0,-1,-1,-1
202,28,1140.00,1084.00,212.00,169.00,1.0,-1,-1,-1
203,1,1967.00,663.00,61.00,81.00,1.0,-1,-1,-1
203,2,1962.00,757.00,1872.00,1403.00,1.0,-1,-1,-1
203,28,1134.00,1089.00,214.00,170.00,1.0,-1,-1,-1
204,1,1964.00,662.00,62.00,83.00,1.0,-1,-1,-1
204,2,1957.00,752.00,1878.00,1408.00,1.0,-1,-1,-1
204,28,1130.00,1098.00,212.00,168.00,1.0,-1,-1,-1
204,31,1430.00,672.00,124.00,122.00,1.0,-1,-1,-1
204,34,1407.00,604.00,167.00,99.00,1.0,-1,-1,-1
205,1,1963.00,661.00,62.00,83.00,1.0,-1,-1,-1
205,2,1957.00,750.00,1880.00,1410.00,1.0,-1,-1,-1
205,28,1126.00,1101.00,216.00,172.00,1.0,-1,-1,-1
205,31,1432.00,676.00,128.00,123.00,1.0,-1,-1,-1
205,34,1410.00,604.00,167.00,99.00,1.0,-1,-1,-1
206,1,1962.00,661.00,62.00,82.00,1.0,-1,-1,-1
206,2,1955.00,746.00,1882.00,1414.00,1.0,-1,-1,-1
206,28,1118.00,1109.00,224.00,179.00,1.0,-1,-1,-1
206,31,1454.00,688.00,124.00,119.00,1.0,-1,-1,-1
206,34,1408.00,604.00,168.00,101.00,1.0,-1,-1,-1
207,2,1952.00,748.00,1881.00,1412.00,1.0,-1,-1,-1
207,28,1115.00,1120.00,223.00,178.00,1.0,-1,-1,-1
207,29,862.00,976.00,55.00,127.00,1.0,-1,-1,-1
207,31,1444.00,690.00,127.00,118.00,1.0,-1,-1,-1
207,34,1409.00,605.00,168.00,100.00,1.0,-1,-1,-1
208,1,1959.00,654.00,63.00,82.00,1.0,-1,-1,-1
208,2,1953.00,753.00,1876.00,1407.00,1.0,-1,-1,-1
208,28,1113.00,1127.00,221.00,177.00,1.0,-1,-1,-1
208,29,862.00,975.00,55.00,128.00,1.0,-1,-1,-1
208,31,1435.00,692.00,130.00,117.00,1.0,-1,-1,-1
208,36,1394.00,660.00,201.00,143.00,1.0,-1,-1,-1
209,1,1959.00,657.00,64.00,81.00,1.0,-1,-1,-1
209,2,1957.00,754.00,1874.00,1406.00,1.0,-1,-1,-1
209,28,1105.00,1135.00,221.00,177.00,1.0,-1,-1,-1
209,31,1434.00,700.00,129.00,113.00,1.0,-1,-1,-1
209,36,1389.00,653.00,210.00,149.00,1.0,-1,-1,-1
210,1,1958.00,656.00,66.00,85.00,1.0,-1,-1,-1
210,2,1960.00,752.00,1875.00,1408.00,1.0,-1,-1,-1
210,28,1097.00,1144.00,223.00,178.00,1.0,-1,-1,-1
210,31,1435.00,702.00,129.00,114.00,1.0,-1,-1,-1
210,36,1411.00,689.00,169.00,119.00,1.0,-1,-1,-1
211,1,1958.00,656.00,66.00,85.00,1.0,-1,-1,-1
211,2,1960.00,750.00,1876.00,1410.00,1.0,-1,-1,-1
211,28,1088.00,1152.00,231.00,183.00,1.0,-1,-1,-1
211,36,1416.00,700.00,156.00,111.00,1.0,-1,-1,-1
212,2,1953.00,744.00,1884.00,1416.00,1.0,-1,-1,-1
212,28,1082.00,1159.00,237.00,187.00,1.0,-1,-1,-1
212,36,1407.00,691.00,167.00,118.00,1.0,-1,-1,-1
213,2,1953.00,744.00,1883.00,1416.00,1.0,-1,-1,-1
213,11,2043.00,724.00,85.00,87.00,1.0,-1,-1,-1
213,28,1079.00,1168.00,238.00,188.00,1.0,-1,-1,-1
213,36,1407.00,693.00,165.00,117.00,1.0,-1,-1,-1
214,1,1950.00,647.00,70.00,91.00,1.0,-1,-1,-1
214,2,1954.00,743.00,1883.00,1417.00,1.0,-1,-1,-1
214,11,2037.00,717.00,91.00,101.00,1.0,-1,-1,-1
214,28,1073.00,1175.00,240.00,189.00,1.0,-1,-1,-1
215,1,1950.00,649.00,69.00,90.00,1.0,-1,-1,-1
215,2,1956.00,743.00,1881.00,1417.00,1.0,-1,-1,-1
215,11,2034.00,715.00,92.00,103.00,1.0,-1,-1,-1
215,28,1067.00,1183.00,242.00,189.00,1.0,-1,-1,-1
216,1,1951.00,651.00,67.00,87.00,1.0,-1,-1,-1
216,2,1958.00,746.00,1877.00,1414.00,1.0,-1,-1,-1
216,28,1060.00,1193.00,247.00,192.00,1.0,-1,-1,-1
217,1,1950.00,650.00,67.00,87.00,1.0,-1,-1,-1
217,2,1955.00,744.00,1879.00,1416.00,1.0,-1,-1,-1
217,28,1051.00,1199.00,253.00,197.00,1.0,-1,-1,-1
218,2,1951.00,740.00,1884.00,1420.00,1.0,-1,-1,-1
218,11,2034.00,714.00,88.00,103.00,1.0,-1,-1,-1
218,28,1045.00,1211.00,250.00,194.00,1.0,-1,-1,-1
219,2,1948.00,735.00,1888.00,1425.00,1.0,-1,-1,-1
219,11,2031.00,712.00,89.00,105.00,1.0,-1,-1,-1
219,28,1041.00,1221.00,252.00,195.00,1.0,-1,-1,-1
220,2,1948.00,733.00,1890.00,1427.00,1.0,-1,-1,-1
220,11,2027.00,711.00,74.00,91.00,1.0,-1,-1,-1
220,28,1030.00,1229.00,262.00,204.00,1.0,-1,-1,-1
221,2,1947.00,733.00,1889.00,1427.00,1.0,-1,-1,-1
221,11,2029.00,711.00,71.00,89.00,1.0,-1,-1,-1
221,28,1015.00,1240.00,270.00,211.00,1.0,-1,-1,-1
222,2,1947.00,731.00,1891.00,1429.00,1.0,-1,-1,-1
222,11,2026.00,709.00,71.00,89.00,1.0,-1,-1,-1
222,28,1008.00,1250.00,270.00,211.00,1.0,-1,-1,-1
223,2,1946.00,726.00,1894.00,1434.00,1.0,-1,-1,-1
223,28,1005.00,1260.00,270.00,211.00,1.0,-1,-1,-1
224,2,1951.00,731.00,1886.00,1429.00,1.0,-1,-1,-1
224,11,2022.00,709.00,66.00,85.00,1.0,-1,-1,-1
224,28,992.00,1268.00,282.00,221.00,1.0,-1,-1,-1
225,2,1952.00,735.00,1881.00,1425.00,1.0,-1,-1,-1
225,11,2019.00,708.00,66.00,85.00,1.0,-1,-1,-1
225,28,989.00,1284.00,278.00,217.00,1.0,-1,-1,-1
226,2,1950.00,731.00,1885.00,1429.00,1.0,-1,-1,-1
226,28,984.00,1295.00,279.00,218.00,1.0,-1,-1,-1
227,2,1955.00,738.00,1877.00,1422.00,1.0,-1,-1,-1
227,11,2025.00,709.00,65.00,84.00,1.0,-1,-1,-1
227,28,972.00,1307.00,284.00,222.00,1.0,-1,-1,-1
228,2,1949.00,730.00,1886.00,1430.00,1.0,-1,-1,-1
228,11,2014.00,702.00,67.00,88.00,1.0,-1,-1,-1
228,28,957.00,1319.00,291.00,228.00,1.0,-1,-1,-1
229,2,1949.00,732.00,1883.00,1428.00,1.0,-1,-1,-1
229,11,2012.00,700.00,66.00,88.00,1.0,-1,-1,-1
229,28,946.00,1333.00,291.00,226.00,1.0,-1,-1,-1
230,2,1950.00,733.00,1882.00,1427.00,1.0,-1,-1,-1
230,11,2015.00,702.00,68.00,88.00,1.0,-1,-1,-1
230,28,937.00,1347.00,295.00,230.00,1.0,-1,-1,-1
231,2,1951.00,733.00,1882.00,1427.00,1.0,-1,-1,-1
231,11,2014.00,699.00,70.00,91.00,1.0,-1,-1,-1
231,28,923.00,1359.00,302.00,235.00,1.0,-1,-1,-1
232,2,1948.00,731.00,1885.00,1429.00,1.0,-1,-1,-1
232,11,2012.00,697.00,69.00,90.00,1.0,-1,-1,-1
232,28,913.00,1372.00,305.00,238.00,1.0,-1,-1,-1
232,36,1389.00,737.00,159.00,118.00,1.0,-1,-1,-1
233,2,1944.00,728.00,1888.00,1432.00,1.0,-1,-1,-1
233,11,2010.00,695.00,69.00,91.00,1.0,-1,-1,-1
233,28,895.00,1387.00,316.00,246.00,1.0,-1,-1,-1
233,36,1388.00,740.00,159.00,118.00,1.0,-1,-1,-1
234,2,1946.00,730.00,1885.00,1430.00,1.0,-1,-1,-1
234,11,2007.00,697.00,68.00,89.00,1.0,-1,-1,-1
234,28,886.00,1402.00,317.00,248.00,1.0,-1,-1,-1
235,2,1949.00,734.00,1881.00,1426.00,1.0,-1,-1,-1
235,11,2005.00,696.00,68.00,89.00,1.0,-1,-1,-1
235,28,867.00,1420.00,325.00,255.00,1.0,-1,-1,-1
236,2,1947.00,731.00,1884.00,1429.00,1.0,-1,-1,-1
236,28,854.00,1434.00,332.00,260.00,1.0,-1,-1,-1
237,2,1950.00,734.00,1880.00,1426.00,1.0,-1,-1,-1
237,28,841.00,1447.00,338.00,265.00,1.0,-1,-1,-1
238,2,1949.00,734.00,1882.00,1426.00,1.0,-1,-1,-1
238,28,823.00,1467.00,343.00,269.00,1.0,-1,-1,-1
239,2,1948.00,730.00,1886.00,1430.00,1.0,-1,-1,-1
239,28,806.00,1483.00,352.00,276.00,1.0,-1,-1,-1
240,2,1948.00,732.00,1884.00,1428.00,1.0,-1,-1,-1
240,28,791.00,1501.00,361.00,285.00,1.0,-1,-1,-1
241,2,1943.00,726.00,1891.00,1434.00,1.0,-1,-1,-1
241,28,774.00,1525.00,360.00,284.00,1.0,-1,-1,-1
242,2,1941.00,722.00,1896.00,1438.00,1.0,-1,-1,-1
242,28,753.00,1543.00,366.00,289.00,1.0,-1,-1,-1
243,2,1942.00,721.00,1895.00,1439.00,1.0,-1,-1,-1
243,28,734.00,1566.00,372.00,294.00,1.0,-1,-1,-1
244,2,1944.00,722.00,1893.00,1438.00,1.0,-1,-1,-1
244,28,711.00,1586.00,382.00,303.00,1.0,-1,-1,-1
245,2,1946.00,725.00,1889.00,1435.00,1.0,-1,-1,-1
245,28,691.00,1607.00,390.00,310.00,1.0,-1,-1,-1
246,2,1948.00,727.00,1886.00,1433.00,1.0,-1,-1,-1
246,28,670.00,1631.00,398.00,317.00,1.0,-1,-1,-1
247,2,1946.00,720.00,1893.00,1440.00,1.0,-1,-1,-1
247,28,642.00,1654.00,412.00,330.00,1.0,-1,-1,-1
248,2,1942.00,714.00,1898.00,1446.00,1.0,-1,-1,-1
248,28,622.00,1680.00,411.00,328.00,1.0,-1,-1,-1
249,2,1942.00,715.00,1896.00,1445.00,1.0,-1,-1,-1
249,28,595.00,1707.00,425.00,340.00,1.0,-1,-1,-1
250,2,1942.00,713.00,1896.00,1447.00,1.0,-1,-1,-1
250,28,567.00,1733.00,435.00,348.00,1.0,-1,-1,-1
251,2,1956.00,746.00,1860.00,1414.00,1.0,-1,-1,-1
251,28,541.00,1763.00,437.00,349.00,1.0,-1,-1,-1
252,2,1923.00,731.00,1882.00,1427.00,1.0,-1,-1,-1
252,28,515.00,1795.00,443.00,353.00,1.0,-1,-1,-1
253,2,1909.00,727.00,1892.00,1431.00,1.0,-1,-1,-1
253,28,499.00,1823.00,428.00,336.00,1.0,-1,-1,-1
254,2,1899.00,721.00,1903.00,1436.00,1.0,-1,-1,-1
254,28,490.00,1863.00,394.00,303.00,1.0,-1,-1,-1
255,2,1889.00,712.00,1918.00,1445.00,1.0,-1,-1,-1
255,28,481.00,1904.00,359.00,263.00,1.0,-1,-1,-1
256,2,1893.00,716.00,1915.00,1441.00,1.0,-1,-1,-1
256,28,465.00,1930.00,352.00,259.00,1.0,-1,-1,-1
257,2,1893.00,717.00,1916.00,1440.00,1.0,-1,-1,-1
258,2,1889.00,712.00,1924.00,1445.00,1.0,-1,-1,-1
259,2,1931.00,744.00,1885.00,1415.00,1.0,-1,-1,-1
260,2,1946.00,756.00,1871.00,1403.00,1.0,-1,-1,-1
261,2,1949.00,758.00,1871.00,1401.00,1.0,-1,-1,-1
262,2,1951.00,759.00,1871.00,1401.00,1.0,-1,-1,-1
262,11,1976.00,675.00,61.00,81.00,1.0,-1,-1,-1
263,2,1953.00,762.00,1869.00,1398.00,1.0,-1,-1,-1
263,11,1975.00,678.00,60.00,80.00,1.0,-1,-1,-1
264,2,1950.00,757.00,1876.00,1403.00,1.0,-1,-1,-1
264,11,1975.00,678.00,59.00,80.00,1.0,-1,-1,-1
265,2,1939.00,729.00,1907.00,1431.00,1.0,-1,-1,-1
265,11,1974.00,677.00,59.00,81.00,1.0,-1,-1,-1
266,2,1951.00,753.00,1879.00,1407.00,1.0,-1,-1,-1
267,2,1945.00,732.00,1900.00,1428.00,1.0,-1,-1,-1
268,2,1942.00,726.00,1906.00,1434.00,1.0,-1,-1,-1
269,2,1951.00,749.00,1878.00,1411.00,1.0,-1,-1,-1
270,2,1950.00,755.00,1872.00,1405.00,1.0,-1,-1,-1
271,2,1919.00,737.00,1897.00,1421.00,1.0,-1,-1,-1
272,2,1935.00,747.00,1886.00,1412.00,1.0,-1,-1,-1
273,2,1939.00,750.00,1883.00,1409.00,1.0,-1,-1,-1
274,2,1950.00,766.00,1866.00,1393.00,1.0,-1,-1,-1
275,2,1900.00,722.00,1923.00,1436.00,1.0,-1,-1,-1
276,2,1927.00,741.00,1898.00,1418.00,1.0,-1,-1,-1
277,2,1901.00,723.00,1922.00,1436.00,1.0,-1,-1,-1
278,2,1884.00,710.00,1938.00,1448.00,1.0,-1,-1,-1
279,2,1886.00,713.00,1934.00,1445.00,1.0,-1,-1,-1
280,2,1884.00,712.00,1936.00,1445.00,1.0,-1,-1,-1
281,2,1882.00,709.00,1940.00,1448.00,1.0,-1,-1,-1
282,2,1875.00,702.00,1948.00,1455.00,1.0,-1,-1,-1
283,2,1885.00,712.00,1936.00,1445.00,1.0,-1,-1,-1
284,2,1926.00,746.00,1894.00,1413.00,1.0,-1,-1,-1
285,2,1948.00,768.00,1870.00,1391.00,1.0,-1,-1,-1
286,2,1950.00,772.00,1866.00,1387.00,1.0,-1,-1,-1
287,2,1952.00,770.00,1870.00,1390.00,1.0,-1,-1,-1
288,2,1914.00,741.00,1908.00,1417.00,1.0,-1,-1,-1
289,2,1937.00,760.00,1884.00,1399.00,1.0,-1,-1,-1
290,2,1949.00,772.00,1872.00,1387.00,1.0,-1,-1,-1
291,2,1952.00,772.00,1872.00,1387.00,1.0,-1,-1,-1
292,2,1951.00,771.00,1874.00,1389.00,1.0,-1,-1,-1
293,2,1950.00,772.00,1875.00,1388.00,1.0,-1,-1,-1
294,2,1953.00,772.00,1874.00,1388.00,1.0,-1,-1,-1
294,42,1324.00,683.00,161.00,218.00,1.0,-1,-1,-1
295,2,1941.00,742.00,1908.00,1418.00,1.0,-1,-1,-1
295,42,1325.00,686.00,159.00,215.00,1.0,-1,-1,-1
296,2,1904.00,723.00,1930.00,1435.00,1.0,-1,-1,-1
296,42,1322.00,684.00,162.00,218.00,1.0,-1,-1,-1
297,2,1885.00,710.00,1945.00,1448.00,1.0,-1,-1,-1
297,42,1321.00,683.00,163.00,220.00,1.0,-1,-1,-1
298,2,1882.00,713.00,1942.00,1445.00,1.0,-1,-1,-1
299,2,1884.00,716.00,1938.00,1441.00,1.0,-1,-1,-1
300,2,1878.00,707.00,1948.00,1450.00,1.0,-1,-1,-1
300,45,1238.00,892.00,158.00,146.00,1.0,-1,-1,-1
301,2,1883.00,713.00,1940.00,1444.00,1.0,-1,-1,-1
301,45,1237.00,897.00,155.00,143.00,1.0,-1,-1,-1
302,2,1884.00,717.00,1937.00,1440.00,1.0,-1,-1,-1
302,45,1231.00,896.00,159.00,147.00,1.0,-1,-1,-1
303,2,1878.00,705.00,1950.00,1452.00,1.0,-1,-1,-1
303,45,1226.00,896.00,162.00,149.00,1.0,-1,-1,-1
304,2,1874.00,700.00,1954.00,1457.00,1.0,-1,-1,-1
304,42,1309.00,691.00,168.00,227.00,1.0,-1,-1,-1
305,2,1877.00,704.00,1949.00,1453.00,1.0,-1,-1,-1
305,42,1308.00,700.00,166.00,224.00,1.0,-1,-1,-1
306,2,1873.00,699.00,1954.00,1458.00,1.0,-1,-1,-1
306,42,1307.00,701.00,166.00,225.00,1.0,-1,-1,-1
306,45,1228.00,923.00,149.00,137.00,1.0,-1,-1,-1
307,2,1875.00,701.00,1951.00,1456.00,1.0,-1,-1,-1
307,42,1307.00,702.00,167.00,225.00,1.0,-1,-1,-1
307,45,1226.00,929.00,147.00,134.00,1.0,-1,-1,-1
308,2,1874.00,699.00,1952.00,1458.00,1.0,-1,-1,-1
308,42,1306.00,701.00,169.00,226.00,1.0,-1,-1,-1
308,45,1222.00,932.00,148.00,135.00,1.0,-1,-1,-1
309,2,1880.00,705.00,1945.00,1452.00,1.0,-1,-1,-1
309,42,1300.00,698.00,173.00,232.00,1.0,-1,-1,-1
309,45,1216.00,935.00,153.00,138.00,1.0,-1,-1,-1
310,2,1918.00,734.00,1908.00,1425.00,1.0,-1,-1,-1
310,42,1299.00,702.00,171.00,229.00,1.0,-1,-1,-1
310,45,1208.00,931.00,164.00,148.00,1.0,-1,-1,-1
311,2,1891.00,710.00,1938.00,1448.00,1.0,-1,-1,-1
311,42,1296.00,702.00,172.00,231.00,1.0,-1,-1,-1
311,45,1205.00,936.00,163.00,147.00,1.0,-1,-1,-1
312,2,1880.00,702.00,1947.00,1455.00,1.0,-1,-1,-1
312,42,1292.00,703.00,174.00,233.00,1.0,-1,-1,-1
312,45,1197.00,939.00,165.00,150.00,1.0,-1,-1,-1
313,2,1882.00,706.00,1941.00,1451.00,1.0,-1,-1,-1
313,42,1291.00,704.00,175.00,234.00,1.0,-1,-1,-1
313,45,1193.00,943.00,167.00,152.00,1.0,-1,-1,-1
314,2,1931.00,754.00,1883.00,1405.00,1.0,-1,-1,-1
314,42,1288.00,703.00,177.00,238.00,1.0,-1,-1,-1
314,45,1188.00,944.00,169.00,155.00,1.0,-1,-1,-1
315,2,1909.00,739.00,1905.00,1419.00,1.0,-1,-1,-1
315,42,1284.00,700.00,179.00,243.00,1.0,-1,-1,-1
315,45,1181.00,945.00,173.00,159.00,1.0,-1,-1,-1
316,2,1898.00,731.00,1916.00,1427.00,1.0,-1,-1,-1
316,42,1285.00,705.00,176.00,239.00,1.0,-1,-1,-1
316,45,1181.00,950.00,171.00,158.00,1.0,-1,-1,-1
317,2,1943.00,770.00,1869.00,1389.00,1.0,-1,-1,-1
317,42,1282.00,706.00,179.00,241.00,1.0,-1,-1,-1
317,45,1181.00,959.00,166.00,153.00,1.0,-1,-1,-1
318,2,1955.00,780.00,1860.00,1379.00,1.0,-1,-1,-1
318,42,1280.00,707.00,181.00,245.00,1.0,-1,-1,-1
318,45,1171.00,955.00,174.00,161.00,1.0,-1,-1,-1
319,2,1961.00,786.00,1854.00,1373.00,1.0,-1,-1,-1
319,42,1277.00,708.00,181.00,245.00,1.0,-1,-1,-1
319,45,1171.00,970.00,168.00,155.00,1.0,-1,-1,-1
320,2,1955.00,774.00,1870.00,1386.00,1.0,-1,-1,-1
320,42,1273.00,709.00,182.00,246.00,1.0,-1,-1,-1
320,45,1165.00,974.00,173.00,159.00,1.0,-1,-1,-1
321,2,1959.00,777.00,1866.00,1383.00,1.0,-1,-1,-1
321,42,1273.00,710.00,181.00,245.00,1.0,-1,-1,-1
321,45,1159.00,973.00,178.00,165.00,1.0,-1,-1,-1
322,2,1962.00,783.00,1861.00,1377.00,1.0,-1,-1,-1
322,42,1270.00,711.00,181.00,244.00,1.0,-1,-1,-1
322,45,1154.00,977.00,181.00,166.00,1.0,-1,-1,-1
323,2,1962.00,783.00,1861.00,1377.00,1.0,-1,-1,-1
323,42,1266.00,711.00,184.00,249.00,1.0,-1,-1,-1
323,45,1149.00,977.00,183.00,169.00,1.0,-1,-1,-1
324,2,1913.00,751.00,1905.00,1408.00,1.0,-1,-1,-1
324,42,1264.00,710.00,188.00,254.00,1.0,-1,-1,-1
324,45,1138.00,974.00,193.00,180.00,1.0,-1,-1,-1
325,2,1935.00,761.00,1891.00,1398.00,1.0,-1,-1,-1
325,42,1265.00,711.00,188.00,256.00,1.0,-1,-1,-1
325,45,1132.00,973.00,198.00,186.00,1.0,-1,-1,-1
326,2,1940.00,761.00,1891.00,1398.00,1.0,-1,-1,-1
326,42,1264.00,711.00,189.00,258.00,1.0,-1,-1,-1
326,45,1130.00,980.00,195.00,184.00,1.0,-1,-1,-1
327,2,1905.00,736.00,1922.00,1422.00,1.0,-1,-1,-1
327,42,1262.00,712.00,191.00,259.00,1.0,-1,-1,-1
327,45,1129.00,988.00,193.00,183.00,1.0,-1,-1,-1
328,2,1887.00,723.00,1939.00,1435.00,1.0,-1,-1,-1
328,42,1262.00,712.00,194.00,263.00,1.0,-1,-1,-1
328,45,1126.00,991.00,195.00,185.00,1.0,-1,-1,-1
329,2,1883.00,720.00,1942.00,1438.00,1.0,-1,-1,-1
329,42,1262.00,713.00,195.00,265.00,1.0,-1,-1,-1
329,45,1119.00,991.00,199.00,192.00,1.0,-1,-1,-1
330,2,1926.00,751.00,1902.00,1408.00,1.0,-1,-1,-1
330,42,1260.00,715.00,195.00,263.00,1.0,-1,-1,-1
330,45,1116.00,1008.00,190.00,182.00,1.0,-1,-1,-1
331,2,1942.00,765.00,1885.00,1394.00,1.0,-1,-1,-1
331,42,1257.00,716.00,195.00,263.00,1.0,-1,-1,-1
331,45,1108.00,1014.00,191.00,183.00,1.0,-1,-1,-1
332,2,1948.00,774.00,1874.00,1385.00,1.0,-1,-1,-1
332,42,1252.00,715.00,200.00,271.00,1.0,-1,-1,-1
332,45,1103.00,1018.00,193.00,185.00,1.0,-1,-1,-1
333,2,1908.00,747.00,1910.00,1411.00,1.0,-1,-1,-1
333,42,1251.00,717.00,198.00,268.00,1.0,-1,-1,-1
333,45,1103.00,1042.00,177.00,167.00,1.0,-1,-1,-1
334,2,1927.00,758.00,1897.00,1401.00,1.0,-1,-1,-1
334,42,1246.00,717.00,203.00,275.00,1.0,-1,-1,-1
334,45,1099.00,1049.00,180.00,168.00,1.0,-1,-1,-1
335,2,1890.00,725.00,1938.00,1433.00,1.0,-1,-1,-1
335,42,1251.00,741.00,188.00,250.00,1.0,-1,-1,-1
335,45,1096.00,1058.00,183.00,169.00,1.0,-1,-1,-1
336,2,1876.00,714.00,1952.00,1444.00,1.0,-1,-1,-1
336,42,1243.00,727.00,201.00,269.00,1.0,-1,-1,-1
336,45,1090.00,1066.00,186.00,170.00,1.0,-1,-1,-1
337,2,1872.00,711.00,1955.00,1447.00,1.0,-1,-1,-1
337,42,1240.00,726.00,204.00,273.00,1.0,-1,-1,-1
337,45,1079.00,1062.00,199.00,181.00,1.0,-1,-1,-1
338,2,1922.00,754.00,1901.00,1405.00,1.0,-1,-1,-1
338,42,1237.00,726.00,205.00,273.00,1.0,-1,-1,-1
338,45,1073.00,1067.00,201.00,182.00,1.0,-1,-1,-1
339,2,1943.00,775.00,1876.00,1384.00,1.0,-1,-1,-1
339,42,1233.00,725.00,208.00,278.00,1.0,-1,-1,-1
339,45,1067.00,1072.00,204.00,184.00,1.0,-1,-1,-1
340,2,1953.00,786.00,1864.00,1373.00,1.0,-1,-1,-1
340,42,1231.00,726.00,209.00,279.00,1.0,-1,-1,-1
340,45,1061.00,1077.00,206.00,185.00,1.0,-1,-1,-1
341,2,1962.00,798.00,1852.00,1362.00,1.0,-1,-1,-1
341,42,1230.00,727.00,210.00,279.00,1.0,-1,-1,-1
341,45,1052.00,1085.00,206.00,184.00,1.0,-1,-1,-1
341,49,1234.00,727.00,205.00,273.00,1.0,-1,-1,-1
342,2,1958.00,793.00,1861.00,1367.00,1.0,-1,-1,-1
342,42,1227.00,728.00,210.00,279.00,1.0,-1,-1,-1
342,45,1045.00,1095.00,207.00,183.00,1.0,-1,-1,-1
342,49,1228.00,727.00,209.00,278.00,1.0,-1,-1,-1
343,2,1912.00,753.00,1911.00,1405.00,1.0,-1,-1,-1
343,42,1225.00,728.00,211.00,279.00,1.0,-1,-1,-1
343,45,1040.00,1104.00,208.00,183.00,1.0,-1,-1,-1
343,49,1223.00,727.00,214.00,283.00,1.0,-1,-1,-1
344,2,1891.00,732.00,1937.00,1426.00,1.0,-1,-1,-1
344,42,1223.00,728.00,213.00,281.00,1.0,-1,-1,-1
344,45,1034.00,1112.00,210.00,183.00,1.0,-1,-1,-1
344,49,1221.00,729.00,215.00,285.00,1.0,-1,-1,-1
345,2,1882.00,722.00,1949.00,1436.00,1.0,-1,-1,-1
345,42,1221.00,728.00,215.00,283.00,1.0,-1,-1,-1
345,45,1026.00,1115.00,213.00,186.00,1.0,-1,-1,-1
345,49,1219.00,729.00,218.00,288.00,1.0,-1,-1,-1
346,2,1884.00,722.00,1947.00,1435.00,1.0,-1,-1,-1
346,42,1218.00,728.00,217.00,285.00,1.0,-1,-1,-1
346,45,1017.00,1123.00,216.00,187.00,1.0,-1,-1,-1
346,49,1217.00,730.00,219.00,289.00,1.0,-1,-1,-1
347,2,1934.00,769.00,1888.00,1390.00,1.0,-1,-1,-1
347,42,1216.00,733.00,220.00,288.00,1.0,-1,-1,-1
347,45,1011.00,1129.00,221.00,192.00,1.0,-1,-1,-1
348,2,1904.00,740.00,1923.00,1418.00,1.0,-1,-1,-1
348,42,1217.00,737.00,220.00,286.00,1.0,-1,-1,-1
348,45,998.00,1137.00,228.00,197.00,1.0,-1,-1,-1
349,2,1937.00,768.00,1889.00,1391.00,1.0,-1,-1,-1
349,42,1214.00,736.00,223.00,290.00,1.0,-1,-1,-1
349,45,989.00,1149.00,229.00,195.00,1.0,-1,-1,-1
349,49,1213.00,735.00,224.00,293.00,1.0,-1,-1,-1
350,2,1944.00,772.00,1884.00,1387.00,1.0,-1,-1,-1
350,42,1213.00,736.00,226.00,291.00,1.0,-1,-1,-1
350,45,983.00,1156.00,231.00,197.00,1.0,-1,-1,-1
350,49,1213.00,735.00,226.00,294.00,1.0,-1,-1,-1
351,2,1932.00,756.00,1903.00,1403.00,1.0,-1,-1,-1
351,42,1206.00,737.00,227.00,293.00,1.0,-1,-1,-1
351,45,971.00,1161.00,239.00,203.00,1.0,-1,-1,-1
351,49,1212.00,736.00,227.00,296.00,1.0,-1,-1,-1
352,2,1934.00,759.00,1899.00,1401.00,1.0,-1,-1,-1
352,42,1206.00,740.00,227.00,291.00,1.0,-1,-1,-1
352,45,964.00,1167.00,241.00,204.00,1.0,-1,-1,-1
353,2,1932.00,755.00,1903.00,1405.00,1.0,-1,-1,-1
353,42,1204.00,742.00,229.00,292.00,1.0,-1,-1,-1
353,45,956.00,1173.00,247.00,208.00,1.0,-1,-1,-1
354,2,1930.00,753.00,1905.00,1407.00,1.0,-1,-1,-1
354,42,1203.00,743.00,231.00,294.00,1.0,-1,-1,-1
354,45,945.00,1180.00,253.00,214.00,1.0,-1,-1,-1
354,49,1204.00,743.00,228.00,297.00,1.0,-1,-1,-1
355,2,1931.00,753.00,1904.00,1407.00,1.0,-1,-1,-1
355,42,1195.00,744.00,233.00,298.00,1.0,-1,-1,-1
355,45,941.00,1189.00,253.00,214.00,1.0,-1,-1,-1
355,49,1202.00,744.00,229.00,298.00,1.0,-1,-1,-1
356,2,1941.00,768.00,1885.00,1392.00,1.0,-1,-1,-1
356,42,1191.00,747.00,233.00,297.00,1.0,-1,-1,-1
356,45,931.00,1198.00,258.00,217.00,1.0,-1,-1,-1
357,2,1944.00,770.00,1883.00,1390.00,1.0,-1,-1,-1
357,42,1189.00,748.00,232.00,297.00,1.0,-1,-1,-1
357,45,924.00,1205.00,258.00,217.00,1.0,-1,-1,-1
358,2,1941.00,766.00,1888.00,1394.00,1.0,-1,-1,-1
358,42,1188.00,748.00,233.00,299.00,1.0,-1,-1,-1
358,45,908.00,1215.00,264.00,222.00,1.0,-1,-1,-1
359,2,1951.00,779.00,1873.00,1381.00,1.0,-1,-1,-1
359,42,1181.00,748.00,238.00,306.00,1.0,-1,-1,-1
359,45,901.00,1226.00,265.00,222.00,1.0,-1,-1,-1
360,2,1955.00,785.00,1867.00,1375.00,1.0,-1,-1,-1
360,42,1179.00,751.00,238.00,308.00,1.0,-1,-1,-1
360,45,892.00,1237.00,269.00,226.00,1.0,-1,-1,-1
361,2,1946.00,774.00,1881.00,1386.00,1.0,-1,-1,-1
361,42,1177.00,753.00,241.00,310.00,1.0,-1,-1,-1
361,45,878.00,1244.00,275.00,231.00,1.0,-1,-1,-1
361,49,1181.00,752.00,239.00,308.00,1.0,-1,-1,-1
362,2,1907.00,748.00,1915.00,1410.00,1.0,-1,-1,-1
362,42,1173.00,755.00,243.00,313.00,1.0,-1,-1,-1
362,45,868.00,1252.00,279.00,235.00,1.0,-1,-1,-1
362,49,1175.00,754.00,242.00,313.00,1.0,-1,-1,-1
363,2,1942.00,781.00,1874.00,1378.00,1.0,-1,-1,-1
363,42,1167.00,754.00,247.00,319.00,1.0,-1,-1,-1
363,45,861.00,1266.00,278.00,234.00,1.0,-1,-1,-1
363,49,1172.00,756.00,244.00,314.00,1.0,-1,-1,-1
364,2,1901.00,746.00,1920.00,1412.00,1.0,-1,-1,-1
364,42,1162.00,754.00,248.00,323.00,1.0,-1,-1,-1
364,45,849.00,1276.00,282.00,237.00,1.0,-1,-1,-1
365,2,1934.00,776.00,1884.00,1383.00,1.0,-1,-1,-1
365,42,1159.00,756.00,248.00,324.00,1.0,-1,-1,-1
365,45,837.00,1288.00,285.00,241.00,1.0,-1,-1,-1
366,2,1947.00,788.00,1871.00,1371.00,1.0,-1,-1,-1
366,42,1156.00,759.00,248.00,326.00,1.0,-1,-1,-1
366,45,823.00,1296.00,292.00,246.00,1.0,-1,-1,-1
366,49,1158.00,760.00,246.00,321.00,1.0,-1,-1,-1
367,2,1946.00,782.00,1878.00,1377.00,1.0,-1,-1,-1
367,42,1151.00,758.00,249.00,330.00,1.0,-1,-1,-1
367,45,812.00,1311.00,295.00,248.00,1.0,-1,-1,-1
367,49,1155.00,762.00,247.00,323.00,1.0,-1,-1,-1
368,2,1940.00,778.00,1885.00,1381.00,1.0,-1,-1,-1
368,42,1149.00,761.00,245.00,327.00,1.0,-1,-1,-1
368,45,800.00,1326.00,296.00,249.00,1.0,-1,-1,-1
368,49,1146.00,759.00,248.00,329.00,1.0,-1,-1,-1
369,2,1940.00,778.00,1886.00,1382.00,1.0,-1,-1,-1
369,42,1147.00,763.00,247.00,332.00,1.0,-1,-1,-1
369,45,785.00,1335.00,306.00,256.00,1.0,-1,-1,-1
369,49,1148.00,764.00,244.00,324.00,1.0,-1,-1,-1
370,2,1941.00,782.00,1883.00,1378.00,1.0,-1,-1,-1
370,42,1142.00,763.00,249.00,335.00,1.0,-1,-1,-1
370,45,771.00,1342.00,311.00,263.00,1.0,-1,-1,-1
370,49,1145.00,766.00,245.00,325.00,1.0,-1,-1,-1
371,2,1945.00,785.00,1880.00,1375.00,1.0,-1,-1,-1
371,42,1140.00,766.00,246.00,334.00,1.0,-1,-1,-1
371,45,759.00,1357.00,314.00,266.00,1.0,-1,-1,-1
371,49,1136.00,764.00,251.00,338.00,1.0,-1,-1,-1
372,2,1946.00,785.00,1879.00,1375.00,1.0,-1,-1,-1
372,42,1139.00,768.00,243.00,331.00,1.0,-1,-1,-1
372,45,746.00,1374.00,317.00,268.00,1.0,-1,-1,-1
372,49,1133.00,764.00,251.00,339.00,1.0,-1,-1,-1
373,2,1951.00,791.00,1873.00,1369.00,1.0,-1,-1,-1
373,42,1134.00,768.00,248.00,338.00,1.0,-1,-1,-1
373,45,730.00,1389.00,325.00,275.00,1.0,-1,-1,-1
373,49,1135.00,769.00,249.00,338.00,1.0,-1,-1,-1
374,2,1951.00,790.00,1875.00,1370.00,1.0,-1,-1,-1
374,42,1135.00,772.00,248.00,339.00,1.0,-1,-1,-1
374,45,716.00,1401.00,332.00,282.00,1.0,-1,-1,-1
374,49,1132.00,771.00,250.00,340.00,1.0,-1,-1,-1
375,2,1953.00,792.00,1873.00,1368.00,1.0,-1,-1,-1
375,42,1131.00,768.00,253.00,346.00,1.0,-1,-1,-1
375,45,695.00,1410.00,344.00,293.00,1.0,-1,-1,-1
376,2,1956.00,798.00,1867.00,1362.00,1.0,-1,-1,-1
376,42,1126.00,771.00,252.00,346.00,1.0,-1,-1,-1
376,45,679.00,1427.00,344.00,292.00,1.0,-1,-1,-1
376,49,1129.00,779.00,249.00,339.00,1.0,-1,-1,-1
377,2,1950.00,789.00,1879.00,1371.00,1.0,-1,-1,-1
377,42,1125.00,782.00,247.00,337.00,1.0,-1,-1,-1
377,45,657.00,1431.00,360.00,309.00,1.0,-1,-1,-1
377,49,1126.00,780.00,250.00,341.00,1.0,-1,-1,-1
378,2,1947.00,786.00,1882.00,1374.00,1.0,-1,-1,-1
378,42,1123.00,784.00,248.00,338.00,1.0,-1,-1,-1
378,45,641.00,1454.00,363.00,311.00,1.0,-1,-1,-1
379,2,1945.00,779.00,1890.00,1381.00,1.0,-1,-1,-1
379,42,1120.00,786.00,249.00,339.00,1.0,-1,-1,-1
379,45,630.00,1479.00,358.00,307.00,1.0,-1,-1,-1
380,2,1937.00,768.00,1903.00,1392.00,1.0,-1,-1,-1
380,42,1115.00,782.00,256.00,347.00,1.0,-1,-1,-1
380,45,612.00,1496.00,363.00,311.00,1.0,-1,-1,-1
381,2,1935.00,765.00,1904.00,1395.00,1.0,-1,-1,-1
381,42,1111.00,783.00,258.00,351.00,1.0,-1,-1,-1
381,45,595.00,1516.00,369.00,318.00,1.0,-1,-1,-1
382,2,1936.00,764.00,1903.00,1396.00,1.0,-1,-1,-1
382,42,1107.00,785.00,259.00,353.00,1.0,-1,-1,-1
382,45,571.00,1536.00,383.00,329.00,1.0,-1,-1,-1
383,2,1939.00,766.00,1900.00,1394.00,1.0,-1,-1,-1
383,42,1102.00,786.00,263.00,358.00,1.0,-1,-1,-1
383,45,551.00,1554.00,390.00,337.00,1.0,-1,-1,-1
384,2,1904.00,747.00,1923.00,1412.00,1.0,-1,-1,-1
384,42,1097.00,789.00,264.00,361.00,1.0,-1,-1,-1
384,45,532.00,1576.00,388.00,336.00,1.0,-1,-1,-1
385,2,1913.00,728.00,1940.00,1431.00,1.0,-1,-1,-1
385,42,1094.00,790.00,265.00,362.00,1.0,-1,-1,-1
385,45,509.00,1593.00,399.00,345.00,1.0,-1,-1,-1
386,2,1917.00,725.00,1933.00,1434.00,1.0,-1,-1,-1
386,42,1091.00,792.00,265.00,363.00,1.0,-1,-1,-1
386,45,483.00,1617.00,412.00,358.00,1.0,-1,-1,-1
387,2,1907.00,724.00,1920.00,1435.00,1.0,-1,-1,-1
387,42,1088.00,792.00,270.00,370.00,1.0,-1,-1,-1
387,45,462.00,1637.00,416.00,361.00,1.0,-1,-1,-1
387,50,3695.00,1675.00,99.00,344.00,1.0,-1,-1,-1
388,2,1895.00,724.00,1901.00,1435.00,1.0,-1,-1,-1
388,42,1083.00,796.00,271.00,372.00,1.0,-1,-1,-1
388,45,435.00,1662.00,424.00,367.00,1.0,-1,-1,-1
388,50,3668.00,1626.00,105.00,345.00,1.0,-1,-1,-1
389,2,1890.00,724.00,1882.00,1436.00,1.0,-1,-1,-1
389,42,1078.00,799.00,272.00,374.00,1.0,-1,-1,-1
389,45,404.00,1677.00,446.00,389.00,1.0,-1,-1,-1
389,50,3639.00,1598.00,108.00,324.00,1.0,-1,-1,-1
390,2,1892.00,727.00,1860.00,1433.00,1.0,-1,-1,-1
390,42,1075.00,799.00,275.00,379.00,1.0,-1,-1,-1
390,45,380.00,1703.00,448.00,391.00,1.0,-1,-1,-1
390,50,3612.00,1578.00,116.00,311.00,1.0,-1,-1,-1
391,2,1884.00,726.00,1842.00,1434.00,1.0,-1,-1,-1
391,42,1068.00,802.00,276.00,380.00,1.0,-1,-1,-1
391,45,355.00,1730.00,449.00,392.00,1.0,-1,-1,-1
391,49,1067.00,802.00,281.00,384.00,1.0,-1,-1,-1
391,50,3593.00,1551.00,113.00,302.00,1.0,-1,-1,-1
392,2,1887.00,727.00,1823.00,1433.00,1.0,-1,-1,-1
392,42,1062.00,800.00,282.00,391.00,1.0,-1,-1,-1
392,45,325.00,1766.00,449.00,389.00,1.0,-1,-1,-1
392,49,1063.00,803.00,283.00,388.00,1.0,-1,-1,-1
393,2,1905.00,729.00,1807.00,1431.00,1.0,-1,-1,-1
393,42,1058.00,802.00,283.00,394.00,1.0,-1,-1,-1
393,45,311.00,1793.00,433.00,369.00,1.0,-1,-1,-1
393,51,3396.00,1514.00,355.00,283.00,1.0,-1,-1,-1
394,2,1909.00,729.00,1795.00,1431.00,1.0,-1,-1,-1
394,42,1056.00,806.00,283.00,394.00,1.0,-1,-1,-1
394,45,299.00,1824.00,411.00,342.00,1.0,-1,-1,-1
394,49,1059.00,806.00,283.00,390.00,1.0,-1,-1,-1
394,51,3353.00,1487.00,355.00,283.00,1.0,-1,-1,-1
395,2,1879.00,722.00,1804.00,1436.00,1.0,-1,-1,-1
395,42,1053.00,808.00,283.00,395.00,1.0,-1,-1,-1
395,45,278.00,1857.00,386.00,310.00,1.0,-1,-1,-1
395,49,1055.00,808.00,285.00,392.00,1.0,-1,-1,-1
395,51,3312.00,1460.00,353.00,280.00,1.0,-1,-1,-1
396,2,1849.00,720.00,1801.00,1438.00,1.0,-1,-1,-1
396,42,1049.00,808.00,286.00,400.00,1.0,-1,-1,-1
396,45,258.00,1887.00,358.00,270.00,1.0,-1,-1,-1
396,51,3280.00,1439.00,340.00,270.00,1.0,-1,-1,-1
397,2,1833.00,720.00,1791.00,1438.00,1.0,-1,-1,-1
397,42,1045.00,812.00,288.00,402.00,1.0,-1,-1,-1
397,45,241.00,1911.00,346.00,262.00,1.0,-1,-1,-1
397,51,3239.00,1420.00,338.00,267.00,1.0,-1,-1,-1
398,2,1823.00,721.00,1779.00,1436.00,1.0,-1,-1,-1
398,42,1039.00,812.00,292.00,409.00,1.0,-1,-1,-1
398,51,3215.00,1409.00,319.00,251.00,1.0,-1,-1,-1
399,2,1838.00,724.00,1770.00,1433.00,1.0,-1,-1,-1
399,42,1039.00,816.00,292.00,408.00,1.0,-1,-1,-1
399,51,3182.00,1388.00,312.00,244.00,1.0,-1,-1,-1
400,2,1860.00,727.00,1768.00,1430.00,1.0,-1,-1,-1
400,42,1034.00,819.00,293.00,409.00,1.0,-1,-1,-1
400,51,3148.00,1367.00,312.00,242.00,1.0,-1,-1,-1
401,2,1967.00,737.00,1765.00,1422.00,1.0,-1,-1,-1
401,42,1029.00,821.00,294.00,411.00,1.0,-1,-1,-1
401,51,3119.00,1353.00,308.00,239.00,1.0,-1,-1,-1
402,2,2000.00,739.00,1770.00,1420.00,1.0,-1,-1,-1
402,42,1025.00,826.00,292.00,410.00,1.0,-1,-1,-1
402,51,3088.00,1339.00,305.00,236.00,1.0,-1,-1,-1
403,2,2008.00,738.00,1777.00,1421.00,1.0,-1,-1,-1
403,42,1020.00,830.00,294.00,410.00,1.0,-1,-1,-1
403,51,3067.00,1321.00,295.00,227.00,1.0,-1,-1,-1
404,2,2016.00,746.00,1771.00,1414.00,1.0,-1,-1,-1
404,42,1015.00,832.00,296.00,413.00,1.0,-1,-1,-1
404,51,3043.00,1305.00,288.00,221.00,1.0,-1,-1,-1
405,2,1993.00,753.00,1770.00,1405.00,1.0,-1,-1,-1
405,42,1012.00,836.00,296.00,415.00,1.0,-1,-1,-1
405,51,3016.00,1288.00,287.00,219.00,1.0,-1,-1,-1
406,2,1947.00,743.00,1788.00,1416.00,1.0,-1,-1,-1
406,42,1004.00,838.00,304.00,427.00,1.0,-1,-1,-1
406,51,2985.00,1264.00,295.00,227.00,1.0,-1,-1,-1
407,2,1955.00,737.00,1800.00,1421.00,1.0,-1,-1,-1
407,42,998.00,841.00,305.00,430.00,1.0,-1,-1,-1
407,51,2964.00,1258.00,282.00,215.00,1.0,-1,-1,-1
408,2,1957.00,733.00,1809.00,1425.00,1.0,-1,-1,-1
408,42,993.00,842.00,309.00,436.00,1.0,-1,-1,-1
408,51,2947.00,1250.00,272.00,207.00,1.0,-1,-1,-1
409,2,1956.00,728.00,1821.00,1430.00,1.0,-1,-1,-1
409,42,988.00,844.00,312.00,439.00,1.0,-1,-1,-1
409,51,2921.00,1234.00,273.00,207.00,1.0,-1,-1,-1
410,2,1949.00,724.00,1831.00,1433.00,1.0,-1,-1,-1
410,42,982.00,847.00,314.00,443.00,1.0,-1,-1,-1
410,51,2900.00,1222.00,268.00,204.00,1.0,-1,-1,-1
411,2,1945.00,723.00,1835.00,1433.00,1.0,-1,-1,-1
411,42,975.00,848.00,316.00,446.00,1.0,-1,-1,-1
411,51,2880.00,1213.00,261.00,197.00,1.0,-1,-1,-1
412,2,1945.00,722.00,1840.00,1434.00,1.0,-1,-1,-1
412,42,968.00,849.00,320.00,451.00,1.0,-1,-1,-1
412,51,2862.00,1198.00,260.00,197.00,1.0,-1,-1,-1
413,2,1944.00,723.00,1844.00,1432.00,1.0,-1,-1,-1
413,42,962.00,849.00,326.00,460.00,1.0,-1,-1,-1
413,51,2840.00,1186.00,263.00,199.00,1.0,-1,-1,-1
414,2,1942.00,722.00,1848.00,1433.00,1.0,-1,-1,-1
414,42,958.00,849.00,329.00,466.00,1.0,-1,-1,-1
414,51,2821.00,1174.00,259.00,196.00,1.0,-1,-1,-1
415,2,1948.00,726.00,1844.00,1429.00,1.0,-1,-1,-1
415,42,954.00,851.00,332.00,470.00,1.0,-1,-1,-1
415,51,2808.00,1164.00,249.00,189.00,1.0,-1,-1,-1
416,2,1970.00,724.00,1845.00,1433.00,1.0,-1,-1,-1
416,42,950.00,852.00,334.00,474.00,1.0,-1,-1,-1
416,51,2794.00,1160.00,240.00,183.00,1.0,-1,-1,-1
417,2,1978.00,724.00,1844.00,1433.00,1.0,-1,-1,-1
417,42,947.00,856.00,336.00,476.00,1.0,-1,-1,-1
417,51,2775.00,1148.00,242.00,183.00,1.0,-1,-1,-1
418,2,1988.00,726.00,1838.00,1432.00,1.0,-1,-1,-1
418,42,942.00,858.00,337.00,479.00,1.0,-1,-1,-1
418,51,2762.00,1137.00,237.00,180.00,1.0,-1,-1,-1
419,2,1988.00,725.00,1838.00,1433.00,1.0,-1,-1,-1
419,42,936.00,864.00,339.00,481.00,1.0,-1,-1,-1
419,51,2746.00,1126.00,235.00,179.00,1.0,-1,-1,-1
420,2,1960.00,717.00,1850.00,1441.00,1.0,-1,-1,-1
420,42,929.00,869.00,342.00,484.00,1.0,-1,-1,-1
420,49,926.00,871.00,349.00,488.00,1.0,-1,-1,-1
420,51,2729.00,1118.00,232.00,176.00,1.0,-1,-1,-1
421,2,1945.00,710.00,1860.00,1448.00,1.0,-1,-1,-1
421,42,921.00,872.00,346.00,491.00,1.0,-1,-1,-1
421,49,921.00,874.00,352.00,492.00,1.0,-1,-1,-1
421,51,2719.00,1113.00,225.00,171.00,1.0,-1,-1,-1
422,2,1938.00,707.00,1865.00,1451.00,1.0,-1,-1,-1
422,42,915.00,873.00,351.00,499.00,1.0,-1,-1,-1
422,51,2694.00,1087.00,240.00,184.00,1.0,-1,-1,-1
423,2,1929.00,697.00,1879.00,1461.00,1.0,-1,-1,-1
423,42,907.00,877.00,354.00,503.00,1.0,-1,-1,-1
423,51,2675.00,1078.00,238.00,183.00,1.0,-1,-1,-1
424,2,1922.00,688.00,1889.00,1470.00,1.0,-1,-1,-1
424,42,899.00,878.00,358.00,509.00,1.0,-1,-1,-1
424,51,2669.00,1082.00,222.00,170.00,1.0,-1,-1,-1
425,2,1920.00,683.00,1895.00,1475.00,1.0,-1,-1,-1
425,42,896.00,883.00,359.00,507.00,1.0,-1,-1,-1
425,51,2662.00,1068.00,220.00,170.00,1.0,-1,-1,-1
426,2,1919.00,682.00,1897.00,1476.00,1.0,-1,-1,-1
426,42,891.00,888.00,362.00,511.00,1.0,-1,-1,-1
426,51,2655.00,1065.00,213.00,165.00,1.0,-1,-1,-1
427,2,1921.00,682.00,1895.00,1476.00,1.0,-1,-1,-1
427,42,885.00,892.00,367.00,518.00,1.0,-1,-1,-1
427,51,2638.00,1057.00,212.00,165.00,1.0,-1,-1,-1
427,54,2047.00,1097.00,1788.00,1063.00,1.0,-1,-1,-1
428,2,1919.00,682.00,1895.00,1476.00,1.0,-1,-1,-1
428,42,877.00,895.00,369.00,522.00,1.0,-1,-1,-1
428,51,2628.00,1052.00,205.00,159.00,1.0,-1,-1,-1
428,54,2051.00,1099.00,1784.00,1061.00,1.0,-1,-1,-1
429,2,1919.00,686.00,1892.00,1472.00,1.0,-1,-1,-1
429,42,867.00,898.00,374.00,529.00,1.0,-1,-1,-1
429,51,2616.00,1047.00,202.00,155.00,1.0,-1,-1,-1
429,54,2041.00,1086.00,1804.00,1074.00,1.0,-1,-1,-1
430,2,1920.00,689.00,1890.00,1469.00,1.0,-1,-1,-1
430,42,862.00,900.00,380.00,536.00,1.0,-1,-1,-1
430,51,2602.00,1038.00,204.00,157.00,1.0,-1,-1,-1
430,54,2032.00,1077.00,1817.00,1083.00,1.0,-1,-1,-1
431,2,1917.00,686.00,1893.00,1473.00,1.0,-1,-1,-1
431,42,857.00,902.00,385.00,546.00,1.0,-1,-1,-1
431,51,2588.00,1034.00,201.00,154.00,1.0,-1,-1,-1
431,54,2028.00,1072.00,1825.00,1088.00,1.0,-1,-1,-1
432,2,1917.00,688.00,1892.00,1471.00,1.0,-1,-1,-1
432,42,848.00,907.00,390.00,555.00,1.0,-1,-1,-1
432,51,2582.00,1031.00,194.00,149.00,1.0,-1,-1,-1
433,2,1918.00,689.00,1891.00,1470.00,1.0,-1,-1,-1
433,42,837.00,909.00,395.00,561.00,1.0,-1,-1,-1
433,51,2575.00,1026.00,188.00,145.00,1.0,-1,-1,-1
434,2,1919.00,694.00,1888.00,1465.00,1.0,-1,-1,-1
434,42,828.00,915.00,397.00,564.00,1.0,-1,-1,-1
434,51,2565.00,1019.00,188.00,144.00,1.0,-1,-1,-1
435,2,1917.00,692.00,1891.00,1467.00,1.0,-1,-1,-1
435,42,823.00,917.00,401.00,572.00,1.0,-1,-1,-1
435,51,2547.00,1008.00,192.00,148.00,1.0,-1,-1,-1
436,2,1913.00,690.00,1896.00,1469.00,1.0,-1,-1,-1
436,42,812.00,920.00,407.00,581.00,1.0,-1,-1,-1
436,51,2518.00,972.00,220.00,172.00,1.0,-1,-1,-1
436,54,2007.00,1043.00,1865.00,1117.00,1.0,-1,-1,-1
437,2,1914.00,692.00,1895.00,1467.00,1.0,-1,-1,-1
437,42,806.00,925.00,410.00,585.00,1.0,-1,-1,-1
437,51,2521.00,981.00,198.00,156.00,1.0,-1,-1,-1
437,54,2014.00,1033.00,1869.00,1127.00,1.0,-1,-1,-1
438,2,1906.00,680.00,1910.00,1479.00,1.0,-1,-1,-1
438,42,800.00,930.00,408.00,584.00,1.0,-1,-1,-1
438,49,795.00,931.00,414.00,582.00,1.0,-1,-1,-1
438,51,2517.00,982.00,190.00,152.00,1.0,-1,-1,-1
438,54,2010.00,1031.00,1863.00,1129.00,1.0,-1,-1,-1
439,2,1907.00,677.00,1913.00,1482.00,1.0,-1,-1,-1
439,42,790.00,934.00,412.00,589.00,1.0,-1,-1,-1
439,49,788.00,935.00,417.00,586.00,1.0,-1,-1,-1
439,51,2509.00,977.00,184.00,148.00,1.0,-1,-1,-1
439,54,2013.00,1032.00,1854.00,1128.00,1.0,-1,-1,-1
440,2,1913.00,683.00,1905.00,1476.00,1.0,-1,-1,-1
440,42,784.00,941.00,414.00,592.00,1.0,-1,-1,-1
440,49,781.00,941.00,420.00,592.00,1.0,-1,-1,-1
440,51,2492.00,963.00,192.00,155.00,1.0,-1,-1,-1
440,54,2028.00,1033.00,1843.00,1127.00,1.0,-1,-1,-1
441,2,1931.00,713.00,1872.00,1446.00,1.0,-1,-1,-1
441,42,774.00,943.00,425.00,608.00,1.0,-1,-1,-1
441,49,774.00,944.00,424.00,598.00,1.0,-1,-1,-1
441,51,2490.00,968.00,178.00,143.00,1.0,-1,-1,-1
441,54,2025.00,1029.00,1850.00,1131.00,1.0,-1,-1,-1
442,2,1918.00,697.00,1894.00,1462.00,1.0,-1,-1,-1
442,42,761.00,944.00,435.00,624.00,1.0,-1,-1,-1
442,51,2486.00,968.00,168.00,134.00,1.0,-1,-1,-1
442,54,2027.00,1021.00,1852.00,1139.00,1.0,-1,-1,-1
443,2,1908.00,682.00,1912.00,1477.00,1.0,-1,-1,-1
443,42,751.00,944.00,443.00,636.00,1.0,-1,-1,-1
443,51,2475.00,963.00,165.00,131.00,1.0,-1,-1,-1
443,54,2025.00,1016.00,1858.00,1144.00,1.0,-1,-1,-1
444,2,1913.00,688.00,1905.00,1472.00,1.0,-1,-1,-1
444,42,742.00,948.00,448.00,643.00,1.0,-1,-1,-1
444,51,2466.00,957.00,163.00,130.00,1.0,-1,-1,-1
445,2,1915.00,691.00,1902.00,1469.00,1.0,-1,-1,-1
445,42,729.00,950.00,454.00,652.00,1.0,-1,-1,-1
445,51,2454.00,953.00,163.00,129.00,1.0,-1,-1,-1
446,2,1915.00,691.00,1902.00,1469.00,1.0,-1,-1,-1
446,42,720.00,954.00,458.00,656.00,1.0,-1,-1,-1
446,51,2447.00,951.00,160.00,126.00,1.0,-1,-1,-1
446,54,1911.00,950.00,1956.00,1210.00,1.0,-1,-1,-1
447,42,710.00,957.00,465.00,666.00,1.0,-1,-1,-1
447,51,2441.00,949.00,156.00,123.00,1.0,-1,-1,-1
447,54,1894.00,934.00,1972.00,1226.00,1.0,-1,-1,-1
448,42,699.00,964.00,473.00,677.00,1.0,-1,-1,-1
448,51,2433.00,945.00,153.00,120.00,1.0,-1,-1,-1
448,54,1909.00,955.00,1937.00,1205.00,1.0,-1,-1,-1
449,42,688.00,971.00,480.00,685.00,1.0,-1,-1,-1
449,51,2425.00,941.00,154.00,119.00,1.0,-1,-1,-1
449,54,1918.00,963.00,1922.00,1197.00,1.0,-1,-1,-1
450,42,677.00,978.00,487.00,694.00,1.0,-1,-1,-1
450,49,673.00,981.00,492.00,692.00,1.0,-1,-1,-1
450,51,2414.00,935.00,154.00,120.00,1.0,-1,-1,-1
450,54,1914.00,952.00,1933.00,1208.00,1.0,-1,-1,-1
451,42,668.00,984.00,492.00,698.00,1.0,-1,-1,-1
451,49,663.00,985.00,499.00,700.00,1.0,-1,-1,-1
451,51,2405.00,934.00,149.00,115.00,1.0,-1,-1,-1
451,54,1916.00,954.00,1927.00,1206.00,1.0,-1,-1,-1
452,42,655.00,987.00,501.00,710.00,1.0,-1,-1,-1
452,51,2396.00,927.00,151.00,116.00,1.0,-1,-1,-1
452,54,1920.00,961.00,1916.00,1199.00,1.0,-1,-1,-1
453,42,644.00,990.00,507.00,720.00,1.0,-1,-1,-1
453,51,2383.00,914.00,163.00,127.00,1.0,-1,-1,-1
453,54,1923.00,961.00,1914.00,1199.00,1.0,-1,-1,-1
454,42,627.00,996.00,514.00,727.00,1.0,-1,-1,-1
454,51,2375.00,907.00,167.00,132.00,1.0,-1,-1,-1
454,54,1919.00,953.00,1923.00,1207.00,1.0,-1,-1,-1
455,42,611.00,1000.00,528.00,746.00,1.0,-1,-1,-1
455,51,2370.00,910.00,156.00,122.00,1.0,-1,-1,-1
455,54,1921.00,955.00,1917.00,1205.00,1.0,-1,-1,-1
456,42,595.00,1003.00,541.00,762.00,1.0,-1,-1,-1
456,51,2363.00,903.00,154.00,122.00,1.0,-1,-1,-1
456,54,1915.00,947.00,1926.00,1213.00,1.0,-1,-1,-1
457,42,582.00,1009.00,549.00,772.00,1.0,-1,-1,-1
457,51,2355.00,899.00,152.00,121.00,1.0,-1,-1,-1
457,54,1921.00,952.00,1917.00,1208.00,1.0,-1,-1,-1
458,42,572.00,1017.00,552.00,777.00,1.0,-1,-1,-1
458,51,2352.00,896.00,147.00,118.00,1.0,-1,-1,-1
458,54,1908.00,940.00,1934.00,1220.00,1.0,-1,-1,-1
459,42,560.00,1023.00,560.00,787.00,1.0,-1,-1,-1
459,51,2346.00,894.00,144.00,114.00,1.0,-1,-1,-1
459,54,1904.00,929.00,1945.00,1231.00,1.0,-1,-1,-1
460,42,545.00,1030.00,570.00,799.00,1.0,-1,-1,-1
460,51,2334.00,892.00,144.00,113.00,1.0,-1,-1,-1
460,54,1902.00,926.00,1946.00,1234.00,1.0,-1,-1,-1
461,42,527.00,1032.00,586.00,823.00,1.0,-1,-1,-1
461,51,2328.00,891.00,140.00,109.00,1.0,-1,-1,-1
461,54,1914.00,935.00,1929.00,1225.00,1.0,-1,-1,-1
461,56,1114.00,1021.00,200.00,168.00,1.0,-1,-1,-1
462,42,510.00,1037.00,598.00,841.00,1.0,-1,-1,-1
462,51,2324.00,890.00,134.00,105.00,1.0,-1,-1,-1
462,54,1917.00,941.00,1920.00,1219.00,1.0,-1,-1,-1
462,56,1111.00,1028.00,201.00,168.00,1.0,-1,-1,-1
463,42,492.00,1041.00,608.00,856.00,1.0,-1,-1,-1
463,51,2317.00,883.00,138.00,107.00,1.0,-1,-1,-1
463,54,1930.00,950.00,1905.00,1210.00,1.0,-1,-1,-1
463,56,1112.00,1033.00,202.00,169.00,1.0,-1,-1,-1
464,42,476.00,1049.00,613.00,861.00,1.0,-1,-1,-1
464,51,2309.00,874.00,143.00,112.00,1.0,-1,-1,-1
464,54,1931.00,945.00,1910.00,1215.00,1.0,-1,-1,-1
464,56,1110.00,1037.00,203.00,170.00,1.0,-1,-1,-1
465,42,458.00,1057.00,626.00,878.00,1.0,-1,-1,-1
465,51,2303.00,870.00,143.00,113.00,1.0,-1,-1,-1
465,54,1927.00,941.00,1914.00,1219.00,1.0,-1,-1,-1
465,56,1109.00,1041.00,204.00,171.00,1.0,-1,-1,-1
466,42,444.00,1065.00,636.00,893.00,1.0,-1,-1,-1
466,51,2297.00,866.00,144.00,114.00,1.0,-1,-1,-1
466,54,1921.00,929.00,1928.00,1231.00,1.0,-1,-1,-1
467,42,429.00,1071.00,647.00,909.00,1.0,-1,-1,-1
467,51,2290.00,862.00,145.00,115.00,1.0,-1,-1,-1
467,54,1917.00,916.00,1941.00,1244.00,1.0,-1,-1,-1
467,56,1107.00,1049.00,210.00,177.00,1.0,-1,-1,-1
468,42,410.00,1076.00,659.00,923.00,1.0,-1,-1,-1
468,51,2283.00,858.00,144.00,115.00,1.0,-1,-1,-1
468,54,1929.00,920.00,1929.00,1240.00,1.0,-1,-1,-1
468,56,1102.00,1055.00,214.00,181.00,1.0,-1,-1,-1
469,42,390.00,1082.00,670.00,939.00,1.0,-1,-1,-1
469,54,1932.00,915.00,1930.00,1245.00,1.0,-1,-1,-1
469,56,1101.00,1061.00,213.00,179.00,1.0,-1,-1,-1
470,42,367.00,1092.00,685.00,961.00,1.0,-1,-1,-1
470,54,1938.00,914.00,1924.00,1246.00,1.0,-1,-1,-1
470,56,1097.00,1065.00,215.00,182.00,1.0,-1,-1,-1
471,42,349.00,1100.00,697.00,979.00,1.0,-1,-1,-1
471,54,1940.00,911.00,1922.00,1249.00,1.0,-1,-1,-1
471,56,1096.00,1072.00,218.00,184.00,1.0,-1,-1,-1
472,42,331.00,1108.00,706.00,993.00,1.0,-1,-1,-1
472,51,2259.00,844.00,144.00,116.00,1.0,-1,-1,-1
472,54,1946.00,912.00,1915.00,1248.00,1.0,-1,-1,-1
472,56,1094.00,1073.00,222.00,190.00,1.0,-1,-1,-1
473,42,313.00,1115.00,718.00,1010.00,1.0,-1,-1,-1
473,51,2256.00,844.00,139.00,112.00,1.0,-1,-1,-1
473,54,1941.00,901.00,1923.00,1259.00,1.0,-1,-1,-1
473,56,1095.00,1080.00,220.00,188.00,1.0,-1,-1,-1
474,42,292.00,1116.00,732.00,1030.00,1.0,-1,-1,-1
474,51,2250.00,840.00,138.00,112.00,1.0,-1,-1,-1
474,54,1933.00,885.00,1940.00,1275.00,1.0,-1,-1,-1
474,56,1095.00,1087.00,218.00,187.00,1.0,-1,-1,-1
475,42,269.00,1122.00,738.00,1036.00,1.0,-1,-1,-1
475,51,2250.00,844.00,128.00,104.00,1.0,-1,-1,-1
475,54,1935.00,884.00,1933.00,1276.00,1.0,-1,-1,-1
475,56,1096.00,1094.00,215.00,186.00,1.0,-1,-1,-1
476,42,261.00,1131.00,732.00,1024.00,1.0,-1,-1,-1
476,51,2244.00,842.00,127.00,102.00,1.0,-1,-1,-1
476,54,1931.00,876.00,1938.00,1284.00,1.0,-1,-1,-1
476,56,1095.00,1099.00,218.00,189.00,1.0,-1,-1,-1
477,42,246.00,1143.00,727.00,1008.00,1.0,-1,-1,-1
477,51,2241.00,838.00,123.00,100.00,1.0,-1,-1,-1
477,54,1938.00,875.00,1930.00,1285.00,1.0,-1,-1,-1
477,56,1089.00,1104.00,224.00,195.00,1.0,-1,-1,-1
478,42,229.00,1158.00,730.00,1002.00,1.0,-1,-1,-1
478,51,2236.00,837.00,122.00,98.00,1.0,-1,-1,-1
478,54,1943.00,880.00,1919.00,1280.00,1.0,-1,-1,-1
478,56,1090.00,1113.00,221.00,192.00,1.0,-1,-1,-1
479,42,207.00,1166.00,736.00,999.00,1.0,-1,-1,-1
479,51,2230.00,830.00,126.00,101.00,1.0,-1,-1,-1
479,54,1947.00,878.00,1914.00,1282.00,1.0,-1,-1,-1
479,56,1095.00,1120.00,215.00,188.00,1.0,-1,-1,-1
480,42,182.00,1179.00,735.00,982.00,1.0,-1,-1,-1
480,51,2226.00,825.00,126.00,102.00,1.0,-1,-1,-1
480,54,1947.00,874.00,1914.00,1286.00,1.0,-1,-1,-1
480,56,1093.00,1126.00,216.00,188.00,1.0,-1,-1,-1
481,42,167.00,1189.00,735.00,968.00,1.0,-1,-1,-1
481,51,2221.00,819.00,125.00,103.00,1.0,-1,-1,-1
481,54,1945.00,869.00,1916.00,1291.00,1.0,-1,-1,-1
481,56,1091.00,1131.00,218.00,189.00,1.0,-1,-1,-1
482,42,152.00,1200.00,741.00,959.00,1.0,-1,-1,-1
482,51,2219.00,822.00,122.00,100.00,1.0,-1,-1,-1
482,54,1949.00,869.00,1910.00,1291.00,1.0,-1,-1,-1
482,56,1087.00,1135.00,226.00,195.00,1.0,-1,-1,-1
483,42,133.00,1211.00,746.00,948.00,1.0,-1,-1,-1
483,51,2214.00,821.00,119.00,97.00,1.0,-1,-1,-1
483,54,1940.00,856.00,1923.00,1304.00,1.0,-1,-1,-1
483,56,1087.00,1142.00,227.00,196.00,1.0,-1,-1,-1
484,42,111.00,1219.00,751.00,934.00,1.0,-1,-1,-1
484,51,2210.00,816.00,121.00,101.00,1.0,-1,-1,-1
484,54,1935.00,845.00,1931.00,1315.00,1.0,-1,-1,-1
484,56,1084.00,1149.00,231.00,198.00,1.0,-1,-1,-1
485,42,91.00,1231.00,752.00,920.00,1.0,-1,-1,-1
485,51,2204.00,813.00,122.00,101.00,1.0,-1,-1,-1
485,54,1929.00,835.00,1937.00,1325.00,1.0,-1,-1,-1
485,56,1080.00,1153.00,237.00,202.00,1.0,-1,-1,-1
486,42,69.00,1242.00,759.00,910.00,1.0,-1,-1,-1
486,54,1927.00,837.00,1930.00,1323.00,1.0,-1,-1,-1
486,56,1080.00,1160.00,239.00,204.00,1.0,-1,-1,-1
487,42,62.00,1258.00,758.00,891.00,1.0,-1,-1,-1
487,54,1921.00,827.00,1939.00,1333.00,1.0,-1,-1,-1
487,56,1079.00,1169.00,238.00,202.00,1.0,-1,-1,-1
488,42,51.00,1268.00,765.00,887.00,1.0,-1,-1,-1
488,54,1922.00,824.00,1936.00,1336.00,1.0,-1,-1,-1
488,56,1074.00,1177.00,241.00,203.00,1.0,-1,-1,-1
489,42,44.00,1281.00,764.00,874.00,1.0,-1,-1,-1
489,54,1921.00,817.00,1940.00,1343.00,1.0,-1,-1,-1
489,56,1072.00,1186.00,242.00,204.00,1.0,-1,-1,-1
490,42,40.00,1295.00,762.00,859.00,1.0,-1,-1,-1
490,54,1926.00,817.00,1934.00,1343.00,1.0,-1,-1,-1
490,56,1070.00,1189.00,246.00,208.00,1.0,-1,-1,-1
491,42,37.00,1310.00,757.00,845.00,1.0,-1,-1,-1
491,54,1925.00,816.00,1930.00,1344.00,1.0,-1,-1,-1
491,56,1070.00,1196.00,246.00,209.00,1.0,-1,-1,-1
492,42,36.00,1326.00,743.00,819.00,1.0,-1,-1,-1
492,54,1932.00,817.00,1923.00,1343.00,1.0,-1,-1,-1
492,56,1071.00,1206.00,243.00,205.00,1.0,-1,-1,-1
493,42,31.00,1340.00,741.00,809.00,1.0,-1,-1,-1
493,54,1937.00,816.00,1920.00,1344.00,1.0,-1,-1,-1
493,56,1068.00,1214.00,247.00,209.00,1.0,-1,-1,-1
494,42,25.00,1356.00,737.00,799.00,1.0,-1,-1,-1
494,54,1941.00,814.00,1916.00,1346.00,1.0,-1,-1,-1
494,56,1062.00,1222.00,253.00,214.00,1.0,-1,-1,-1
495,42,19.00,1369.00,731.00,787.00,1.0,-1,-1,-1
495,54,1946.00,814.00,1910.00,1346.00,1.0,-1,-1,-1
495,56,1058.00,1231.00,257.00,217.00,1.0,-1,-1,-1
496,42,17.00,1387.00,719.00,769.00,1.0,-1,-1,-1
496,54,1948.00,811.00,1909.00,1349.00,1.0,-1,-1,-1
496,56,1055.00,1238.00,261.00,220.00,1.0,-1,-1,-1
497,42,12.00,1404.00,707.00,753.00,1.0,-1,-1,-1
497,54,1946.00,806.00,1910.00,1354.00,1.0,-1,-1,-1
497,56,1050.00,1245.00,265.00,222.00,1.0,-1,-1,-1
498,42,8.00,1421.00,692.00,735.00,1.0,-1,-1,-1
498,54,1943.00,788.00,1926.00,1372.00,1.0,-1,-1,-1
498,56,1044.00,1254.00,269.00,227.00,1.0,-1,-1,-1
499,42,13.00,1450.00,670.00,709.00,1.0,-1,-1,-1
499,54,1948.00,795.00,1911.00,1365.00,1.0,-1,-1,-1
499,56,1041.00,1262.00,275.00,231.00,1.0,-1,-1,-1
500,42,13.00,1471.00,651.00,687.00,1.0,-1,-1,-1
500,54,1948.00,782.00,1920.00,1378.00,1.0,-1,-1,-1
500,56,1040.00,1271.00,275.00,232.00,1.0,-1,-1,-1
501,42,12.00,1493.00,634.00,664.00,1.0,-1,-1,-1
501,54,1951.00,777.00,1918.00,1383.00,1.0,-1,-1,-1
501,56,1035.00,1274.00,283.00,241.00,1.0,-1,-1,-1
502,42,11.00,1511.00,617.00,647.00,1.0,-1,-1,-1
502,54,1954.00,775.00,1913.00,1385.00,1.0,-1,-1,-1
502,56,1033.00,1285.00,284.00,242.00,1.0,-1,-1,-1
503,42,9.00,1535.00,596.00,623.00,1.0,-1,-1,-1
503,54,1955.00,773.00,1909.00,1387.00,1.0,-1,-1,-1
503,56,1031.00,1296.00,286.00,244.00,1.0,-1,-1,-1
504,42,8.00,1558.00,577.00,601.00,1.0,-1,-1,-1
504,54,1955.00,768.00,1909.00,1392.00,1.0,-1,-1,-1
504,56,1025.00,1308.00,289.00,245.00,1.0,-1,-1,-1
505,42,7.00,1577.00,559.00,582.00,1.0,-1,-1,-1
505,54,1955.00,766.00,1906.00,1394.00,1.0,-1,-1,-1
505,56,1025.00,1319.00,289.00,245.00,1.0,-1,-1,-1
506,54,1958.00,767.00,1899.00,1393.00,1.0,-1,-1,-1
506,56,1020.00,1324.00,298.00,254.00,1.0,-1,-1,-1
507,54,1959.00,765.00,1897.00,1395.00,1.0,-1,-1,-1
507,56,1019.00,1338.00,302.00,258.00,1.0,-1,-1,-1
508,54,1961.00,766.00,1891.00,1394.00,1.0,-1,-1,-1
508,56,1020.00,1348.00,300.00,257.00,1.0,-1,-1,-1
509,54,1965.00,769.00,1883.00,1391.00,1.0,-1,-1,-1
509,56,1017.00,1360.00,304.00,261.00,1.0,-1,-1,-1
510,54,1963.00,765.00,1886.00,1395.00,1.0,-1,-1,-1
510,56,1008.00,1369.00,314.00,271.00,1.0,-1,-1,-1
511,54,1965.00,765.00,1881.00,1395.00,1.0,-1,-1,-1
511,56,1005.00,1382.00,316.00,272.00,1.0,-1,-1,-1
512,54,1965.00,763.00,1881.00,1397.00,1.0,-1,-1,-1
512,56,998.00,1393.00,323.00,279.00,1.0,-1,-1,-1
513,54,1965.00,762.00,1879.00,1398.00,1.0,-1,-1,-1
513,56,994.00,1406.00,324.00,280.00,1.0,-1,-1,-1
514,54,1966.00,763.00,1876.00,1397.00,1.0,-1,-1,-1
514,56,995.00,1417.00,328.00,284.00,1.0,-1,-1,-1
515,54,1969.00,765.00,1871.00,1395.00,1.0,-1,-1,-1
515,56,992.00,1429.00,330.00,288.00,1.0,-1,-1,-1
516,54,1967.00,762.00,1873.00,1398.00,1.0,-1,-1,-1
516,56,984.00,1438.00,342.00,300.00,1.0,-1,-1,-1
517,54,1969.00,763.00,1870.00,1397.00,1.0,-1,-1,-1
517,56,977.00,1454.00,348.00,305.00,1.0,-1,-1,-1
518,54,1971.00,764.00,1866.00,1396.00,1.0,-1,-1,-1
518,56,975.00,1475.00,349.00,308.00,1.0,-1,-1,-1
519,54,1973.00,765.00,1864.00,1395.00,1.0,-1,-1,-1
519,56,973.00,1487.00,351.00,311.00,1.0,-1,-1,-1
520,54,1973.00,765.00,1863.00,1395.00,1.0,-1,-1,-1
520,56,968.00,1501.00,352.00,311.00,1.0,-1,-1,-1
521,54,1975.00,765.00,1861.00,1395.00,1.0,-1,-1,-1
521,56,952.00,1506.00,371.00,331.00,1.0,-1,-1,-1
522,54,1974.00,765.00,1860.00,1395.00,1.0,-1,-1,-1
522,56,953.00,1532.00,369.00,329.00,1.0,-1,-1,-1
523,54,1974.00,764.00,1861.00,1396.00,1.0,-1,-1,-1
523,56,950.00,1550.00,373.00,335.00,1.0,-1,-1,-1
524,54,1971.00,761.00,1864.00,1399.00,1.0,-1,-1,-1
524,56,944.00,1568.00,375.00,338.00,1.0,-1,-1,-1
525,54,1971.00,761.00,1863.00,1399.00,1.0,-1,-1,-1
525,56,929.00,1576.00,392.00,354.00,1.0,-1,-1,-1
526,54,1970.00,762.00,1862.00,1398.00,1.0,-1,-1,-1
526,56,916.00,1584.00,409.00,372.00,1.0,-1,-1,-1
527,54,1967.00,760.00,1865.00,1400.00,1.0,-1,-1,-1
527,56,902.00,1591.00,428.00,392.00,1.0,-1,-1,-1
528,54,1969.00,761.00,1863.00,1399.00,1.0,-1,-1,-1
528,56,907.00,1632.00,405.00,370.00,1.0,-1,-1,-1
529,54,1960.00,753.00,1874.00,1407.00,1.0,-1,-1,-1
529,56,906.00,1660.00,403.00,368.00,1.0,-1,-1,-1
530,54,1958.00,752.00,1875.00,1408.00,1.0,-1,-1,-1
530,56,896.00,1678.00,418.00,382.00,1.0,-1,-1,-1
531,54,1961.00,753.00,1872.00,1407.00,1.0,-1,-1,-1
531,56,883.00,1692.00,431.00,396.00,1.0,-1,-1,-1
532,54,1959.00,751.00,1875.00,1409.00,1.0,-1,-1,-1
532,56,881.00,1721.00,426.00,392.00,1.0,-1,-1,-1
533,54,1958.00,751.00,1875.00,1409.00,1.0,-1,-1,-1
533,56,877.00,1755.00,423.00,388.00,1.0,-1,-1,-1
534,54,1958.00,753.00,1873.00,1407.00,1.0,-1,-1,-1
534,56,875.00,1785.00,412.00,373.00,1.0,-1,-1,-1
535,54,1957.00,751.00,1875.00,1409.00,1.0,-1,-1,-1
535,56,885.00,1817.00,391.00,349.00,1.0,-1,-1,-1
536,54,1957.00,750.00,1876.00,1410.00,1.0,-1,-1,-1
536,56,888.00,1839.00,371.00,323.00,1.0,-1,-1,-1
537,54,1954.00,749.00,1878.00,1411.00,1.0,-1,-1,-1
537,56,891.00,1864.00,353.00,298.00,1.0,-1,-1,-1
538,54,1956.00,748.00,1878.00,1412.00,1.0,-1,-1,-1
538,56,891.00,1868.00,355.00,293.00,1.0,-1,-1,-1
