3,7,2.00,4.00,903.00,869.00,1.0,-1,-1,-1
4,1,2.00,25.00,511.00,139.00,1.0,-1,-1,-1
4,7,1.00,4.00,905.00,870.00,1.0,-1,-1,-1
5,1,3.00,25.00,508.00,138.00,1.0,-1,-1,-1
6,1,4.00,25.00,506.00,137.00,1.0,-1,-1,-1
6,7,3.00,4.00,896.00,860.00,1.0,-1,-1,-1
7,1,3.00,25.00,507.00,137.00,1.0,-1,-1,-1
7,7,4.00,3.00,892.00,856.00,1.0,-1,-1,-1
8,1,4.00,25.00,506.00,136.00,1.0,-1,-1,-1
8,7,2.00,4.00,894.00,857.00,1.0,-1,-1,-1
9,1,4.00,24.00,506.00,137.00,1.0,-1,-1,-1
9,7,1.00,4.00,893.00,856.00,1.0,-1,-1,-1
10,1,4.00,24.00,507.00,137.00,1.0,-1,-1,-1
11,1,3.00,24.00,509.00,137.00,1.0,-1,-1,-1
12,1,1.00,24.00,511.00,137.00,1.0,-1,-1,-1
12,5,1005.00,1.00,94.00,59.00,1.0,-1,-1,-1
13,3,893.00,2.00,97.00,65.00,1.0,-1,-1,-1
13,5,1006.00,4.00,93.00,60.00,1.0,-1,-1,-1
14,1,2.00,23.00,508.00,137.00,1.0,-1,-1,-1
14,3,893.00,6.00,95.00,64.00,1.0,-1,-1,-1
14,5,1008.00,8.00,89.00,59.00,1.0,-1,-1,-1
15,1,2.00,23.00,509.00,136.00,1.0,-1,-1,-1
15,3,893.00,9.00,93.00,64.00,1.0,-1,-1,-1
15,5,1010.00,12.00,86.00,58.00,1.0,-1,-1,-1
16,1,1.00,21.00,512.00,138.00,1.0,-1,-1,-1
16,3,893.00,12.00,91.00,65.00,1.0,-1,-1,-1
16,5,1011.00,15.00,86.00,59.00,1.0,-1,-1,-1
17,3,892.00,15.00,91.00,66.00,1.0,-1,-1,-1
17,5,1012.00,18.00,85.00,60.00,1.0,-1,-1,-1
18,3,889.00,16.00,93.00,69.00,1.0,-1,-1,-1
18,5,1012.00,21.00,86.00,60.00,1.0,-1,-1,-1
19,3,888.00,18.00,93.00,70.00,1.0,-1,-1,-1
19,5,1012.00,23.00,87.00,63.00,1.0,-1,-1,-1
19,7,1.00,5.00,887.00,851.00,1.0,-1,-1,-1
20,3,886.00,21.00,93.00,72.00,1.0,-1,-1,-1
20,5,1012.00,26.00,87.00,64.00,1.0,-1,-1,-1
21,3,884.00,24.00,93.00,74.00,1.0,-1,-1,-1
21,5,1012.00,29.00,88.00,65.00,1.0,-1,-1,-1
22,3,883.00,28.00,93.00,74.00,1.0,-1,-1,-1
22,5,1014.00,32.00,87.00,66.00,1.0,-1,-1,-1
23,3,879.00,31.00,95.00,76.00,1.0,-1,-1,-1
23,5,1015.00,35.00,87.00,67.00,1.0,-1,-1,-1
24,3,876.00,34.00,96.00,79.00,1.0,-1,-1,-1
24,5,1016.00,38.00,88.00,69.00,1.0,-1,-1,-1
25,3,874.00,38.00,96.00,80.00,1.0,-1,-1,-1
25,5,1016.00,41.00,90.00,71.00,1.0,-1,-1,-1
25,6,1091.00,1.00,155.00,70.00,1.0,-1,-1,-1
26,3,871.00,42.00,98.00,82.00,1.0,-1,-1,-1
26,5,1016.00,44.00,91.00,73.00,1.0,-1,-1,-1
26,6,1097.00,3.00,150.00,71.00,1.0,-1,-1,-1
27,3,868.00,46.00,100.00,84.00,1.0,-1,-1,-1
27,5,1017.00,48.00,92.00,74.00,1.0,-1,-1,-1
27,6,1102.00,6.00,147.00,72.00,1.0,-1,-1,-1
28,3,866.00,50.00,101.00,86.00,1.0,-1,-1,-1
28,5,1017.00,52.00,93.00,76.00,1.0,-1,-1,-1
28,6,1108.00,10.00,142.00,73.00,1.0,-1,-1,-1
28,7,4.00,4.00,887.00,854.00,1.0,-1,-1,-1
29,3,863.00,54.00,102.00,89.00,1.0,-1,-1,-1
29,5,1017.00,56.00,94.00,78.00,1.0,-1,-1,-1
29,6,1113.00,13.00,138.00,74.00,1.0,-1,-1,-1
29,7,3.00,3.00,889.00,856.00,1.0,-1,-1,-1
30,3,860.00,58.00,103.00,91.00,1.0,-1,-1,-1
30,5,1017.00,60.00,96.00,80.00,1.0,-1,-1,-1
30,6,1117.00,16.00,136.00,75.00,1.0,-1,-1,-1
30,7,4.00,3.00,882.00,849.00,1.0,-1,-1,-1
31,3,855.00,63.00,107.00,94.00,1.0,-1,-1,-1
31,5,1018.00,65.00,97.00,82.00,1.0,-1,-1,-1
31,6,1122.00,19.00,134.00,77.00,1.0,-1,-1,-1
31,7,1.00,3.00,884.00,852.00,1.0,-1,-1,-1
32,3,851.00,68.00,109.00,97.00,1.0,-1,-1,-1
32,5,1018.00,70.00,99.00,84.00,1.0,-1,-1,-1
32,6,1127.00,22.00,133.00,79.00,1.0,-1,-1,-1
32,12,4.00,17.00,508.00,492.00,1.0,-1,-1,-1
32,14,983.00,1.00,128.00,60.00,1.0,-1,-1,-1
33,3,848.00,73.00,110.00,100.00,1.0,-1,-1,-1
33,5,1018.00,75.00,101.00,88.00,1.0,-1,-1,-1
33,6,1132.00,26.00,132.00,81.00,1.0,-1,-1,-1
33,12,5.00,17.00,506.00,488.00,1.0,-1,-1,-1
33,14,984.00,2.00,128.00,63.00,1.0,-1,-1,-1
34,3,844.00,79.00,113.00,103.00,1.0,-1,-1,-1
34,5,1018.00,81.00,104.00,90.00,1.0,-1,-1,-1
34,6,1136.00,30.00,133.00,84.00,1.0,-1,-1,-1
34,14,985.00,4.00,127.00,66.00,1.0,-1,-1,-1
35,3,839.00,84.00,117.00,107.00,1.0,-1,-1,-1
35,5,1018.00,87.00,107.00,93.00,1.0,-1,-1,-1
35,6,1141.00,33.00,132.00,87.00,1.0,-1,-1,-1
35,14,986.00,6.00,125.00,68.00,1.0,-1,-1,-1
36,3,835.00,91.00,118.00,109.00,1.0,-1,-1,-1
36,5,1019.00,93.00,108.00,95.00,1.0,-1,-1,-1
36,6,1146.00,38.00,133.00,88.00,1.0,-1,-1,-1
36,14,990.00,10.00,118.00,67.00,1.0,-1,-1,-1
37,3,829.00,97.00,123.00,114.00,1.0,-1,-1,-1
37,5,1019.00,100.00,111.00,98.00,1.0,-1,-1,-1
37,6,1151.00,42.00,133.00,90.00,1.0,-1,-1,-1
37,14,991.00,14.00,116.00,68.00,1.0,-1,-1,-1
38,3,825.00,105.00,125.00,117.00,1.0,-1,-1,-1
38,5,1019.00,108.00,113.00,99.00,1.0,-1,-1,-1
38,6,1156.00,47.00,133.00,93.00,1.0,-1,-1,-1
38,14,993.00,16.00,114.00,71.00,1.0,-1,-1,-1
39,3,821.00,114.00,126.00,120.00,1.0,-1,-1,-1
39,5,1020.00,116.00,116.00,102.00,1.0,-1,-1,-1
39,6,1162.00,52.00,132.00,94.00,1.0,-1,-1,-1
39,14,994.00,19.00,113.00,72.00,1.0,-1,-1,-1
39,18,872.00,1.00,136.00,64.00,1.0,-1,-1,-1
40,3,814.00,122.00,133.00,126.00,1.0,-1,-1,-1
40,5,1020.00,123.00,119.00,106.00,1.0,-1,-1,-1
40,6,1168.00,58.00,134.00,97.00,1.0,-1,-1,-1
40,14,995.00,22.00,113.00,74.00,1.0,-1,-1,-1
40,18,870.00,2.00,136.00,67.00,1.0,-1,-1,-1
41,3,807.00,129.00,139.00,132.00,1.0,-1,-1,-1
41,5,1021.00,132.00,121.00,109.00,1.0,-1,-1,-1
41,6,1173.00,63.00,136.00,100.00,1.0,-1,-1,-1
41,7,1.00,6.00,885.00,860.00,1.0,-1,-1,-1
41,14,997.00,25.00,111.00,77.00,1.0,-1,-1,-1
41,18,870.00,4.00,135.00,69.00,1.0,-1,-1,-1
42,3,802.00,139.00,140.00,136.00,1.0,-1,-1,-1
42,5,1021.00,140.00,126.00,114.00,1.0,-1,-1,-1
42,6,1178.00,69.00,139.00,103.00,1.0,-1,-1,-1
42,7,4.00,5.00,883.00,859.00,1.0,-1,-1,-1
42,14,997.00,28.00,112.00,79.00,1.0,-1,-1,-1
42,18,869.00,6.00,133.00,72.00,1.0,-1,-1,-1
43,3,795.00,150.00,145.00,140.00,1.0,-1,-1,-1
43,5,1021.00,149.00,131.00,118.00,1.0,-1,-1,-1
43,6,1184.00,75.00,141.00,107.00,1.0,-1,-1,-1
43,7,2.00,5.00,886.00,861.00,1.0,-1,-1,-1
43,14,997.00,30.00,113.00,83.00,1.0,-1,-1,-1
43,18,870.00,8.00,130.00,74.00,1.0,-1,-1,-1
44,3,788.00,161.00,149.00,146.00,1.0,-1,-1,-1
44,5,1022.00,159.00,135.00,123.00,1.0,-1,-1,-1
44,6,1190.00,81.00,144.00,110.00,1.0,-1,-1,-1
44,14,999.00,34.00,111.00,84.00,1.0,-1,-1,-1
44,18,871.00,11.00,127.00,75.00,1.0,-1,-1,-1
45,3,778.00,171.00,157.00,154.00,1.0,-1,-1,-1
45,5,1023.00,169.00,139.00,128.00,1.0,-1,-1,-1
45,6,1197.00,87.00,147.00,114.00,1.0,-1,-1,-1
45,14,1000.00,38.00,112.00,87.00,1.0,-1,-1,-1
45,18,872.00,14.00,123.00,75.00,1.0,-1,-1,-1
46,3,770.00,184.00,162.00,161.00,1.0,-1,-1,-1
46,5,1024.00,181.00,143.00,132.00,1.0,-1,-1,-1
46,6,1204.00,95.00,149.00,117.00,1.0,-1,-1,-1
46,7,2.00,3.00,889.00,866.00,1.0,-1,-1,-1
46,14,1001.00,42.00,112.00,89.00,1.0,-1,-1,-1
46,18,872.00,16.00,121.00,77.00,1.0,-1,-1,-1
47,1,1.00,14.00,517.00,145.00,1.0,-1,-1,-1
47,3,760.00,198.00,169.00,169.00,1.0,-1,-1,-1
47,5,1025.00,193.00,148.00,138.00,1.0,-1,-1,-1
47,6,1212.00,103.00,152.00,120.00,1.0,-1,-1,-1
47,7,3.00,4.00,888.00,864.00,1.0,-1,-1,-1
47,14,1002.00,45.00,113.00,92.00,1.0,-1,-1,-1
47,18,871.00,19.00,120.00,80.00,1.0,-1,-1,-1
48,3,750.00,213.00,176.00,177.00,1.0,-1,-1,-1
48,5,1026.00,205.00,155.00,146.00,1.0,-1,-1,-1
48,6,1219.00,112.00,156.00,124.00,1.0,-1,-1,-1
48,7,2.00,5.00,888.00,863.00,1.0,-1,-1,-1
48,14,1003.00,50.00,113.00,94.00,1.0,-1,-1,-1
48,18,869.00,22.00,120.00,82.00,1.0,-1,-1,-1
48,21,1093.00,1.00,183.00,70.00,1.0,-1,-1,-1
49,1,2.00,16.00,515.00,143.00,1.0,-1,-1,-1
49,3,739.00,229.00,183.00,186.00,1.0,-1,-1,-1
49,5,1028.00,220.00,160.00,152.00,1.0,-1,-1,-1
49,6,1227.00,120.00,161.00,129.00,1.0,-1,-1,-1
49,7,1.00,5.00,889.00,865.00,1.0,-1,-1,-1
49,14,1004.00,54.00,114.00,98.00,1.0,-1,-1,-1
49,18,868.00,27.00,118.00,82.00,1.0,-1,-1,-1
49,21,1100.00,3.00,177.00,72.00,1.0,-1,-1,-1
50,1,3.00,16.00,513.00,143.00,1.0,-1,-1,-1
50,3,726.00,247.00,193.00,198.00,1.0,-1,-1,-1
50,5,1030.00,235.00,167.00,158.00,1.0,-1,-1,-1
50,6,1234.00,129.00,166.00,134.00,1.0,-1,-1,-1
50,14,1004.00,59.00,115.00,100.00,1.0,-1,-1,-1
50,18,868.00,30.00,116.00,85.00,1.0,-1,-1,-1
50,21,1106.00,7.00,171.00,73.00,1.0,-1,-1,-1
51,1,4.00,16.00,512.00,142.00,1.0,-1,-1,-1
51,3,711.00,264.00,206.00,213.00,1.0,-1,-1,-1
51,5,1031.00,251.00,175.00,168.00,1.0,-1,-1,-1
51,6,1243.00,140.00,172.00,139.00,1.0,-1,-1,-1
51,14,1005.00,64.00,115.00,103.00,1.0,-1,-1,-1
51,18,865.00,34.00,117.00,86.00,1.0,-1,-1,-1
51,21,1113.00,10.00,167.00,75.00,1.0,-1,-1,-1
52,1,5.00,16.00,510.00,142.00,1.0,-1,-1,-1
52,3,696.00,286.00,216.00,225.00,1.0,-1,-1,-1
52,5,1033.00,269.00,183.00,178.00,1.0,-1,-1,-1
52,6,1252.00,151.00,179.00,145.00,1.0,-1,-1,-1
52,7,1.00,6.00,884.00,861.00,1.0,-1,-1,-1
52,14,1006.00,70.00,116.00,106.00,1.0,-1,-1,-1
52,18,864.00,38.00,116.00,88.00,1.0,-1,-1,-1
52,21,1118.00,12.00,163.00,78.00,1.0,-1,-1,-1
53,1,2.00,15.00,517.00,143.00,1.0,-1,-1,-1
53,3,678.00,308.00,230.00,243.00,1.0,-1,-1,-1
53,5,1033.00,288.00,196.00,191.00,1.0,-1,-1,-1
53,6,1263.00,162.00,185.00,152.00,1.0,-1,-1,-1
53,14,1007.00,77.00,117.00,108.00,1.0,-1,-1,-1
53,18,863.00,42.00,116.00,90.00,1.0,-1,-1,-1
53,21,1124.00,16.00,159.00,79.00,1.0,-1,-1,-1
54,1,1.00,15.00,519.00,143.00,1.0,-1,-1,-1
54,3,658.00,334.00,244.00,259.00,1.0,-1,-1,-1
54,5,1035.00,308.00,207.00,204.00,1.0,-1,-1,-1
54,6,1273.00,174.00,194.00,159.00,1.0,-1,-1,-1
54,14,1008.00,83.00,119.00,111.00,1.0,-1,-1,-1
54,18,862.00,47.00,115.00,91.00,1.0,-1,-1,-1
54,21,1130.00,20.00,155.00,80.00,1.0,-1,-1,-1
55,3,636.00,362.00,261.00,280.00,1.0,-1,-1,-1
55,5,1038.00,331.00,219.00,219.00,1.0,-1,-1,-1
55,6,1284.00,187.00,203.00,167.00,1.0,-1,-1,-1
55,14,1009.00,89.00,122.00,115.00,1.0,-1,-1,-1
55,18,860.00,52.00,115.00,93.00,1.0,-1,-1,-1
55,21,1136.00,24.00,151.00,82.00,1.0,-1,-1,-1
56,1,1.00,15.00,518.00,143.00,1.0,-1,-1,-1
56,3,608.00,393.00,284.00,308.00,1.0,-1,-1,-1
56,5,1040.00,356.00,234.00,236.00,1.0,-1,-1,-1
56,6,1296.00,202.00,213.00,175.00,1.0,-1,-1,-1
56,12,1.00,14.00,514.00,495.00,1.0,-1,-1,-1
56,14,1010.00,97.00,123.00,118.00,1.0,-1,-1,-1
56,18,857.00,57.00,116.00,95.00,1.0,-1,-1,-1
56,21,1142.00,28.00,149.00,84.00,1.0,-1,-1,-1
56,24,1006.00,2.00,89.00,67.00,1.0,-1,-1,-1
57,1,1.00,14.00,518.00,143.00,1.0,-1,-1,-1
57,3,579.00,429.00,307.00,338.00,1.0,-1,-1,-1
57,5,1043.00,383.00,249.00,254.00,1.0,-1,-1,-1
57,6,1310.00,218.00,224.00,184.00,1.0,-1,-1,-1
57,12,2.00,13.00,514.00,494.00,1.0,-1,-1,-1
57,14,1010.00,103.00,126.00,123.00,1.0,-1,-1,-1
57,18,854.00,62.00,117.00,97.00,1.0,-1,-1,-1
57,21,1149.00,32.00,146.00,86.00,1.0,-1,-1,-1
57,24,1006.00,4.00,90.00,69.00,1.0,-1,-1,-1
58,3,541.00,469.00,338.00,378.00,1.0,-1,-1,-1
58,5,1045.00,412.00,270.00,278.00,1.0,-1,-1,-1
58,6,1324.00,235.00,237.00,196.00,1.0,-1,-1,-1
58,14,1011.00,111.00,128.00,127.00,1.0,-1,-1,-1
58,18,851.00,67.00,118.00,100.00,1.0,-1,-1,-1
58,21,1154.00,37.00,145.00,89.00,1.0,-1,-1,-1
58,24,1007.00,9.00,88.00,69.00,1.0,-1,-1,-1
59,3,499.00,517.00,374.00,423.00,1.0,-1,-1,-1
59,5,1047.00,444.00,293.00,307.00,1.0,-1,-1,-1
59,6,1341.00,255.00,249.00,204.00,1.0,-1,-1,-1
59,14,1011.00,119.00,132.00,132.00,1.0,-1,-1,-1
59,18,848.00,74.00,119.00,101.00,1.0,-1,-1,-1
59,21,1160.00,41.00,144.00,91.00,1.0,-1,-1,-1
59,24,1007.00,13.00,88.00,70.00,1.0,-1,-1,-1
60,3,456.00,571.00,405.00,467.00,1.0,-1,-1,-1
60,5,1050.00,480.00,321.00,341.00,1.0,-1,-1,-1
60,6,1359.00,276.00,266.00,218.00,1.0,-1,-1,-1
60,14,1013.00,128.00,135.00,136.00,1.0,-1,-1,-1
60,18,844.00,78.00,122.00,105.00,1.0,-1,-1,-1
60,21,1166.00,46.00,143.00,94.00,1.0,-1,-1,-1
60,24,1008.00,17.00,87.00,71.00,1.0,-1,-1,-1
61,3,432.00,634.00,389.00,444.00,1.0,-1,-1,-1
61,5,1054.00,524.00,350.00,379.00,1.0,-1,-1,-1
61,6,1378.00,299.00,286.00,235.00,1.0,-1,-1,-1
61,14,1013.00,137.00,139.00,141.00,1.0,-1,-1,-1
61,18,840.00,84.00,124.00,109.00,1.0,-1,-1,-1
61,21,1173.00,52.00,141.00,94.00,1.0,-1,-1,-1
61,24,1009.00,21.00,88.00,72.00,1.0,-1,-1,-1
62,3,417.00,715.00,347.00,378.00,1.0,-1,-1,-1
62,5,1059.00,574.00,387.00,425.00,1.0,-1,-1,-1
62,6,1400.00,323.00,308.00,253.00,1.0,-1,-1,-1
62,14,1014.00,146.00,144.00,148.00,1.0,-1,-1,-1
62,18,837.00,90.00,127.00,113.00,1.0,-1,-1,-1
62,21,1179.00,57.00,141.00,98.00,1.0,-1,-1,-1
62,24,1011.00,24.00,87.00,74.00,1.0,-1,-1,-1
63,3,418.00,815.00,284.00,280.00,1.0,-1,-1,-1
63,5,1082.00,631.00,390.00,430.00,1.0,-1,-1,-1
63,6,1423.00,351.00,335.00,274.00,1.0,-1,-1,-1
63,14,1014.00,156.00,150.00,155.00,1.0,-1,-1,-1
63,18,832.00,97.00,130.00,117.00,1.0,-1,-1,-1
63,21,1186.00,64.00,141.00,100.00,1.0,-1,-1,-1
63,24,1010.00,28.00,90.00,76.00,1.0,-1,-1,-1
64,3,427.00,939.00,195.00,154.00,1.0,-1,-1,-1
64,5,1119.00,694.00,362.00,393.00,1.0,-1,-1,-1
64,6,1450.00,382.00,364.00,298.00,1.0,-1,-1,-1
64,14,1014.00,166.00,156.00,162.00,1.0,-1,-1,-1
64,18,828.00,103.00,133.00,121.00,1.0,-1,-1,-1
64,21,1192.00,69.00,143.00,104.00,1.0,-1,-1,-1
64,24,1010.00,31.00,91.00,78.00,1.0,-1,-1,-1
65,3,420.00,985.00,174.00,137.00,1.0,-1,-1,-1
65,5,1171.00,773.00,314.00,322.00,1.0,-1,-1,-1
65,6,1480.00,416.00,405.00,330.00,1.0,-1,-1,-1
65,14,1015.00,178.00,162.00,170.00,1.0,-1,-1,-1
65,18,823.00,111.00,135.00,124.00,1.0,-1,-1,-1
65,21,1198.00,75.00,145.00,107.00,1.0,-1,-1,-1
65,24,1011.00,35.00,91.00,80.00,1.0,-1,-1,-1
66,5,1221.00,872.00,247.00,223.00,1.0,-1,-1,-1
66,6,1491.00,453.00,447.00,371.00,1.0,-1,-1,-1
66,14,1016.00,190.00,168.00,179.00,1.0,-1,-1,-1
66,18,818.00,120.00,138.00,128.00,1.0,-1,-1,-1
66,21,1205.00,81.00,147.00,111.00,1.0,-1,-1,-1
66,24,1012.00,40.00,92.00,81.00,1.0,-1,-1,-1
67,5,1236.00,908.00,241.00,218.00,1.0,-1,-1,-1
67,6,1495.00,495.00,491.00,421.00,1.0,-1,-1,-1
67,14,1017.00,204.00,175.00,187.00,1.0,-1,-1,-1
67,18,812.00,127.00,142.00,134.00,1.0,-1,-1,-1
67,21,1212.00,88.00,149.00,116.00,1.0,-1,-1,-1
67,24,1013.00,44.00,94.00,84.00,1.0,-1,-1,-1
68,6,1496.00,542.00,538.00,484.00,1.0,-1,-1,-1
68,12,1.00,8.00,519.00,494.00,1.0,-1,-1,-1
68,14,1020.00,219.00,182.00,197.00,1.0,-1,-1,-1
68,18,806.00,137.00,146.00,138.00,1.0,-1,-1,-1
68,21,1221.00,97.00,150.00,118.00,1.0,-1,-1,-1
68,24,1014.00,48.00,94.00,87.00,1.0,-1,-1,-1
69,6,1539.00,600.00,502.00,474.00,1.0,-1,-1,-1
69,12,1.00,8.00,519.00,493.00,1.0,-1,-1,-1
69,14,1021.00,235.00,191.00,209.00,1.0,-1,-1,-1
69,18,800.00,146.00,150.00,143.00,1.0,-1,-1,-1
69,21,1229.00,105.00,152.00,122.00,1.0,-1,-1,-1
69,24,1014.00,53.00,96.00,89.00,1.0,-1,-1,-1
70,6,1552.00,622.00,520.00,491.00,1.0,-1,-1,-1
70,14,1021.00,252.00,202.00,224.00,1.0,-1,-1,-1
70,18,793.00,155.00,156.00,151.00,1.0,-1,-1,-1
70,21,1239.00,114.00,155.00,126.00,1.0,-1,-1,-1
70,24,1015.00,58.00,98.00,92.00,1.0,-1,-1,-1
71,14,1022.00,271.00,213.00,238.00,1.0,-1,-1,-1
71,18,785.00,165.00,164.00,160.00,1.0,-1,-1,-1
71,21,1247.00,122.00,161.00,133.00,1.0,-1,-1,-1
71,24,1015.00,64.00,100.00,94.00,1.0,-1,-1,-1
72,7,14.00,7.00,846.00,863.00,1.0,-1,-1,-1
72,14,1025.00,291.00,225.00,256.00,1.0,-1,-1,-1
72,18,778.00,177.00,169.00,167.00,1.0,-1,-1,-1
72,21,1257.00,133.00,166.00,137.00,1.0,-1,-1,-1
72,24,1015.00,69.00,102.00,98.00,1.0,-1,-1,-1
72,26,959.00,2.00,179.00,58.00,1.0,-1,-1,-1
73,7,21.00,5.00,856.00,866.00,1.0,-1,-1,-1
73,14,1027.00,315.00,238.00,273.00,1.0,-1,-1,-1
73,18,769.00,189.00,176.00,176.00,1.0,-1,-1,-1
73,21,1267.00,144.00,171.00,143.00,1.0,-1,-1,-1
73,24,1016.00,75.00,104.00,100.00,1.0,-1,-1,-1
73,26,962.00,3.00,175.00,61.00,1.0,-1,-1,-1
74,7,21.00,4.00,862.00,868.00,1.0,-1,-1,-1
74,14,1030.00,340.00,253.00,293.00,1.0,-1,-1,-1
74,18,760.00,202.00,183.00,184.00,1.0,-1,-1,-1
74,21,1278.00,155.00,176.00,150.00,1.0,-1,-1,-1
74,24,1017.00,82.00,105.00,103.00,1.0,-1,-1,-1
74,26,965.00,5.00,170.00,63.00,1.0,-1,-1,-1
75,7,20.00,4.00,868.00,868.00,1.0,-1,-1,-1
75,12,1.00,7.00,519.00,489.00,1.0,-1,-1,-1
75,14,1033.00,367.00,271.00,318.00,1.0,-1,-1,-1
75,18,750.00,218.00,189.00,193.00,1.0,-1,-1,-1
75,21,1289.00,168.00,184.00,157.00,1.0,-1,-1,-1
75,24,1017.00,89.00,108.00,106.00,1.0,-1,-1,-1
75,25,1088.00,2.00,204.00,71.00,1.0,-1,-1,-1
75,26,969.00,9.00,161.00,63.00,1.0,-1,-1,-1
76,7,23.00,4.00,869.00,868.00,1.0,-1,-1,-1
76,14,1035.00,398.00,291.00,348.00,1.0,-1,-1,-1
76,18,739.00,234.00,198.00,204.00,1.0,-1,-1,-1
76,21,1302.00,182.00,190.00,164.00,1.0,-1,-1,-1
76,24,1018.00,96.00,110.00,109.00,1.0,-1,-1,-1
76,25,1095.00,6.00,196.00,72.00,1.0,-1,-1,-1
76,26,974.00,12.00,154.00,63.00,1.0,-1,-1,-1
77,14,1040.00,433.00,314.00,381.00,1.0,-1,-1,-1
77,18,725.00,250.00,210.00,218.00,1.0,-1,-1,-1
77,21,1315.00,197.00,198.00,172.00,1.0,-1,-1,-1
77,24,1019.00,104.00,113.00,112.00,1.0,-1,-1,-1
77,25,1104.00,9.00,187.00,74.00,1.0,-1,-1,-1
77,26,976.00,15.00,151.00,65.00,1.0,-1,-1,-1
78,7,20.00,3.00,872.00,866.00,1.0,-1,-1,-1
78,14,1044.00,473.00,343.00,422.00,1.0,-1,-1,-1
78,18,711.00,267.00,221.00,233.00,1.0,-1,-1,-1
78,21,1329.00,213.00,208.00,181.00,1.0,-1,-1,-1
78,24,1019.00,112.00,117.00,116.00,1.0,-1,-1,-1
78,25,1111.00,13.00,181.00,75.00,1.0,-1,-1,-1
78,26,980.00,20.00,144.00,65.00,1.0,-1,-1,-1
79,7,19.00,3.00,876.00,866.00,1.0,-1,-1,-1
79,14,1049.00,518.00,373.00,470.00,1.0,-1,-1,-1
79,18,697.00,289.00,232.00,247.00,1.0,-1,-1,-1
79,21,1345.00,231.00,218.00,191.00,1.0,-1,-1,-1
79,24,1019.00,119.00,121.00,122.00,1.0,-1,-1,-1
79,25,1117.00,16.00,177.00,77.00,1.0,-1,-1,-1
79,26,985.00,24.00,138.00,66.00,1.0,-1,-1,-1
80,7,16.00,3.00,880.00,868.00,1.0,-1,-1,-1
80,14,1066.00,572.00,383.00,485.00,1.0,-1,-1,-1
80,18,683.00,312.00,244.00,263.00,1.0,-1,-1,-1
80,21,1363.00,251.00,229.00,202.00,1.0,-1,-1,-1
80,24,1019.00,129.00,125.00,126.00,1.0,-1,-1,-1
80,25,1124.00,21.00,171.00,78.00,1.0,-1,-1,-1
80,26,988.00,27.00,134.00,68.00,1.0,-1,-1,-1
81,7,13.00,2.00,884.00,867.00,1.0,-1,-1,-1
81,14,1102.00,636.00,362.00,450.00,1.0,-1,-1,-1
81,18,663.00,334.00,260.00,283.00,1.0,-1,-1,-1
81,21,1379.00,272.00,247.00,218.00,1.0,-1,-1,-1
81,24,1021.00,138.00,129.00,131.00,1.0,-1,-1,-1
81,25,1132.00,25.00,165.00,79.00,1.0,-1,-1,-1
81,26,990.00,31.00,132.00,69.00,1.0,-1,-1,-1
82,7,15.00,1.00,884.00,868.00,1.0,-1,-1,-1
82,14,1145.00,710.00,323.00,385.00,1.0,-1,-1,-1
82,18,644.00,363.00,273.00,300.00,1.0,-1,-1,-1
82,21,1399.00,294.00,265.00,237.00,1.0,-1,-1,-1
82,24,1022.00,149.00,134.00,136.00,1.0,-1,-1,-1
82,25,1138.00,28.00,164.00,83.00,1.0,-1,-1,-1
82,26,993.00,36.00,128.00,69.00,1.0,-1,-1,-1
83,1,1.00,7.00,520.00,147.00,1.0,-1,-1,-1
83,14,1192.00,801.00,270.00,294.00,1.0,-1,-1,-1
83,18,621.00,394.00,293.00,327.00,1.0,-1,-1,-1
83,21,1422.00,321.00,284.00,254.00,1.0,-1,-1,-1
83,24,1024.00,160.00,139.00,142.00,1.0,-1,-1,-1
83,25,1143.00,31.00,164.00,87.00,1.0,-1,-1,-1
83,26,995.00,40.00,126.00,72.00,1.0,-1,-1,-1
84,1,1.00,7.00,520.00,147.00,1.0,-1,-1,-1
84,14,1239.00,917.00,196.00,175.00,1.0,-1,-1,-1
84,18,594.00,429.00,318.00,359.00,1.0,-1,-1,-1
84,21,1446.00,350.00,310.00,278.00,1.0,-1,-1,-1
84,24,1025.00,171.00,145.00,149.00,1.0,-1,-1,-1
84,25,1149.00,35.00,162.00,90.00,1.0,-1,-1,-1
84,26,996.00,44.00,126.00,74.00,1.0,-1,-1,-1
85,1,2.00,7.00,518.00,145.00,1.0,-1,-1,-1
85,7,8.00,1.00,894.00,876.00,1.0,-1,-1,-1
85,12,3.00,7.00,515.00,482.00,1.0,-1,-1,-1
85,14,1260.00,962.00,177.00,157.00,1.0,-1,-1,-1
85,18,561.00,464.00,348.00,400.00,1.0,-1,-1,-1
85,21,1475.00,384.00,337.00,302.00,1.0,-1,-1,-1
85,24,1028.00,185.00,149.00,154.00,1.0,-1,-1,-1
85,25,1156.00,41.00,158.00,90.00,1.0,-1,-1,-1
85,26,999.00,49.00,124.00,75.00,1.0,-1,-1,-1
86,1,3.00,7.00,517.00,145.00,1.0,-1,-1,-1
86,7,7.00,1.00,893.00,874.00,1.0,-1,-1,-1
86,12,4.00,7.00,514.00,480.00,1.0,-1,-1,-1
86,18,525.00,510.00,378.00,442.00,1.0,-1,-1,-1
86,21,1509.00,422.00,373.00,334.00,1.0,-1,-1,-1
86,24,1029.00,199.00,156.00,162.00,1.0,-1,-1,-1
86,25,1162.00,45.00,157.00,94.00,1.0,-1,-1,-1
86,26,1001.00,53.00,124.00,78.00,1.0,-1,-1,-1
87,1,3.00,7.00,517.00,145.00,1.0,-1,-1,-1
87,7,7.00,1.00,894.00,874.00,1.0,-1,-1,-1
87,12,9.00,9.00,502.00,464.00,1.0,-1,-1,-1
87,18,488.00,558.00,408.00,485.00,1.0,-1,-1,-1
87,21,1527.00,466.00,411.00,374.00,1.0,-1,-1,-1
87,24,1031.00,214.00,164.00,172.00,1.0,-1,-1,-1
87,25,1170.00,51.00,153.00,94.00,1.0,-1,-1,-1
87,26,1003.00,59.00,122.00,79.00,1.0,-1,-1,-1
88,1,4.00,8.00,514.00,144.00,1.0,-1,-1,-1
88,7,9.00,1.00,888.00,867.00,1.0,-1,-1,-1
88,12,10.00,9.00,499.00,461.00,1.0,-1,-1,-1
88,18,472.00,616.00,392.00,464.00,1.0,-1,-1,-1
88,21,1538.00,516.00,448.00,424.00,1.0,-1,-1,-1
88,24,1033.00,230.00,173.00,182.00,1.0,-1,-1,-1
88,25,1175.00,56.00,155.00,98.00,1.0,-1,-1,-1
88,26,1006.00,66.00,120.00,79.00,1.0,-1,-1,-1
89,1,4.00,8.00,515.00,143.00,1.0,-1,-1,-1
89,7,6.00,1.00,892.00,870.00,1.0,-1,-1,-1
89,12,12.00,9.00,497.00,456.00,1.0,-1,-1,-1
89,18,457.00,684.00,359.00,410.00,1.0,-1,-1,-1
89,21,1557.00,574.00,465.00,463.00,1.0,-1,-1,-1
89,24,1036.00,248.00,181.00,192.00,1.0,-1,-1,-1
89,25,1183.00,62.00,153.00,101.00,1.0,-1,-1,-1
89,26,1007.00,71.00,120.00,83.00,1.0,-1,-1,-1
90,1,3.00,8.00,518.00,144.00,1.0,-1,-1,-1
90,7,12.00,1.00,888.00,861.00,1.0,-1,-1,-1
90,12,11.00,8.00,500.00,457.00,1.0,-1,-1,-1
90,18,466.00,773.00,304.00,323.00,1.0,-1,-1,-1
90,21,1616.00,647.00,410.00,430.00,1.0,-1,-1,-1
90,24,1038.00,268.00,191.00,205.00,1.0,-1,-1,-1
90,25,1190.00,68.00,153.00,104.00,1.0,-1,-1,-1
90,26,1008.00,77.00,121.00,86.00,1.0,-1,-1,-1
91,1,1.00,8.00,522.00,145.00,1.0,-1,-1,-1
91,7,10.00,1.00,892.00,863.00,1.0,-1,-1,-1
91,12,13.00,8.00,497.00,454.00,1.0,-1,-1,-1
91,18,485.00,880.00,231.00,214.00,1.0,-1,-1,-1
91,21,1632.00,672.00,424.00,444.00,1.0,-1,-1,-1
91,24,1042.00,289.00,203.00,220.00,1.0,-1,-1,-1
91,25,1198.00,75.00,154.00,107.00,1.0,-1,-1,-1
91,26,1010.00,83.00,122.00,88.00,1.0,-1,-1,-1
92,7,11.00,1.00,888.00,857.00,1.0,-1,-1,-1
92,12,10.00,8.00,501.00,454.00,1.0,-1,-1,-1
92,18,478.00,920.00,219.00,204.00,1.0,-1,-1,-1
92,24,1046.00,314.00,215.00,234.00,1.0,-1,-1,-1
92,25,1205.00,81.00,156.00,111.00,1.0,-1,-1,-1
92,26,1013.00,90.00,122.00,90.00,1.0,-1,-1,-1
93,7,13.00,1.00,887.00,853.00,1.0,-1,-1,-1
93,12,11.00,8.00,498.00,451.00,1.0,-1,-1,-1
93,24,1050.00,341.00,230.00,252.00,1.0,-1,-1,-1
93,25,1213.00,87.00,159.00,116.00,1.0,-1,-1,-1
93,26,1015.00,96.00,124.00,94.00,1.0,-1,-1,-1
94,7,12.00,1.00,890.00,853.00,1.0,-1,-1,-1
94,12,6.00,7.00,508.00,458.00,1.0,-1,-1,-1
94,24,1054.00,370.00,247.00,274.00,1.0,-1,-1,-1
94,25,1221.00,96.00,161.00,119.00,1.0,-1,-1,-1
94,26,1017.00,104.00,124.00,96.00,1.0,-1,-1,-1
94,34,1123.00,2.00,133.00,75.00,1.0,-1,-1,-1
95,7,13.00,1.00,889.00,850.00,1.0,-1,-1,-1
95,12,6.00,7.00,508.00,456.00,1.0,-1,-1,-1
95,24,1058.00,402.00,269.00,301.00,1.0,-1,-1,-1
95,25,1230.00,105.00,162.00,122.00,1.0,-1,-1,-1
95,26,1019.00,113.00,126.00,98.00,1.0,-1,-1,-1
95,34,1128.00,6.00,132.00,77.00,1.0,-1,-1,-1
96,7,14.00,1.00,894.00,852.00,1.0,-1,-1,-1
96,12,5.00,7.00,509.00,456.00,1.0,-1,-1,-1
96,24,1063.00,440.00,294.00,333.00,1.0,-1,-1,-1
96,25,1239.00,114.00,166.00,127.00,1.0,-1,-1,-1
96,26,1020.00,120.00,130.00,104.00,1.0,-1,-1,-1
96,34,1133.00,10.00,129.00,79.00,1.0,-1,-1,-1
97,7,7.00,1.00,901.00,857.00,1.0,-1,-1,-1
97,12,3.00,6.00,514.00,459.00,1.0,-1,-1,-1
97,24,1067.00,480.00,324.00,372.00,1.0,-1,-1,-1
97,25,1248.00,122.00,170.00,133.00,1.0,-1,-1,-1
97,26,1022.00,129.00,133.00,107.00,1.0,-1,-1,-1
97,34,1137.00,13.00,129.00,81.00,1.0,-1,-1,-1
98,7,5.00,2.00,899.00,856.00,1.0,-1,-1,-1
98,24,1072.00,531.00,357.00,416.00,1.0,-1,-1,-1
98,25,1257.00,132.00,175.00,139.00,1.0,-1,-1,-1
98,26,1024.00,138.00,136.00,112.00,1.0,-1,-1,-1
98,34,1140.00,17.00,129.00,84.00,1.0,-1,-1,-1
99,7,2.00,2.00,901.00,856.00,1.0,-1,-1,-1
99,12,1.00,5.00,519.00,462.00,1.0,-1,-1,-1
99,24,1088.00,590.00,382.00,451.00,1.0,-1,-1,-1
99,25,1267.00,143.00,182.00,146.00,1.0,-1,-1,-1
99,26,1027.00,148.00,138.00,116.00,1.0,-1,-1,-1
99,34,1145.00,21.00,127.00,86.00,1.0,-1,-1,-1
100,7,2.00,2.00,900.00,855.00,1.0,-1,-1,-1
100,12,1.00,5.00,519.00,461.00,1.0,-1,-1,-1
100,24,1132.00,653.00,369.00,427.00,1.0,-1,-1,-1
100,25,1278.00,155.00,188.00,153.00,1.0,-1,-1,-1
100,26,1029.00,159.00,142.00,120.00,1.0,-1,-1,-1
100,34,1150.00,26.00,127.00,87.00,1.0,-1,-1,-1
101,7,2.00,1.00,902.00,857.00,1.0,-1,-1,-1
101,12,3.00,5.00,515.00,457.00,1.0,-1,-1,-1
101,24,1182.00,744.00,316.00,350.00,1.0,-1,-1,-1
101,25,1290.00,168.00,196.00,161.00,1.0,-1,-1,-1
101,26,1032.00,171.00,146.00,125.00,1.0,-1,-1,-1
101,34,1155.00,30.00,128.00,90.00,1.0,-1,-1,-1
101,35,984.00,1.00,166.00,68.00,1.0,-1,-1,-1
102,7,1.00,2.00,901.00,856.00,1.0,-1,-1,-1
102,12,3.00,6.00,515.00,455.00,1.0,-1,-1,-1
102,24,1239.00,857.00,243.00,238.00,1.0,-1,-1,-1
102,25,1303.00,182.00,203.00,169.00,1.0,-1,-1,-1
102,26,1033.00,183.00,153.00,131.00,1.0,-1,-1,-1
102,34,1161.00,35.00,126.00,92.00,1.0,-1,-1,-1
102,35,988.00,4.00,161.00,69.00,1.0,-1,-1,-1
103,24,1253.00,894.00,241.00,235.00,1.0,-1,-1,-1
103,25,1316.00,196.00,214.00,179.00,1.0,-1,-1,-1
103,26,1036.00,195.00,158.00,139.00,1.0,-1,-1,-1
103,34,1166.00,40.00,127.00,94.00,1.0,-1,-1,-1
103,35,994.00,9.00,150.00,69.00,1.0,-1,-1,-1
104,25,1332.00,212.00,224.00,190.00,1.0,-1,-1,-1
104,26,1039.00,209.00,165.00,146.00,1.0,-1,-1,-1
104,34,1171.00,46.00,128.00,97.00,1.0,-1,-1,-1
104,35,997.00,13.00,146.00,69.00,1.0,-1,-1,-1
105,25,1347.00,229.00,235.00,202.00,1.0,-1,-1,-1
105,26,1041.00,225.00,173.00,154.00,1.0,-1,-1,-1
105,34,1177.00,52.00,128.00,98.00,1.0,-1,-1,-1
105,35,1001.00,17.00,140.00,70.00,1.0,-1,-1,-1
106,25,1365.00,249.00,248.00,214.00,1.0,-1,-1,-1
106,26,1045.00,241.00,181.00,164.00,1.0,-1,-1,-1
106,34,1182.00,58.00,129.00,101.00,1.0,-1,-1,-1
106,35,1004.00,19.00,137.00,73.00,1.0,-1,-1,-1
107,25,1384.00,270.00,263.00,229.00,1.0,-1,-1,-1
107,26,1048.00,259.00,190.00,174.00,1.0,-1,-1,-1
107,34,1188.00,63.00,131.00,105.00,1.0,-1,-1,-1
107,35,1006.00,22.00,135.00,75.00,1.0,-1,-1,-1
108,25,1404.00,292.00,284.00,250.00,1.0,-1,-1,-1
108,26,1052.00,278.00,200.00,187.00,1.0,-1,-1,-1
108,34,1194.00,69.00,134.00,109.00,1.0,-1,-1,-1
108,35,1008.00,26.00,133.00,78.00,1.0,-1,-1,-1
109,25,1430.00,319.00,302.00,267.00,1.0,-1,-1,-1
109,26,1056.00,300.00,212.00,201.00,1.0,-1,-1,-1
109,34,1200.00,76.00,136.00,113.00,1.0,-1,-1,-1
109,35,1011.00,31.00,129.00,78.00,1.0,-1,-1,-1
109,41,891.00,1.00,109.00,61.00,1.0,-1,-1,-1
110,25,1454.00,347.00,331.00,293.00,1.0,-1,-1,-1
110,26,1060.00,325.00,224.00,215.00,1.0,-1,-1,-1
110,34,1207.00,84.00,139.00,115.00,1.0,-1,-1,-1
110,35,1012.00,34.00,130.00,82.00,1.0,-1,-1,-1
110,41,892.00,3.00,108.00,62.00,1.0,-1,-1,-1
111,25,1484.00,379.00,361.00,321.00,1.0,-1,-1,-1
111,26,1065.00,351.00,239.00,232.00,1.0,-1,-1,-1
111,34,1214.00,91.00,142.00,120.00,1.0,-1,-1,-1
111,35,1014.00,38.00,129.00,84.00,1.0,-1,-1,-1
111,41,892.00,5.00,108.00,65.00,1.0,-1,-1,-1
112,25,1514.00,415.00,395.00,354.00,1.0,-1,-1,-1
112,26,1069.00,381.00,256.00,253.00,1.0,-1,-1,-1
112,34,1222.00,100.00,145.00,124.00,1.0,-1,-1,-1
112,35,1016.00,41.00,129.00,87.00,1.0,-1,-1,-1
112,41,893.00,9.00,104.00,64.00,1.0,-1,-1,-1
113,25,1529.00,456.00,428.00,393.00,1.0,-1,-1,-1
113,26,1076.00,415.00,274.00,274.00,1.0,-1,-1,-1
113,34,1230.00,109.00,150.00,128.00,1.0,-1,-1,-1
113,35,1018.00,47.00,127.00,88.00,1.0,-1,-1,-1
113,41,894.00,12.00,101.00,65.00,1.0,-1,-1,-1
114,25,1538.00,505.00,466.00,447.00,1.0,-1,-1,-1
114,26,1084.00,453.00,292.00,297.00,1.0,-1,-1,-1
114,34,1238.00,117.00,154.00,134.00,1.0,-1,-1,-1
114,35,1021.00,53.00,125.00,90.00,1.0,-1,-1,-1
114,41,896.00,15.00,98.00,65.00,1.0,-1,-1,-1
115,25,1558.00,559.00,477.00,482.00,1.0,-1,-1,-1
115,26,1087.00,489.00,323.00,334.00,1.0,-1,-1,-1
115,34,1247.00,128.00,159.00,139.00,1.0,-1,-1,-1
115,35,1024.00,59.00,122.00,91.00,1.0,-1,-1,-1
115,41,897.00,19.00,96.00,66.00,1.0,-1,-1,-1
115,52,1.00,7.00,528.00,456.00,1.0,-1,-1,-1
116,25,1614.00,620.00,428.00,457.00,1.0,-1,-1,-1
116,26,1096.00,541.00,351.00,370.00,1.0,-1,-1,-1
116,34,1256.00,137.00,166.00,147.00,1.0,-1,-1,-1
116,35,1025.00,64.00,124.00,94.00,1.0,-1,-1,-1
116,41,898.00,22.00,94.00,66.00,1.0,-1,-1,-1
117,1,1.00,5.00,527.00,150.00,1.0,-1,-1,-1
117,25,1630.00,643.00,442.00,473.00,1.0,-1,-1,-1
117,26,1105.00,602.00,390.00,417.00,1.0,-1,-1,-1
117,34,1266.00,148.00,173.00,154.00,1.0,-1,-1,-1
117,35,1026.00,69.00,126.00,98.00,1.0,-1,-1,-1
117,41,899.00,26.00,91.00,66.00,1.0,-1,-1,-1
118,26,1140.00,656.00,390.00,415.00,1.0,-1,-1,-1
118,34,1277.00,161.00,180.00,161.00,1.0,-1,-1,-1
118,35,1028.00,76.00,126.00,100.00,1.0,-1,-1,-1
118,41,900.00,30.00,91.00,67.00,1.0,-1,-1,-1
119,26,1199.00,751.00,336.00,340.00,1.0,-1,-1,-1
119,34,1287.00,173.00,189.00,171.00,1.0,-1,-1,-1
119,35,1030.00,81.00,128.00,104.00,1.0,-1,-1,-1
119,41,899.00,33.00,92.00,69.00,1.0,-1,-1,-1
119,45,998.00,1.00,150.00,77.00,1.0,-1,-1,-1
120,26,1259.00,861.00,259.00,234.00,1.0,-1,-1,-1
120,34,1300.00,188.00,197.00,178.00,1.0,-1,-1,-1
120,35,1032.00,87.00,129.00,108.00,1.0,-1,-1,-1
120,41,898.00,37.00,92.00,70.00,1.0,-1,-1,-1
120,45,1000.00,3.00,150.00,81.00,1.0,-1,-1,-1
121,26,1273.00,896.00,259.00,234.00,1.0,-1,-1,-1
121,34,1314.00,204.00,207.00,189.00,1.0,-1,-1,-1
121,35,1033.00,94.00,132.00,111.00,1.0,-1,-1,-1
121,41,898.00,40.00,92.00,73.00,1.0,-1,-1,-1
121,45,1003.00,8.00,146.00,82.00,1.0,-1,-1,-1
122,34,1329.00,221.00,218.00,200.00,1.0,-1,-1,-1
122,35,1035.00,102.00,133.00,114.00,1.0,-1,-1,-1
122,41,897.00,44.00,92.00,73.00,1.0,-1,-1,-1
122,45,1005.00,11.00,145.00,85.00,1.0,-1,-1,-1
123,34,1344.00,240.00,231.00,213.00,1.0,-1,-1,-1
123,35,1036.00,108.00,137.00,120.00,1.0,-1,-1,-1
123,41,897.00,48.00,91.00,75.00,1.0,-1,-1,-1
123,45,1007.00,14.00,144.00,88.00,1.0,-1,-1,-1
123,53,950.00,1.00,81.00,55.00,1.0,-1,-1,-1
124,1,1.00,6.00,527.00,150.00,1.0,-1,-1,-1
124,34,1362.00,262.00,244.00,226.00,1.0,-1,-1,-1
124,35,1037.00,116.00,142.00,126.00,1.0,-1,-1,-1
124,41,896.00,53.00,92.00,76.00,1.0,-1,-1,-1
124,45,1009.00,17.00,143.00,90.00,1.0,-1,-1,-1
124,53,948.00,2.00,83.00,58.00,1.0,-1,-1,-1
125,1,3.00,6.00,524.00,148.00,1.0,-1,-1,-1
125,34,1380.00,284.00,263.00,243.00,1.0,-1,-1,-1
125,35,1039.00,124.00,145.00,131.00,1.0,-1,-1,-1
125,41,895.00,58.00,92.00,77.00,1.0,-1,-1,-1
125,45,1011.00,21.00,141.00,92.00,1.0,-1,-1,-1
125,53,947.00,4.00,83.00,60.00,1.0,-1,-1,-1
126,1,4.00,6.00,521.00,148.00,1.0,-1,-1,-1
126,34,1401.00,309.00,282.00,261.00,1.0,-1,-1,-1
126,35,1041.00,134.00,150.00,137.00,1.0,-1,-1,-1
126,41,894.00,62.00,93.00,79.00,1.0,-1,-1,-1
126,45,1014.00,26.00,139.00,94.00,1.0,-1,-1,-1
126,53,946.00,8.00,82.00,60.00,1.0,-1,-1,-1
127,1,2.00,6.00,525.00,148.00,1.0,-1,-1,-1
127,34,1425.00,336.00,305.00,284.00,1.0,-1,-1,-1
127,35,1043.00,144.00,155.00,143.00,1.0,-1,-1,-1
127,41,893.00,67.00,94.00,81.00,1.0,-1,-1,-1
127,45,1016.00,30.00,137.00,96.00,1.0,-1,-1,-1
127,53,945.00,10.00,82.00,62.00,1.0,-1,-1,-1
128,1,2.00,6.00,527.00,148.00,1.0,-1,-1,-1
128,34,1452.00,368.00,332.00,309.00,1.0,-1,-1,-1
128,35,1047.00,156.00,156.00,147.00,1.0,-1,-1,-1
128,41,892.00,71.00,95.00,83.00,1.0,-1,-1,-1
128,45,1017.00,34.00,138.00,99.00,1.0,-1,-1,-1
128,53,944.00,14.00,81.00,62.00,1.0,-1,-1,-1
129,1,1.00,6.00,529.00,149.00,1.0,-1,-1,-1
129,34,1483.00,404.00,368.00,343.00,1.0,-1,-1,-1
129,35,1048.00,167.00,163.00,155.00,1.0,-1,-1,-1
129,41,891.00,77.00,96.00,85.00,1.0,-1,-1,-1
129,45,1019.00,38.00,138.00,104.00,1.0,-1,-1,-1
129,53,944.00,17.00,79.00,62.00,1.0,-1,-1,-1
130,34,1509.00,443.00,405.00,383.00,1.0,-1,-1,-1
130,35,1051.00,180.00,168.00,163.00,1.0,-1,-1,-1
130,41,889.00,83.00,97.00,87.00,1.0,-1,-1,-1
130,45,1021.00,44.00,139.00,106.00,1.0,-1,-1,-1
130,53,942.00,20.00,81.00,65.00,1.0,-1,-1,-1
131,34,1519.00,491.00,446.00,431.00,1.0,-1,-1,-1
131,35,1053.00,193.00,175.00,172.00,1.0,-1,-1,-1
131,41,887.00,89.00,100.00,90.00,1.0,-1,-1,-1
131,45,1022.00,50.00,140.00,109.00,1.0,-1,-1,-1
131,53,941.00,24.00,81.00,66.00,1.0,-1,-1,-1
131,54,1141.00,1.00,123.00,73.00,1.0,-1,-1,-1
