0,1,2934.00,1242.00,299.00,255.00,0.79,-1,-1,-1
0,2,1873.00,726.00,1868.00,1434.00,0.78,-1,-1,-1
0,3,943.00,893.00,301.00,410.00,0.75,-1,-1,-1
0,4,1420.00,1002.00,215.00,231.00,0.69,-1,-1,-1
1,1,2919.61,1235.06,287.86,245.45,0.77,-1,-1,-1
1,2,1916.73,726.00,1867.33,1433.13,0.75,-1,-1,-1
1,3,944.17,894.74,297.79,405.66,0.71,-1,-1,-1
1,4,1421.16,1003.74,219.62,236.21,0.70,-1,-1,-1
2,1,2904.94,1223.58,284.28,242.25,0.79,-1,-1,-1
2,2,1923.98,725.22,1868.45,1433.76,0.75,-1,-1,-1
2,3,934.34,896.60,304.00,414.32,0.81,-1,-1,-1
2,4,1417.05,1005.58,225.17,242.51,0.71,-1,-1,-1
3,1,2884.03,1214.86,277.49,236.04,0.80,-1,-1,-1
3,2,1923.93,722.69,1871.12,1435.50,0.76,-1,-1,-1
3,3,928.27,901.69,304.40,414.81,0.84,-1,-1,-1
3,4,1416.91,1015.14,225.22,242.95,0.66,-1,-1,-1
4,1,2868.58,1205.74,270.47,229.76,0.83,-1,-1,-1
4,2,1925.52,720.42,1874.32,1437.53,0.77,-1,-1,-1
4,3,926.07,904.76,307.52,419.19,0.60,-1,-1,-1
4,4,1416.64,1024.86,223.51,241.42,0.55,-1,-1,-1
5,1,2851.70,1195.86,266.57,226.50,0.77,-1,-1,-1
5,2,1930.89,722.58,1872.23,1435.31,0.75,-1,-1,-1
5,3,919.08,909.95,308.62,420.56,0.84,-1,-1,-1
5,4,1414.82,1030.09,226.37,245.06,0.50,-1,-1,-1
6,1,2830.41,1181.50,269.57,229.21,0.83,-1,-1,-1
6,2,1928.89,722.69,1873.08,1435.19,0.74,-1,-1,-1
6,3,909.15,916.52,309.63,420.91,0.84,-1,-1,-1
6,4,1412.17,1043.47,225.89,244.89,0.62,-1,-1,-1
7,1,2814.79,1171.33,268.37,228.20,0.80,-1,-1,-1
7,2,1932.77,726.21,1868.57,1430.99,0.74,-1,-1,-1
7,3,900.20,923.54,310.81,421.61,0.81,-1,-1,-1
7,4,1410.36,1048.75,227.46,247.48,0.64,-1,-1,-1
8,1,2800.30,1161.93,262.57,223.16,0.80,-1,-1,-1
8,2,1936.61,728.19,1867.16,1428.78,0.75,-1,-1,-1
8,3,893.06,926.62,315.33,427.21,0.78,-1,-1,-1
8,4,1409.28,1050.40,231.63,253.09,0.61,-1,-1,-1
9,1,2784.01,1156.94,254.70,215.95,0.78,-1,-1,-1
9,2,1958.63,724.16,1871.18,1434.09,0.77,-1,-1,-1
9,3,888.48,926.91,319.32,431.88,0.83,-1,-1,-1
9,4,1406.39,1053.43,234.90,257.78,0.50,-1,-1,-1
10,1,2772.45,1146.66,251.16,213.50,0.72,-1,-1,-1
10,2,1965.24,720.64,1873.33,1438.09,0.79,-1,-1,-1
10,3,883.48,930.84,323.81,438.20,0.67,-1,-1,-1
10,4,1400.69,1055.00,244.06,269.39,0.56,-1,-1,-1
11,1,2753.88,1135.83,253.55,215.49,0.74,-1,-1,-1
11,2,1967.48,720.68,1870.71,1438.24,0.80,-1,-1,-1
11,3,877.47,933.51,327.52,443.12,0.68,-1,-1,-1
12,1,2737.28,1125.50,251.13,213.63,0.79,-1,-1,-1
12,2,1969.99,720.72,1866.50,1438.27,0.77,-1,-1,-1
12,3,869.23,937.68,332.63,450.80,0.79,-1,-1,-1
13,1,2724.04,1116.02,247.73,211.03,0.82,-1,-1,-1
13,2,1972.95,721.42,1861.74,1437.59,0.75,-1,-1,-1
13,3,861.19,939.79,336.87,457.52,0.81,-1,-1,-1
14,1,2705.90,1101.47,250.22,213.56,0.72,-1,-1,-1
14,2,1973.61,716.38,1864.44,1442.63,0.73,-1,-1,-1
14,3,854.61,943.08,338.64,460.60,0.79,-1,-1,-1
14,4,1394.42,1106.60,243.15,268.59,0.54,-1,-1,-1
15,1,2691.33,1086.45,254.08,218.56,0.74,-1,-1,-1
15,2,1948.60,715.83,1866.57,1443.18,0.75,-1,-1,-1
15,3,848.98,945.52,342.64,466.21,0.72,-1,-1,-1
15,4,1392.08,1120.13,243.01,268.05,0.53,-1,-1,-1
16,1,2676.07,1078.56,250.53,216.51,0.73,-1,-1,-1
16,2,1958.81,709.70,1872.84,1449.98,0.76,-1,-1,-1
16,3,842.83,948.29,345.33,470.16,0.84,-1,-1,-1
16,4,1385.10,1110.68,260.03,289.83,0.60,-1,-1,-1
17,1,2669.73,1076.05,243.12,211.12,0.80,-1,-1,-1
17,2,1961.18,704.78,1876.73,1455.15,0.77,-1,-1,-1
17,3,838.21,951.19,347.32,472.83,0.62,-1,-1,-1
17,4,1394.38,1154.70,235.51,258.57,0.57,-1,-1,-1
18,1,2661.83,1075.59,230.08,199.76,0.77,-1,-1,-1
18,2,1960.99,703.64,1876.23,1456.37,0.78,-1,-1,-1
18,3,831.51,956.11,348.48,474.34,0.74,-1,-1,-1
19,1,2651.61,1068.42,227.84,199.04,0.82,-1,-1,-1
19,2,1942.53,705.92,1874.29,1453.46,0.77,-1,-1,-1
19,3,826.75,960.49,351.05,477.39,0.79,-1,-1,-1
20,1,2638.68,1060.05,226.31,197.51,0.79,-1,-1,-1
20,2,1936.73,706.85,1873.69,1452.29,0.76,-1,-1,-1
20,3,819.44,965.31,358.13,488.25,0.88,-1,-1,-1
21,1,2630.51,1056.63,219.00,191.68,0.77,-1,-1,-1
21,2,1932.43,709.23,1873.73,1450.48,0.78,-1,-1,-1
21,3,810.87,971.59,360.34,492.25,0.87,-1,-1,-1
21,4,1386.63,1214.98,237.29,257.02,0.58,-1,-1,-1
22,1,2616.21,1049.66,215.88,188.27,0.73,-1,-1,-1
22,2,1926.62,705.54,1879.54,1453.72,0.78,-1,-1,-1
22,3,800.59,973.22,366.99,501.46,0.87,-1,-1,-1
22,4,1383.92,1242.97,231.82,245.97,0.61,-1,-1,-1
23,1,2608.82,1044.73,211.48,183.77,0.77,-1,-1,-1
23,2,1919.14,699.56,1887.79,1459.54,0.79,-1,-1,-1
23,3,794.18,976.31,372.23,509.39,0.87,-1,-1,-1
23,4,1377.52,1253.62,239.61,249.66,0.62,-1,-1,-1
24,1,2596.12,1039.18,211.48,183.60,0.76,-1,-1,-1
24,2,1912.12,694.04,1896.09,1465.65,0.78,-1,-1,-1
24,3,786.10,981.93,376.08,514.21,0.88,-1,-1,-1
24,4,1372.67,1269.74,242.30,248.35,0.56,-1,-1,-1
25,1,2585.09,1035.41,205.83,178.94,0.78,-1,-1,-1
25,2,1910.34,695.31,1896.28,1464.60,0.79,-1,-1,-1
25,3,776.51,988.52,377.84,517.18,0.88,-1,-1,-1
25,4,1351.53,1233.99,288.09,299.12,0.54,-1,-1,-1
26,1,2574.93,1032.31,202.29,175.31,0.79,-1,-1,-1
26,2,1909.49,694.55,1897.51,1464.79,0.77,-1,-1,-1
26,3,769.94,992.87,380.10,521.40,0.86,-1,-1,-1
26,4,1345.23,1234.64,300.58,314.66,0.51,-1,-1,-1
27,1,2568.27,1028.07,200.61,172.76,0.79,-1,-1,-1
27,2,1908.18,693.00,1900.07,1466.11,0.79,-1,-1,-1
27,3,760.37,997.65,385.02,528.71,0.85,-1,-1,-1
27,4,1351.87,1284.99,276.08,284.96,0.55,-1,-1,-1
28,1,2559.10,1020.69,200.37,173.30,0.77,-1,-1,-1
28,2,1905.16,689.83,1905.55,1469.86,0.80,-1,-1,-1
28,3,756.48,1001.30,389.69,535.90,0.85,-1,-1,-1
28,4,1347.29,1310.76,272.75,279.35,0.57,-1,-1,-1
29,1,2544.04,1009.50,204.50,177.62,0.76,-1,-1,-1
29,2,1905.71,690.02,1906.31,1469.89,0.79,-1,-1,-1
29,3,746.29,1005.80,395.59,545.64,0.74,-1,-1,-1
29,4,1348.43,1343.61,260.79,263.37,0.66,-1,-1,-1
30,1,2535.92,1004.24,200.01,173.99,0.74,-1,-1,-1
30,2,1905.37,688.83,1908.45,1471.16,0.79,-1,-1,-1
30,3,732.30,1012.59,396.27,547.25,0.79,-1,-1,-1
30,4,1345.58,1369.54,259.01,257.87,0.59,-1,-1,-1
31,1,2526.65,998.56,199.20,173.36,0.78,-1,-1,-1
31,2,1900.00,682.50,1916.52,1477.52,0.79,-1,-1,-1
31,3,716.86,1018.97,402.01,555.48,0.87,-1,-1,-1
32,1,2518.02,994.70,196.85,171.86,0.76,-1,-1,-1
32,2,1900.73,680.17,1918.73,1479.86,0.79,-1,-1,-1
32,3,709.66,1027.77,402.67,557.14,0.82,-1,-1,-1
32,4,1321.53,1395.55,280.30,276.81,0.63,-1,-1,-1
33,1,2509.87,985.51,194.77,171.37,0.70,-1,-1,-1
33,2,1900.45,680.02,1918.10,1480.01,0.81,-1,-1,-1
33,3,701.84,1033.59,406.36,562.14,0.89,-1,-1,-1
33,4,1318.36,1416.84,283.96,277.68,0.53,-1,-1,-1
34,1,2498.88,985.00,190.15,166.59,0.72,-1,-1,-1
34,2,1895.90,675.42,1922.17,1484.60,0.82,-1,-1,-1
34,3,695.58,1039.56,410.22,568.43,0.77,-1,-1,-1
34,4,1310.47,1427.63,296.99,289.10,0.53,-1,-1,-1
35,1,2491.01,981.08,188.26,164.88,0.74,-1,-1,-1
35,2,1895.24,673.10,1922.97,1486.93,0.80,-1,-1,-1
35,3,681.21,1042.31,417.21,577.18,0.82,-1,-1,-1
35,4,1298.42,1450.73,302.76,292.05,0.50,-1,-1,-1
36,1,2485.03,975.16,185.89,162.98,0.76,-1,-1,-1
36,2,1895.53,674.28,1919.61,1485.75,0.80,-1,-1,-1
36,3,668.20,1045.14,425.58,587.51,0.86,-1,-1,-1
36,4,1291.64,1476.70,305.49,292.42,0.56,-1,-1,-1
37,1,2477.62,971.85,180.22,157.66,0.77,-1,-1,-1
37,2,1893.89,672.16,1919.91,1487.86,0.79,-1,-1,-1
37,3,655.61,1051.91,432.75,597.13,0.77,-1,-1,-1
37,4,1282.34,1495.88,315.64,299.64,0.60,-1,-1,-1
37,5,3641.80,1715.80,178.79,379.00,0.72,-1,-1,-1
38,1,2472.99,969.55,175.48,153.07,0.72,-1,-1,-1
38,2,1890.23,676.05,1910.35,1483.31,0.80,-1,-1,-1
38,3,643.62,1058.25,440.54,607.77,0.84,-1,-1,-1
38,4,1269.38,1520.85,320.40,302.30,0.72,-1,-1,-1
38,5,3621.80,1689.49,174.90,366.54,0.77,-1,-1,-1
39,1,2461.79,963.50,176.71,154.22,0.72,-1,-1,-1
39,2,1887.27,676.93,1905.97,1482.84,0.81,-1,-1,-1
39,3,626.72,1063.77,451.75,622.03,0.86,-1,-1,-1
39,4,1257.39,1542.22,335.21,314.28,0.52,-1,-1,-1
39,5,3601.98,1665.08,168.54,344.23,0.75,-1,-1,-1
40,1,2451.44,959.47,176.35,153.36,0.75,-1,-1,-1
40,2,1873.46,674.00,1902.78,1485.92,0.81,-1,-1,-1
40,3,619.59,1073.50,452.60,622.12,0.55,-1,-1,-1
40,4,1243.67,1562.80,341.33,318.76,0.75,-1,-1,-1
40,5,3578.71,1629.96,178.98,353.04,0.78,-1,-1,-1
41,1,2444.43,956.84,174.01,150.46,0.71,-1,-1,-1
41,2,1864.90,676.90,1889.96,1483.09,0.79,-1,-1,-1
41,3,608.07,1081.64,458.70,626.40,0.85,-1,-1,-1
41,4,1233.23,1583.73,350.99,326.18,0.71,-1,-1,-1
41,5,3553.05,1603.29,184.70,345.69,0.79,-1,-1,-1
42,1,2436.39,952.72,172.82,149.46,0.71,-1,-1,-1
42,2,1850.21,682.00,1870.64,1478.00,0.76,-1,-1,-1
42,3,595.88,1087.82,469.93,641.49,0.87,-1,-1,-1
42,4,1213.75,1605.43,370.43,343.78,0.72,-1,-1,-1
42,5,3527.65,1577.61,192.41,337.04,0.79,-1,-1,-1
43,1,2427.55,949.37,170.16,146.49,0.66,-1,-1,-1
43,2,1842.09,684.61,1853.67,1475.40,0.76,-1,-1,-1
43,3,572.77,1090.65,485.68,660.02,0.87,-1,-1,-1
43,4,1197.67,1629.30,383.22,355.55,0.79,-1,-1,-1
43,5,3491.32,1558.01,203.25,332.97,0.79,-1,-1,-1
43,7,1354.41,1423.00,281.18,282.20,0.66,-1,-1,-1
44,1,2418.30,944.29,171.22,146.83,0.74,-1,-1,-1
44,2,1863.12,712.06,1810.92,1447.29,0.72,-1,-1,-1
44,3,552.64,1098.02,495.30,668.86,0.86,-1,-1,-1
44,4,1185.43,1658.54,388.92,361.28,0.77,-1,-1,-1
44,5,3449.26,1535.54,210.44,323.47,0.76,-1,-1,-1
44,7,1350.49,1443.73,276.73,277.44,0.52,-1,-1,-1
45,1,2413.74,940.58,167.28,143.68,0.76,-1,-1,-1
45,2,1889.22,746.41,1773.15,1413.35,0.72,-1,-1,-1
45,3,539.95,1104.56,503.54,679.76,0.88,-1,-1,-1
45,4,1163.08,1676.41,407.36,380.04,0.78,-1,-1,-1
45,5,3405.61,1512.76,217.62,314.85,0.78,-1,-1,-1
45,7,1339.30,1462.47,287.13,287.59,0.75,-1,-1,-1
46,1,2403.00,933.35,170.67,146.62,0.75,-1,-1,-1
46,2,1859.34,700.15,1819.48,1459.77,0.74,-1,-1,-1
46,3,527.08,1112.73,508.37,687.56,0.88,-1,-1,-1
46,4,1150.53,1705.13,413.05,385.86,0.80,-1,-1,-1
46,5,3364.15,1487.08,229.43,314.19,0.80,-1,-1,-1
46,7,1328.60,1481.07,301.44,301.86,0.69,-1,-1,-1
47,1,2394.07,928.86,171.17,147.08,0.75,-1,-1,-1
47,2,1864.36,716.01,1800.19,1443.97,0.76,-1,-1,-1
47,3,521.04,1122.17,511.72,692.86,0.88,-1,-1,-1
47,4,1131.39,1734.37,422.99,395.59,0.80,-1,-1,-1
47,5,3324.45,1469.98,237.86,310.11,0.75,-1,-1,-1
47,7,1323.25,1501.58,304.44,304.49,0.70,-1,-1,-1
48,1,2387.55,924.04,172.45,148.63,0.74,-1,-1,-1
48,2,1864.27,719.43,1796.01,1440.57,0.77,-1,-1,-1
48,3,509.66,1132.75,518.78,703.04,0.90,-1,-1,-1
48,4,1122.26,1780.39,408.84,377.35,0.60,-1,-1,-1
48,5,3288.84,1453.24,241.52,301.39,0.75,-1,-1,-1
48,7,1314.94,1526.22,313.15,313.41,0.68,-1,-1,-1
49,1,2378.95,918.43,172.70,149.25,0.70,-1,-1,-1
49,2,1885.89,729.24,1793.32,1430.76,0.79,-1,-1,-1
49,3,485.15,1136.59,532.47,720.31,0.89,-1,-1,-1
49,4,1123.66,1829.81,376.22,337.31,0.55,-1,-1,-1
49,5,3252.30,1434.55,246.99,295.08,0.68,-1,-1,-1
49,7,1308.45,1554.13,318.16,318.47,0.70,-1,-1,-1
50,1,2370.58,911.87,175.11,152.16,0.72,-1,-1,-1
50,2,1884.23,811.17,1697.42,1348.84,0.79,-1,-1,-1
50,3,460.52,1140.45,550.57,744.15,0.89,-1,-1,-1
50,4,1123.46,1862.89,354.03,305.87,0.61,-1,-1,-1
50,5,3216.37,1417.83,249.99,286.92,0.70,-1,-1,-1
50,7,1302.03,1576.53,323.69,324.11,0.76,-1,-1,-1
51,1,2367.39,910.23,171.44,149.33,0.71,-1,-1,-1
51,2,1889.72,851.60,1655.13,1308.41,0.78,-1,-1,-1
51,3,444.28,1146.89,559.35,756.29,0.87,-1,-1,-1
51,5,3182.64,1401.12,257.69,286.31,0.74,-1,-1,-1
51,7,1290.08,1601.44,335.85,337.27,0.69,-1,-1,-1
52,1,2367.12,910.50,165.62,144.27,0.66,-1,-1,-1
52,2,1900.36,854.85,1663.11,1305.16,0.77,-1,-1,-1
52,3,434.89,1158.23,563.17,761.27,0.88,-1,-1,-1
52,5,3151.64,1383.00,262.56,283.59,0.76,-1,-1,-1
52,7,1280.30,1632.44,346.00,347.95,0.77,-1,-1,-1
53,1,2359.24,906.79,164.99,143.74,0.60,-1,-1,-1
53,2,1902.07,812.60,1729.15,1347.41,0.76,-1,-1,-1
53,3,420.29,1172.78,570.45,769.94,0.89,-1,-1,-1
53,5,3124.49,1368.43,264.06,277.43,0.79,-1,-1,-1
53,7,1266.77,1660.58,369.72,374.57,0.72,-1,-1,-1
54,1,2349.83,904.24,162.99,142.25,0.64,-1,-1,-1
54,2,1921.53,811.29,1749.57,1348.71,0.74,-1,-1,-1
54,3,398.61,1179.45,582.04,783.96,0.89,-1,-1,-1
54,5,3097.91,1360.59,259.91,265.91,0.74,-1,-1,-1
54,7,1247.95,1683.68,394.80,403.73,0.76,-1,-1,-1
55,1,2346.81,900.78,159.89,139.73,0.62,-1,-1,-1
55,2,1947.41,854.92,1718.55,1305.09,0.73,-1,-1,-1
55,3,374.52,1188.90,598.56,805.21,0.90,-1,-1,-1
55,5,3071.39,1345.68,259.39,259.23,0.73,-1,-1,-1
55,7,1241.04,1713.65,395.63,405.63,0.81,-1,-1,-1
56,1,2340.93,897.64,157.54,138.17,0.66,-1,-1,-1
56,2,1959.58,879.88,1711.87,1280.12,0.74,-1,-1,-1
56,3,348.72,1196.83,612.17,824.69,0.91,-1,-1,-1
56,5,3045.73,1332.18,263.24,258.46,0.68,-1,-1,-1
56,7,1228.06,1749.83,395.51,403.22,0.79,-1,-1,-1
57,1,2331.53,892.62,157.66,137.64,0.71,-1,-1,-1
57,2,1941.77,877.88,1733.51,1282.13,0.70,-1,-1,-1
57,3,333.33,1207.40,621.20,838.97,0.89,-1,-1,-1
57,5,3018.20,1317.80,266.13,257.04,0.75,-1,-1,-1
57,7,1226.07,1781.87,383.76,386.29,0.77,-1,-1,-1
58,1,2324.01,889.57,157.03,136.16,0.75,-1,-1,-1
58,2,1942.62,908.76,1714.41,1251.25,0.69,-1,-1,-1
58,3,320.80,1219.64,623.12,842.79,0.91,-1,-1,-1
58,5,2995.99,1305.12,266.78,253.37,0.74,-1,-1,-1
58,7,1239.46,1824.18,354.02,348.18,0.74,-1,-1,-1
59,1,2319.82,887.26,154.86,133.64,0.70,-1,-1,-1
59,2,1926.37,890.25,1756.26,1269.75,0.74,-1,-1,-1
59,3,297.12,1225.39,635.11,858.09,0.89,-1,-1,-1
59,5,2977.04,1291.72,262.65,246.15,0.72,-1,-1,-1
59,7,1248.49,1859.22,330.76,313.98,0.59,-1,-1,-1
60,1,2312.14,883.87,155.54,134.11,0.71,-1,-1,-1
60,2,1906.18,879.86,1784.03,1280.14,0.73,-1,-1,-1
60,3,274.80,1232.52,647.48,873.95,0.91,-1,-1,-1
60,5,2953.68,1280.75,261.86,242.37,0.71,-1,-1,-1
61,1,2306.99,880.09,154.98,133.65,0.69,-1,-1,-1
61,2,1906.82,900.79,1770.58,1259.21,0.71,-1,-1,-1
61,3,259.22,1243.42,656.02,888.73,0.89,-1,-1,-1
61,5,2928.88,1263.16,267.20,245.26,0.76,-1,-1,-1
62,1,2300.77,876.15,154.61,133.53,0.72,-1,-1,-1
62,2,1903.83,909.73,1770.52,1250.27,0.69,-1,-1,-1
62,3,244.35,1259.02,657.15,888.84,0.90,-1,-1,-1
62,5,2907.59,1251.92,265.97,241.77,0.76,-1,-1,-1
63,1,2297.47,876.82,151.00,130.20,0.67,-1,-1,-1
63,2,1930.88,926.06,1762.17,1233.27,0.66,-1,-1,-1
63,3,234.35,1271.26,647.51,872.08,0.90,-1,-1,-1
63,5,2891.72,1243.72,262.86,237.28,0.74,-1,-1,-1
64,1,2292.21,871.87,149.64,129.66,0.71,-1,-1,-1
64,2,1940.76,918.43,1783.54,1240.65,0.69,-1,-1,-1
64,3,210.13,1284.80,648.77,867.75,0.89,-1,-1,-1
64,5,2876.56,1237.29,254.17,227.03,0.78,-1,-1,-1
65,1,2286.68,866.83,148.14,128.17,0.71,-1,-1,-1
65,2,1932.91,895.41,1822.85,1263.59,0.69,-1,-1,-1
65,3,198.14,1298.79,639.42,848.06,0.90,-1,-1,-1
65,5,2858.12,1228.13,252.55,224.14,0.77,-1,-1,-1
66,1,2281.84,865.09,146.33,126.33,0.56,-1,-1,-1
66,2,1910.75,862.20,1871.74,1296.11,0.69,-1,-1,-1
66,3,179.91,1310.32,636.59,833.61,0.90,-1,-1,-1
66,5,2837.59,1217.85,250.32,219.88,0.79,-1,-1,-1
67,2,1880.48,808.95,1941.51,1349.10,0.67,-1,-1,-1
67,3,156.94,1322.22,640.33,826.70,0.88,-1,-1,-1
67,5,2825.28,1209.90,244.85,213.10,0.80,-1,-1,-1
68,2,1848.85,758.25,2001.50,1399.71,0.67,-1,-1,-1
68,3,136.69,1333.57,642.98,820.71,0.86,-1,-1,-1
68,5,2808.21,1200.07,245.61,212.19,0.73,-1,-1,-1
69,2,1863.73,771.79,1977.27,1386.14,0.68,-1,-1,-1
69,3,118.91,1348.71,640.99,805.80,0.84,-1,-1,-1
69,5,2787.68,1187.49,249.16,214.72,0.79,-1,-1,-1
70,2,1912.13,835.32,1892.04,1322.61,0.66,-1,-1,-1
70,3,97.10,1363.29,637.17,784.81,0.82,-1,-1,-1
70,5,2773.75,1179.28,245.36,210.44,0.82,-1,-1,-1
71,2,1976.75,868.15,1843.63,1291.11,0.63,-1,-1,-1
71,3,72.45,1373.60,644.71,780.41,0.80,-1,-1,-1
71,5,2762.94,1172.05,240.99,205.63,0.80,-1,-1,-1
71,1,2255.08,850.57,145.74,125.92,0.59,-1,-1,-1
72,2,2008.10,887.59,1814.98,1272.18,0.65,-1,-1,-1
72,3,55.49,1393.68,643.14,763.56,0.74,-1,-1,-1
72,5,2749.92,1164.47,235.57,200.63,0.75,-1,-1,-1
72,1,2247.89,845.63,147.47,128.07,0.63,-1,-1,-1
73,2,2024.09,895.34,1801.00,1263.94,0.68,-1,-1,-1
73,3,46.12,1411.41,642.16,749.37,0.61,-1,-1,-1
73,5,2729.67,1154.03,238.47,202.35,0.74,-1,-1,-1
73,1,2246.52,845.28,143.27,124.17,0.50,-1,-1,-1
74,2,2028.98,898.05,1796.53,1261.71,0.68,-1,-1,-1
74,3,37.41,1432.23,633.58,728.89,0.67,-1,-1,-1
74,5,2718.84,1151.91,229.63,193.72,0.72,-1,-1,-1
75,2,2019.42,882.93,1814.31,1277.01,0.68,-1,-1,-1
75,3,37.68,1455.54,618.86,701.35,0.62,-1,-1,-1
75,5,2705.83,1142.85,226.60,189.97,0.71,-1,-1,-1
76,2,2018.41,881.11,1813.95,1278.89,0.67,-1,-1,-1
76,3,32.61,1469.55,613.75,688.24,0.62,-1,-1,-1
76,5,2695.00,1136.55,224.94,187.41,0.73,-1,-1,-1
77,2,2024.33,885.62,1805.92,1274.40,0.71,-1,-1,-1
77,3,28.85,1486.22,603.35,669.68,0.70,-1,-1,-1
77,5,2678.38,1124.49,227.45,188.65,0.73,-1,-1,-1
78,2,2023.53,880.63,1809.78,1279.41,0.72,-1,-1,-1
78,3,26.66,1507.26,592.95,651.84,0.69,-1,-1,-1
78,5,2664.88,1113.71,231.02,192.57,0.76,-1,-1,-1
78,1,2229.08,834.43,138.15,118.51,0.50,-1,-1,-1
79,2,2027.59,886.61,1800.09,1273.42,0.72,-1,-1,-1
79,3,17.54,1523.08,583.15,637.04,0.52,-1,-1,-1
79,5,2654.21,1103.40,228.90,191.46,0.78,-1,-1,-1
80,2,1956.11,871.59,1828.09,1288.44,0.71,-1,-1,-1
80,3,17.65,1545.82,566.39,613.85,0.59,-1,-1,-1
80,5,2645.42,1097.26,225.08,189.13,0.80,-1,-1,-1
81,2,2029.53,923.88,1761.17,1236.15,0.73,-1,-1,-1
81,3,14.86,1567.00,548.69,590.98,0.62,-1,-1,-1
81,5,2633.00,1090.69,221.84,187.02,0.77,-1,-1,-1
82,2,2055.47,948.00,1734.87,1212.03,0.73,-1,-1,-1
82,5,2625.93,1086.61,214.72,180.96,0.78,-1,-1,-1
83,2,2042.69,927.12,1766.27,1232.90,0.77,-1,-1,-1
83,5,2613.46,1078.76,214.29,180.83,0.70,-1,-1,-1
84,2,2023.20,897.47,1805.87,1262.55,0.77,-1,-1,-1
84,5,2604.37,1070.16,212.81,179.53,0.71,-1,-1,-1
84,1,2203.61,821.63,131.64,113.32,0.55,-1,-1,-1
85,2,2011.24,890.12,1816.65,1269.90,0.79,-1,-1,-1
85,5,2593.50,1068.64,207.66,175.12,0.74,-1,-1,-1
86,2,1996.66,878.06,1833.28,1281.95,0.78,-1,-1,-1
86,5,2585.56,1066.43,201.99,170.21,0.70,-1,-1,-1
87,2,1997.26,885.35,1825.23,1274.66,0.77,-1,-1,-1
87,5,2575.44,1059.86,197.26,165.81,0.73,-1,-1,-1
88,2,2001.75,906.69,1802.32,1253.32,0.74,-1,-1,-1
88,5,2567.08,1054.36,195.84,164.32,0.78,-1,-1,-1
89,2,1896.35,821.07,1922.08,1338.28,0.76,-1,-1,-1
89,5,2559.59,1046.55,195.77,164.56,0.69,-1,-1,-1
90,2,1948.19,863.33,1865.79,1296.42,0.76,-1,-1,-1
90,5,2548.46,1043.93,188.63,157.37,0.58,-1,-1,-1
91,2,1978.47,898.67,1822.87,1261.25,0.74,-1,-1,-1
91,5,2540.09,1039.93,186.85,155.49,0.70,-1,-1,-1
92,2,1986.63,915.33,1807.33,1244.64,0.76,-1,-1,-1
92,5,2530.08,1033.30,186.22,154.92,0.67,-1,-1,-1
93,2,1986.51,926.10,1801.27,1233.89,0.75,-1,-1,-1
93,5,2522.29,1026.40,182.38,151.45,0.66,-1,-1,-1
94,2,1975.50,913.36,1824.34,1246.65,0.75,-1,-1,-1
94,5,2513.77,1021.42,182.49,151.64,0.60,-1,-1,-1
95,2,1907.72,839.77,1924.67,1320.24,0.77,-1,-1,-1
95,5,2503.76,1019.15,181.06,149.78,0.60,-1,-1,-1
96,2,1903.51,834.35,1929.09,1325.65,0.75,-1,-1,-1
96,5,2493.31,1013.86,182.85,150.54,0.61,-1,-1,-1
97,2,1895.47,824.03,1939.93,1335.98,0.73,-1,-1,-1
97,5,2484.87,1008.10,183.47,150.22,0.52,-1,-1,-1
98,2,1898.81,823.60,1936.69,1336.40,0.72,-1,-1,-1
98,5,2474.10,998.84,185.15,151.51,0.58,-1,-1,-1
99,2,1914.57,842.09,1909.98,1317.92,0.71,-1,-1,-1
99,5,2466.23,992.95,185.62,152.05,0.63,-1,-1,-1
100,2,1930.63,848.73,1897.72,1311.27,0.71,-1,-1,-1
100,5,2460.35,987.65,181.84,149.64,0.55,-1,-1,-1
101,2,1932.19,848.71,1895.58,1311.30,0.73,-1,-1,-1
102,2,1939.56,852.75,1887.84,1307.25,0.74,-1,-1,-1
103,2,1908.80,810.74,1939.47,1349.26,0.76,-1,-1,-1
103,5,2436.30,972.34,182.30,151.45,0.53,-1,-1,-1
104,2,1901.99,794.47,1953.99,1365.54,0.78,-1,-1,-1
104,5,2431.54,971.49,173.00,143.78,0.62,-1,-1,-1
105,2,1888.56,776.00,1971.41,1384.00,0.79,-1,-1,-1
105,5,2422.79,965.96,171.58,142.40,0.65,-1,-1,-1
106,2,1906.49,794.03,1941.13,1365.97,0.76,-1,-1,-1
106,5,2415.40,958.79,171.36,142.59,0.50,-1,-1,-1
107,2,1933.99,829.72,1891.66,1330.28,0.74,-1,-1,-1
108,2,1920.50,776.91,1951.38,1383.09,0.76,-1,-1,-1
109,2,1899.05,732.24,1997.14,1427.76,0.79,-1,-1,-1
109,5,2393.44,947.78,165.28,136.07,0.59,-1,-1,-1
110,2,1978.63,864.50,1829.90,1295.50,0.81,-1,-1,-1
110,5,2388.93,944.93,164.63,135.83,0.55,-1,-1,-1
111,2,2004.62,919.85,1768.27,1240.16,0.81,-1,-1,-1
111,5,2387.28,944.65,158.70,131.06,0.61,-1,-1,-1
112,2,2015.42,935.25,1758.11,1224.75,0.83,-1,-1,-1
113,2,2015.72,943.17,1758.22,1216.83,0.85,-1,-1,-1
114,2,2004.95,934.96,1778.59,1225.04,0.84,-1,-1,-1
115,2,2000.53,936.25,1785.62,1223.75,0.84,-1,-1,-1
116,2,1996.15,941.74,1787.63,1218.26,0.83,-1,-1,-1
117,2,1996.96,950.18,1785.45,1209.82,0.82,-1,-1,-1
117,5,2347.98,923.43,154.19,127.19,0.51,-1,-1,-1
118,2,1997.19,955.73,1786.77,1204.27,0.81,-1,-1,-1
119,2,1987.58,944.87,1808.65,1215.13,0.81,-1,-1,-1
120,2,1979.22,944.58,1816.42,1215.42,0.79,-1,-1,-1
121,2,1973.44,947.60,1819.94,1212.40,0.78,-1,-1,-1
122,2,1968.91,942.60,1832.64,1217.40,0.78,-1,-1,-1
123,2,1960.11,935.96,1847.01,1224.04,0.78,-1,-1,-1
124,2,1952.68,924.77,1865.32,1235.23,0.81,-1,-1,-1
125,2,1952.57,921.80,1870.82,1238.20,0.82,-1,-1,-1
126,2,1951.26,917.36,1877.44,1242.64,0.80,-1,-1,-1
127,2,1951.08,919.63,1875.36,1240.37,0.80,-1,-1,-1
128,2,1947.59,909.94,1887.99,1250.06,0.78,-1,-1,-1
129,2,1951.68,910.91,1885.22,1249.09,0.82,-1,-1,-1
130,2,1954.30,910.66,1883.99,1249.34,0.79,-1,-1,-1
131,2,1956.85,911.92,1881.01,1248.08,0.78,-1,-1,-1
132,2,1957.85,909.13,1883.06,1250.87,0.76,-1,-1,-1
133,2,1955.34,906.12,1885.58,1253.88,0.79,-1,-1,-1
134,2,1953.21,903.70,1887.51,1256.30,0.77,-1,-1,-1
135,2,1956.08,905.46,1883.49,1254.54,0.77,-1,-1,-1
136,2,1946.73,892.30,1899.49,1267.70,0.78,-1,-1,-1
137,2,1946.75,891.34,1898.39,1268.66,0.81,-1,-1,-1
138,2,1937.77,875.90,1915.93,1284.10,0.82,-1,-1,-1
139,2,1937.60,872.78,1916.10,1287.22,0.83,-1,-1,-1
140,2,1941.86,872.39,1912.10,1287.61,0.82,-1,-1,-1
141,2,1939.08,871.71,1910.14,1288.29,0.82,-1,-1,-1
142,2,1948.42,874.87,1901.77,1285.13,0.82,-1,-1,-1
143,2,1943.99,870.89,1904.62,1289.11,0.82,-1,-1,-1
144,2,1949.14,866.84,1905.21,1293.16,0.84,-1,-1,-1
145,2,1945.48,860.13,1910.06,1299.87,0.83,-1,-1,-1
146,2,1934.21,845.18,1925.67,1314.82,0.83,-1,-1,-1
147,2,1938.35,844.23,1921.31,1315.77,0.84,-1,-1,-1
148,2,1937.61,838.77,1922.97,1321.23,0.83,-1,-1,-1
149,2,1943.68,840.14,1915.47,1319.86,0.84,-1,-1,-1
150,2,1946.38,840.16,1910.51,1319.84,0.83,-1,-1,-1
151,2,1930.69,831.06,1920.25,1328.94,0.83,-1,-1,-1
152,2,1937.35,834.32,1911.90,1325.68,0.82,-1,-1,-1
153,2,1944.50,838.35,1902.87,1321.65,0.83,-1,-1,-1
154,2,1945.46,839.33,1898.98,1320.67,0.82,-1,-1,-1
155,2,1942.88,833.84,1903.41,1326.16,0.84,-1,-1,-1
156,2,1939.71,825.90,1910.15,1334.10,0.82,-1,-1,-1
157,2,1942.39,823.65,1908.92,1336.35,0.83,-1,-1,-1
158,2,1945.47,824.23,1904.33,1335.77,0.82,-1,-1,-1
159,2,1943.24,816.64,1910.03,1343.36,0.82,-1,-1,-1
160,2,1947.36,815.18,1906.87,1344.82,0.83,-1,-1,-1
161,2,1950.79,818.70,1898.62,1341.30,0.84,-1,-1,-1
162,2,1953.25,816.18,1897.76,1343.82,0.84,-1,-1,-1
163,2,1949.68,813.99,1897.82,1346.01,0.84,-1,-1,-1
164,2,1944.16,798.07,1913.42,1361.93,0.84,-1,-1,-1
165,2,1945.94,795.44,1911.56,1364.56,0.85,-1,-1,-1
166,2,1938.04,782.73,1922.72,1377.27,0.86,-1,-1,-1
167,2,1932.59,774.77,1927.90,1385.23,0.87,-1,-1,-1
168,2,1931.87,769.95,1928.47,1390.05,0.87,-1,-1,-1
169,2,1935.27,769.61,1923.34,1390.39,0.87,-1,-1,-1
170,2,1939.33,771.64,1915.85,1388.36,0.88,-1,-1,-1
171,2,1947.94,775.88,1905.49,1384.12,0.87,-1,-1,-1
172,2,1951.69,775.64,1901.24,1384.36,0.86,-1,-1,-1
173,2,1947.12,770.38,1904.34,1389.62,0.87,-1,-1,-1
174,2,1951.90,774.42,1895.75,1385.58,0.86,-1,-1,-1
175,2,1952.57,773.42,1894.12,1386.58,0.87,-1,-1,-1
176,2,1953.28,773.12,1891.92,1386.88,0.87,-1,-1,-1
177,2,1956.93,773.08,1888.94,1386.92,0.87,-1,-1,-1
178,2,1959.55,774.46,1884.68,1385.54,0.86,-1,-1,-1
179,2,1962.05,775.70,1880.67,1384.30,0.87,-1,-1,-1
180,2,1959.44,772.91,1882.29,1387.09,0.87,-1,-1,-1
181,2,1960.94,772.56,1880.55,1387.44,0.87,-1,-1,-1
182,2,1961.27,772.47,1879.05,1387.53,0.87,-1,-1,-1
183,2,1961.16,769.18,1880.92,1390.82,0.87,-1,-1,-1
184,2,1959.64,765.99,1882.59,1394.01,0.87,-1,-1,-1
185,2,1961.80,769.46,1876.42,1390.54,0.88,-1,-1,-1
186,2,1966.74,773.47,1869.80,1386.53,0.87,-1,-1,-1
187,2,1963.61,767.08,1875.98,1392.92,0.87,-1,-1,-1
188,2,1960.06,764.69,1877.74,1395.31,0.88,-1,-1,-1
189,2,1961.40,764.49,1876.35,1395.51,0.88,-1,-1,-1
190,2,1958.12,761.82,1878.78,1398.18,0.88,-1,-1,-1
191,2,1960.62,762.17,1876.85,1397.83,0.87,-1,-1,-1
192,2,1964.56,765.65,1870.83,1394.35,0.86,-1,-1,-1
193,2,1965.48,765.02,1870.35,1394.98,0.87,-1,-1,-1
194,2,1965.14,762.83,1871.53,1397.17,0.86,-1,-1,-1
195,2,1966.54,764.66,1868.27,1395.34,0.87,-1,-1,-1
196,2,1969.28,768.03,1863.26,1391.97,0.87,-1,-1,-1
197,2,1966.57,763.36,1868.20,1396.64,0.85,-1,-1,-1
198,2,1965.52,761.61,1869.44,1398.39,0.86,-1,-1,-1
199,2,1964.20,759.65,1871.10,1400.35,0.86,-1,-1,-1
199,8,1151.78,1071.40,207.04,165.20,0.58,-1,-1,-1
200,2,1965.48,759.60,1870.15,1400.40,0.86,-1,-1,-1
200,8,1145.84,1076.46,211.57,168.88,0.54,-1,-1,-1
201,2,1966.54,760.93,1867.98,1399.07,0.88,-1,-1,-1
202,2,1962.90,757.50,1871.93,1402.50,0.87,-1,-1,-1
203,2,1957.95,752.26,1877.95,1407.74,0.87,-1,-1,-1
203,8,1131.83,1099.01,209.74,167.24,0.56,-1,-1,-1
204,2,1957.96,750.32,1879.10,1409.68,0.86,-1,-1,-1
204,8,1127.10,1102.14,214.64,171.27,0.63,-1,-1,-1
205,2,1955.28,747.00,1882.29,1413.00,0.86,-1,-1,-1
205,8,1118.65,1109.31,223.92,178.72,0.66,-1,-1,-1
206,2,1952.75,748.43,1880.63,1411.57,0.88,-1,-1,-1
206,8,1115.66,1121.10,222.01,177.39,0.69,-1,-1,-1
207,2,1953.94,753.66,1875.06,1406.34,0.89,-1,-1,-1
207,8,1113.49,1127.97,221.04,176.79,0.62,-1,-1,-1
208,2,1957.58,754.36,1873.90,1405.64,0.88,-1,-1,-1
208,8,1105.41,1136.27,220.78,176.53,0.68,-1,-1,-1
209,2,1960.19,752.66,1875.01,1407.34,0.87,-1,-1,-1
209,8,1097.33,1144.43,223.09,177.74,0.61,-1,-1,-1
210,2,1960.38,750.71,1876.39,1409.29,0.86,-1,-1,-1
210,8,1089.09,1152.53,230.08,182.81,0.66,-1,-1,-1
211,2,1953.99,744.06,1883.87,1415.94,0.86,-1,-1,-1
211,8,1082.97,1159.28,236.42,187.31,0.69,-1,-1,-1
212,2,1953.09,744.21,1883.02,1415.79,0.88,-1,-1,-1
212,8,1079.92,1168.78,237.31,187.68,0.69,-1,-1,-1
213,2,1954.47,743.00,1883.22,1417.00,0.87,-1,-1,-1
213,8,1073.84,1176.09,239.30,188.41,0.70,-1,-1,-1
214,2,1956.63,743.91,1880.70,1416.09,0.87,-1,-1,-1
214,8,1068.24,1183.84,241.02,188.63,0.72,-1,-1,-1
215,2,1958.85,746.94,1876.29,1413.06,0.88,-1,-1,-1
215,8,1060.73,1193.74,246.18,191.95,0.75,-1,-1,-1
216,2,1955.39,744.16,1879.25,1415.84,0.88,-1,-1,-1
216,8,1051.43,1199.86,252.84,197.08,0.73,-1,-1,-1
217,2,1951.94,740.49,1883.34,1419.51,0.88,-1,-1,-1
217,8,1046.15,1211.70,248.71,193.79,0.71,-1,-1,-1
218,2,1948.63,735.83,1888.26,1424.17,0.87,-1,-1,-1
218,8,1041.51,1221.22,251.40,195.71,0.75,-1,-1,-1
219,2,1948.13,733.46,1889.97,1426.54,0.87,-1,-1,-1
219,8,1030.30,1229.14,261.81,204.25,0.75,-1,-1,-1
220,2,1947.71,733.28,1889.12,1426.72,0.87,-1,-1,-1
220,8,1016.00,1240.98,269.30,210.67,0.66,-1,-1,-1
221,2,1947.90,731.29,1890.10,1428.71,0.86,-1,-1,-1
221,8,1009.05,1250.47,269.50,211.16,0.68,-1,-1,-1
222,2,1946.97,726.63,1893.83,1433.37,0.83,-1,-1,-1
222,8,1005.69,1260.98,269.36,210.59,0.70,-1,-1,-1
223,2,1951.04,731.52,1886.41,1428.48,0.85,-1,-1,-1
223,8,992.89,1268.62,281.63,220.74,0.72,-1,-1,-1
224,2,1952.87,735.43,1881.06,1424.57,0.87,-1,-1,-1
224,8,989.41,1284.18,278.00,217.45,0.72,-1,-1,-1
225,2,1950.17,731.65,1885.15,1428.35,0.87,-1,-1,-1
225,8,984.40,1295.15,279.13,218.60,0.73,-1,-1,-1
226,2,1955.50,738.17,1876.67,1421.83,0.87,-1,-1,-1
226,8,972.44,1307.50,284.36,222.24,0.74,-1,-1,-1
227,2,1949.91,730.75,1885.37,1429.25,0.83,-1,-1,-1
227,8,957.18,1319.06,291.18,228.11,0.74,-1,-1,-1
228,2,1949.59,732.59,1883.11,1427.41,0.85,-1,-1,-1
228,8,946.90,1333.55,290.06,226.40,0.73,-1,-1,-1
229,2,1950.21,733.32,1882.10,1426.68,0.84,-1,-1,-1
229,8,937.75,1347.92,294.58,229.53,0.74,-1,-1,-1
230,2,1951.52,733.61,1881.58,1426.39,0.82,-1,-1,-1
230,8,923.89,1359.57,301.20,235.22,0.70,-1,-1,-1
231,2,1948.79,731.10,1884.56,1428.90,0.84,-1,-1,-1
231,8,914.03,1372.76,304.84,237.97,0.71,-1,-1,-1
232,2,1944.85,728.85,1887.55,1431.15,0.85,-1,-1,-1
232,8,896.00,1387.87,315.05,246.08,0.72,-1,-1,-1
233,2,1946.39,730.66,1885.29,1429.34,0.86,-1,-1,-1
233,8,886.43,1403.01,316.97,247.82,0.68,-1,-1,-1
234,2,1949.22,734.02,1881.30,1425.98,0.86,-1,-1,-1
234,8,867.06,1420.82,324.92,254.22,0.74,-1,-1,-1
235,2,1947.20,731.33,1884.67,1428.67,0.84,-1,-1,-1
235,8,854.63,1434.39,332.01,259.81,0.75,-1,-1,-1
236,2,1950.15,734.95,1880.53,1425.05,0.87,-1,-1,-1
236,8,841.75,1447.63,337.87,264.44,0.71,-1,-1,-1
237,2,1949.14,734.35,1881.90,1425.65,0.88,-1,-1,-1
237,8,823.46,1467.86,342.78,268.70,0.70,-1,-1,-1
238,2,1948.35,730.81,1885.89,1429.19,0.86,-1,-1,-1
238,8,806.89,1483.02,351.95,276.70,0.68,-1,-1,-1
239,2,1948.22,732.12,1884.42,1427.88,0.88,-1,-1,-1
239,8,791.99,1502.00,360.20,284.82,0.71,-1,-1,-1
240,2,1943.15,726.69,1891.28,1433.31,0.88,-1,-1,-1
240,8,774.61,1525.02,360.18,284.63,0.71,-1,-1,-1
241,2,1941.45,722.01,1896.09,1437.99,0.85,-1,-1,-1
241,8,753.33,1543.87,365.87,288.26,0.71,-1,-1,-1
242,2,1942.03,721.59,1895.47,1438.41,0.85,-1,-1,-1
242,8,734.05,1566.83,372.81,294.06,0.69,-1,-1,-1
243,2,1944.01,722.80,1893.07,1437.20,0.85,-1,-1,-1
243,8,711.66,1586.83,382.20,302.63,0.74,-1,-1,-1
244,2,1946.58,725.94,1888.51,1434.06,0.85,-1,-1,-1
244,8,691.10,1607.59,390.40,310.32,0.79,-1,-1,-1
245,2,1948.43,727.82,1885.69,1432.18,0.86,-1,-1,-1
245,8,670.32,1631.88,398.07,317.03,0.73,-1,-1,-1
246,2,1946.75,720.61,1892.70,1439.39,0.81,-1,-1,-1
246,8,642.56,1654.95,412.23,329.14,0.67,-1,-1,-1
247,2,1942.28,714.61,1898.38,1445.39,0.81,-1,-1,-1
247,8,622.16,1680.69,411.49,327.92,0.72,-1,-1,-1
248,2,1942.20,715.01,1896.63,1444.99,0.81,-1,-1,-1
248,8,595.44,1707.60,425.05,339.51,0.70,-1,-1,-1
249,2,1942.17,713.90,1896.64,1446.10,0.83,-1,-1,-1
249,8,567.28,1733.47,435.38,348.30,0.73,-1,-1,-1
250,2,1956.33,746.53,1859.72,1413.47,0.80,-1,-1,-1
250,8,541.06,1763.50,437.42,348.97,0.75,-1,-1,-1
251,2,1923.82,731.66,1882.15,1427.01,0.79,-1,-1,-1
251,8,515.08,1795.87,443.63,352.88,0.71,-1,-1,-1
252,2,1909.88,727.43,1891.73,1430.75,0.78,-1,-1,-1
252,8,499.33,1823.18,428.15,336.69,0.52,-1,-1,-1
253,2,1899.73,721.85,1902.69,1436.15,0.79,-1,-1,-1
253,8,490.26,1863.19,394.61,302.83,0.65,-1,-1,-1
254,2,1889.87,712.49,1917.18,1445.45,0.79,-1,-1,-1
254,8,481.74,1904.35,358.70,263.65,0.54,-1,-1,-1
255,2,1893.12,716.23,1914.89,1441.69,0.78,-1,-1,-1
256,2,1893.45,717.05,1916.11,1440.87,0.78,-1,-1,-1
257,2,1889.34,712.11,1923.94,1445.81,0.79,-1,-1,-1
258,2,1931.22,744.59,1885.06,1414.67,0.79,-1,-1,-1
259,2,1946.26,756.99,1871.60,1402.77,0.80,-1,-1,-1
260,2,1949.99,758.85,1870.93,1401.10,0.81,-1,-1,-1
261,2,1951.22,759.41,1871.57,1400.61,0.81,-1,-1,-1
262,2,1953.08,762.15,1869.54,1397.89,0.81,-1,-1,-1
263,2,1950.19,757.09,1876.51,1402.95,0.80,-1,-1,-1
264,2,1939.62,729.96,1907.25,1430.08,0.80,-1,-1,-1
265,2,1951.85,753.21,1878.42,1406.82,0.79,-1,-1,-1
266,2,1945.59,732.99,1900.38,1427.04,0.80,-1,-1,-1
267,2,1942.50,726.11,1906.05,1433.92,0.84,-1,-1,-1
268,2,1951.80,749.21,1877.89,1410.82,0.79,-1,-1,-1
269,2,1950.88,755.42,1871.98,1404.60,0.81,-1,-1,-1
270,2,1919.86,737.15,1896.61,1421.55,0.78,-1,-1,-1
271,2,1935.91,747.40,1885.43,1412.12,0.80,-1,-1,-1
272,2,1939.10,750.00,1883.87,1409.83,0.81,-1,-1,-1
273,2,1950.11,766.17,1866.34,1393.78,0.79,-1,-1,-1
274,2,1900.72,722.40,1922.31,1436.26,0.79,-1,-1,-1
275,2,1927.24,741.51,1898.59,1417.99,0.81,-1,-1,-1
276,2,1901.59,723.20,1922.39,1435.96,0.80,-1,-1,-1
277,2,1884.50,710.47,1938.46,1447.92,0.78,-1,-1,-1
278,2,1886.39,713.60,1934.50,1444.49,0.80,-1,-1,-1
279,2,1884.12,712.29,1936.56,1445.69,0.80,-1,-1,-1
280,2,1882.54,709.92,1939.62,1448.03,0.80,-1,-1,-1
281,2,1875.69,702.52,1948.18,1454.76,0.83,-1,-1,-1
282,2,1885.79,712.99,1935.39,1444.70,0.80,-1,-1,-1
283,2,1926.04,746.18,1894.92,1412.99,0.81,-1,-1,-1
284,2,1948.86,768.12,1869.19,1391.62,0.79,-1,-1,-1
285,2,1950.65,772.85,1866.26,1387.10,0.80,-1,-1,-1
286,2,1952.67,770.45,1870.32,1389.57,0.80,-1,-1,-1
287,2,1914.65,741.55,1907.48,1417.17,0.79,-1,-1,-1
288,2,1937.18,760.90,1884.60,1398.65,0.80,-1,-1,-1
289,2,1949.60,772.29,1871.62,1387.57,0.79,-1,-1,-1
290,2,1952.86,772.49,1872.12,1387.49,0.79,-1,-1,-1
291,2,1951.90,771.79,1873.93,1388.24,0.80,-1,-1,-1
292,2,1950.82,772.08,1874.59,1387.95,0.80,-1,-1,-1
293,2,1953.05,772.10,1874.75,1387.94,0.80,-1,-1,-1
294,2,1941.89,742.91,1907.32,1417.12,0.79,-1,-1,-1
295,2,1904.21,723.42,1930.69,1435.30,0.78,-1,-1,-1
296,2,1885.02,710.79,1945.83,1447.42,0.79,-1,-1,-1
297,2,1882.39,713.99,1941.67,1444.04,0.81,-1,-1,-1
298,2,1884.61,716.70,1937.77,1441.26,0.78,-1,-1,-1
299,2,1878.19,707.97,1948.37,1449.97,0.79,-1,-1,-1
300,2,1883.49,714.00,1940.39,1443.94,0.80,-1,-1,-1
301,2,1884.99,717.09,1936.58,1440.85,0.80,-1,-1,-1
302,2,1878.28,705.80,1949.82,1452.15,0.81,-1,-1,-1
303,2,1874.49,700.97,1954.15,1456.33,0.82,-1,-1,-1
304,2,1877.68,704.52,1949.29,1453.19,0.80,-1,-1,-1
305,2,1873.52,699.39,1954.35,1457.83,0.81,-1,-1,-1
306,2,1875.48,701.49,1951.27,1456.19,0.80,-1,-1,-1
307,2,1874.58,699.76,1952.15,1457.45,0.82,-1,-1,-1
308,2,1880.60,705.78,1944.48,1451.91,0.80,-1,-1,-1
309,2,1918.32,734.59,1908.46,1424.62,0.81,-1,-1,-1
310,2,1891.32,710.25,1938.13,1448.20,0.81,-1,-1,-1
311,2,1880.97,702.53,1946.49,1454.97,0.83,-1,-1,-1
311,9,1291.41,703.60,176.19,232.60,0.53,-1,-1,-1
312,2,1882.24,706.88,1941.23,1450.92,0.81,-1,-1,-1
312,9,1291.30,704.68,176.39,232.91,0.56,-1,-1,-1
313,2,1931.11,754.86,1883.49,1404.38,0.78,-1,-1,-1
313,9,1287.31,703.49,179.71,237.67,0.51,-1,-1,-1
314,2,1909.98,739.66,1904.20,1418.79,0.75,-1,-1,-1
314,9,1282.79,700.12,182.85,242.87,0.51,-1,-1,-1
315,2,1898.26,731.35,1916.38,1426.81,0.79,-1,-1,-1
315,9,1283.47,704.70,180.31,239.52,0.72,-1,-1,-1
316,2,1943.36,770.42,1869.49,1388.95,0.76,-1,-1,-1
316,9,1281.37,706.39,181.44,240.99,0.71,-1,-1,-1
317,2,1955.68,780.56,1859.37,1379.27,0.76,-1,-1,-1
317,9,1278.83,707.66,184.19,244.89,0.67,-1,-1,-1
318,2,1961.56,786.78,1854.17,1373.21,0.75,-1,-1,-1
318,9,1275.92,708.78,183.84,244.89,0.72,-1,-1,-1
319,2,1955.88,774.91,1869.77,1385.14,0.77,-1,-1,-1
319,9,1272.36,709.84,184.74,246.15,0.71,-1,-1,-1
320,2,1959.03,777.58,1866.86,1382.49,0.75,-1,-1,-1
320,9,1272.11,710.20,183.73,245.22,0.66,-1,-1,-1
321,2,1962.04,783.07,1861.24,1377.00,0.75,-1,-1,-1
321,9,1269.31,710.98,182.92,244.13,0.70,-1,-1,-1
322,2,1962.21,783.66,1861.52,1376.40,0.75,-1,-1,-1
322,9,1265.39,711.90,186.49,249.02,0.73,-1,-1,-1
323,2,1913.76,751.93,1904.81,1407.46,0.77,-1,-1,-1
323,9,1263.77,710.90,189.58,254.10,0.66,-1,-1,-1
324,2,1935.17,761.66,1891.78,1398.13,0.77,-1,-1,-1
325,2,1940.12,761.45,1891.42,1398.51,0.78,-1,-1,-1
325,9,1263.07,712.20,191.74,257.54,0.70,-1,-1,-1
326,2,1905.36,736.90,1922.20,1421.79,0.78,-1,-1,-1
326,9,1261.48,712.52,192.80,258.58,0.77,-1,-1,-1
327,2,1887.58,723.74,1938.59,1434.47,0.79,-1,-1,-1
327,9,1262.00,713.27,195.04,261.59,0.72,-1,-1,-1
328,2,1883.75,720.78,1941.67,1437.25,0.77,-1,-1,-1
328,9,1261.53,714.17,196.61,264.02,0.71,-1,-1,-1
329,2,1926.48,751.37,1902.01,1407.91,0.77,-1,-1,-1
329,9,1260.33,715.78,195.39,262.30,0.71,-1,-1,-1
330,2,1942.21,765.17,1884.87,1394.59,0.76,-1,-1,-1
330,9,1257.43,717.00,195.26,262.27,0.59,-1,-1,-1
331,2,1948.22,774.94,1874.15,1385.00,0.78,-1,-1,-1
331,9,1251.99,716.10,200.66,270.16,0.58,-1,-1,-1
332,2,1908.87,747.99,1910.11,1410.69,0.77,-1,-1,-1
333,2,1927.17,758.28,1897.67,1401.24,0.79,-1,-1,-1
333,9,1244.95,717.39,205.33,276.50,0.60,-1,-1,-1
334,2,1890.23,725.84,1938.52,1432.69,0.78,-1,-1,-1
335,2,1876.56,714.38,1952.25,1443.77,0.78,-1,-1,-1
336,2,1872.19,711.44,1955.25,1446.57,0.79,-1,-1,-1
337,2,1922.45,754.56,1900.75,1404.72,0.77,-1,-1,-1
337,9,1238.34,725.78,202.79,272.58,0.59,-1,-1,-1
338,2,1943.69,775.22,1876.08,1384.55,0.77,-1,-1,-1
338,10,1064.23,1071.00,212.74,184.40,0.71,-1,-1,-1
338,9,1233.86,725.83,206.94,277.58,0.62,-1,-1,-1
339,2,1953.13,786.16,1864.44,1373.80,0.76,-1,-1,-1
339,10,1059.29,1075.61,213.26,184.86,0.68,-1,-1,-1
339,9,1231.99,727.18,207.73,277.91,0.62,-1,-1,-1
340,2,1962.27,798.08,1852.07,1361.93,0.76,-1,-1,-1
340,10,1049.12,1084.92,211.82,183.47,0.67,-1,-1,-1
340,9,1231.39,728.29,208.61,278.02,0.58,-1,-1,-1
341,2,1958.73,793.05,1860.58,1366.99,0.77,-1,-1,-1
341,10,1042.95,1095.22,211.58,183.01,0.64,-1,-1,-1
342,2,1912.81,753.88,1911.06,1404.83,0.76,-1,-1,-1
342,10,1038.54,1105.57,211.08,182.16,0.69,-1,-1,-1
343,2,1891.57,732.62,1937.37,1425.60,0.76,-1,-1,-1
343,10,1033.26,1113.02,211.95,182.60,0.72,-1,-1,-1
343,9,1222.05,730.51,214.54,283.94,0.60,-1,-1,-1
344,2,1882.88,722.56,1948.64,1435.48,0.76,-1,-1,-1
344,10,1024.75,1115.30,216.34,186.24,0.70,-1,-1,-1
345,2,1884.45,722.78,1946.59,1435.18,0.76,-1,-1,-1
345,10,1016.51,1123.31,217.84,186.88,0.76,-1,-1,-1
346,2,1934.67,769.12,1888.18,1390.15,0.75,-1,-1,-1
346,10,1009.79,1129.35,223.52,191.83,0.72,-1,-1,-1
346,9,1217.14,735.05,218.85,287.47,0.64,-1,-1,-1
347,2,1904.35,740.92,1923.64,1417.51,0.75,-1,-1,-1
347,10,996.82,1138.00,230.38,196.96,0.65,-1,-1,-1
348,2,1937.33,768.04,1889.19,1391.40,0.76,-1,-1,-1
348,10,988.96,1149.59,230.07,195.56,0.69,-1,-1,-1
349,2,1944.43,772.53,1883.83,1387.30,0.78,-1,-1,-1
349,10,983.01,1157.03,231.74,196.27,0.70,-1,-1,-1
350,2,1932.74,756.91,1903.11,1403.06,0.80,-1,-1,-1
350,10,970.36,1161.53,240.44,203.11,0.71,-1,-1,-1
351,2,1934.97,759.58,1899.01,1400.44,0.79,-1,-1,-1
351,10,964.19,1167.59,241.69,203.68,0.74,-1,-1,-1
352,2,1932.57,755.97,1902.54,1404.06,0.80,-1,-1,-1
352,10,956.35,1173.55,247.72,208.41,0.78,-1,-1,-1
353,2,1930.76,753.95,1904.28,1406.09,0.81,-1,-1,-1
353,10,944.96,1180.81,254.20,214.07,0.76,-1,-1,-1
353,9,1204.67,744.20,226.46,295.54,0.50,-1,-1,-1
354,2,1931.45,753.19,1904.10,1406.85,0.80,-1,-1,-1
354,10,940.83,1189.86,253.37,213.57,0.75,-1,-1,-1
355,2,1941.95,768.77,1884.85,1391.27,0.78,-1,-1,-1
355,10,931.47,1198.32,257.98,217.20,0.72,-1,-1,-1
356,2,1944.64,770.70,1882.72,1389.33,0.78,-1,-1,-1
356,10,924.39,1205.21,258.69,217.86,0.77,-1,-1,-1
356,9,1192.49,748.22,227.69,296.02,0.57,-1,-1,-1
357,2,1941.73,766.73,1887.73,1393.29,0.80,-1,-1,-1
357,10,908.35,1215.43,264.51,222.61,0.72,-1,-1,-1
357,9,1190.33,748.62,230.26,298.73,0.63,-1,-1,-1
358,2,1951.36,779.08,1872.73,1380.95,0.77,-1,-1,-1
358,10,901.47,1226.25,264.76,222.39,0.77,-1,-1,-1
358,9,1183.18,748.76,234.71,305.60,0.53,-1,-1,-1
359,2,1955.56,785.03,1866.55,1374.99,0.78,-1,-1,-1
359,10,892.45,1237.32,269.01,226.14,0.72,-1,-1,-1
359,9,1180.83,752.03,235.20,307.50,0.60,-1,-1,-1
360,2,1946.66,774.58,1880.48,1385.44,0.77,-1,-1,-1
360,10,878.74,1244.54,274.69,230.75,0.75,-1,-1,-1
361,2,1907.84,748.81,1914.38,1409.89,0.73,-1,-1,-1
361,10,868.48,1252.88,279.52,235.04,0.75,-1,-1,-1
362,2,1942.62,781.75,1874.26,1377.76,0.73,-1,-1,-1
362,10,861.51,1266.20,278.21,234.01,0.77,-1,-1,-1
362,9,1168.37,753.79,243.81,319.03,0.69,-1,-1,-1
363,2,1901.04,746.60,1920.39,1411.90,0.75,-1,-1,-1
363,10,849.63,1276.26,281.62,237.43,0.75,-1,-1,-1
363,9,1164.29,754.51,243.99,322.70,0.57,-1,-1,-1
364,2,1934.67,776.91,1883.44,1382.53,0.75,-1,-1,-1
364,10,836.94,1288.93,286.06,240.60,0.74,-1,-1,-1
364,9,1161.55,756.72,244.08,323.34,0.57,-1,-1,-1
365,2,1947.82,788.04,1871.05,1371.77,0.73,-1,-1,-1
365,10,823.43,1296.74,292.55,245.64,0.74,-1,-1,-1
366,2,1946.28,782.84,1878.65,1377.11,0.75,-1,-1,-1
366,10,812.08,1311.77,295.59,248.14,0.76,-1,-1,-1
366,9,1153.20,758.62,245.95,328.77,0.69,-1,-1,-1
367,2,1940.61,778.84,1885.03,1381.16,0.78,-1,-1,-1
367,10,800.27,1327.00,296.58,248.36,0.77,-1,-1,-1
367,9,1148.02,758.90,244.85,330.40,0.56,-1,-1,-1
368,2,1940.47,778.60,1886.03,1381.42,0.78,-1,-1,-1
368,10,785.42,1335.11,305.81,256.83,0.74,-1,-1,-1
368,9,1150.80,764.89,239.90,323.74,0.53,-1,-1,-1
369,2,1941.77,782.44,1882.36,1377.58,0.77,-1,-1,-1
369,10,770.99,1342.45,311.85,263.20,0.76,-1,-1,-1
370,2,1945.62,785.18,1879.52,1374.84,0.76,-1,-1,-1
370,10,759.60,1357.88,314.09,265.57,0.76,-1,-1,-1
370,9,1142.13,768.32,242.74,329.36,0.54,-1,-1,-1
371,2,1946.02,785.50,1879.87,1374.52,0.78,-1,-1,-1
371,10,746.45,1374.56,316.86,267.66,0.77,-1,-1,-1
372,2,1951.29,791.53,1873.03,1368.49,0.75,-1,-1,-1
372,10,729.99,1389.07,325.76,275.51,0.80,-1,-1,-1
373,2,1951.29,790.44,1875.05,1369.58,0.77,-1,-1,-1
373,10,716.49,1401.41,332.48,281.64,0.80,-1,-1,-1
374,2,1953.77,792.61,1872.79,1367.40,0.75,-1,-1,-1
374,10,694.95,1410.98,344.46,292.95,0.77,-1,-1,-1
375,2,1956.79,798.67,1866.37,1361.34,0.76,-1,-1,-1
375,10,679.07,1427.20,344.21,292.07,0.76,-1,-1,-1
376,2,1950.76,789.63,1878.25,1370.38,0.76,-1,-1,-1
376,10,657.23,1431.80,360.57,308.41,0.76,-1,-1,-1
377,2,1947.82,786.84,1882.02,1373.17,0.78,-1,-1,-1
377,10,641.19,1454.42,362.89,311.33,0.74,-1,-1,-1
377,9,1122.72,784.06,249.08,337.55,0.64,-1,-1,-1
378,2,1945.46,779.15,1890.54,1380.86,0.77,-1,-1,-1
378,10,630.62,1479.09,357.66,307.09,0.80,-1,-1,-1
378,9,1119.92,786.13,250.65,338.74,0.53,-1,-1,-1
379,2,1937.43,768.33,1902.72,1391.68,0.80,-1,-1,-1
379,10,612.82,1496.03,363.05,311.75,0.82,-1,-1,-1
379,9,1115.41,782.21,256.31,347.06,0.50,-1,-1,-1
380,2,1935.48,765.58,1904.45,1394.43,0.79,-1,-1,-1
380,10,595.33,1516.36,369.07,317.94,0.74,-1,-1,-1
380,9,1111.10,783.96,258.58,350.79,0.71,-1,-1,-1
381,2,1936.07,764.60,1903.76,1395.41,0.79,-1,-1,-1
381,10,571.86,1536.05,382.32,329.90,0.78,-1,-1,-1
381,9,1107.52,785.88,259.57,352.82,0.67,-1,-1,-1
382,2,1940.00,766.27,1899.37,1393.73,0.78,-1,-1,-1
382,10,551.17,1554.16,390.21,337.59,0.77,-1,-1,-1
382,9,1102.45,786.55,263.60,358.12,0.53,-1,-1,-1
383,2,1904.11,747.16,1923.60,1412.18,0.77,-1,-1,-1
383,10,532.30,1576.83,388.67,335.91,0.77,-1,-1,-1
383,9,1097.17,790.01,264.82,360.08,0.70,-1,-1,-1
384,2,1913.87,728.87,1939.38,1430.88,0.80,-1,-1,-1
384,10,509.92,1593.53,398.97,345.44,0.77,-1,-1,-1
385,2,1917.49,725.31,1933.27,1434.60,0.78,-1,-1,-1
385,10,483.27,1617.55,412.12,357.97,0.79,-1,-1,-1
385,9,1090.53,793.37,266.12,362.04,0.62,-1,-1,-1
386,2,1907.89,724.15,1919.39,1435.82,0.76,-1,-1,-1
386,10,462.80,1637.94,415.86,360.74,0.78,-1,-1,-1
386,11,3671.63,1675.80,147.15,343.80,0.72,-1,-1,-1
386,9,1087.66,793.33,271.22,368.74,0.55,-1,-1,-1
387,2,1895.80,724.54,1900.76,1435.46,0.78,-1,-1,-1
387,10,435.66,1662.76,423.66,366.77,0.74,-1,-1,-1
387,11,3648.90,1631.12,149.76,345.50,0.76,-1,-1,-1
387,9,1082.95,797.23,271.92,371.11,0.74,-1,-1,-1
388,2,1890.54,724.85,1882.03,1435.15,0.77,-1,-1,-1
388,10,404.39,1677.60,446.62,388.97,0.77,-1,-1,-1
388,11,3622.27,1601.50,145.29,324.31,0.71,-1,-1,-1
388,9,1078.49,799.93,272.48,372.64,0.64,-1,-1,-1
389,2,1892.01,727.74,1860.42,1432.26,0.74,-1,-1,-1
389,10,380.27,1703.31,448.50,390.98,0.80,-1,-1,-1
389,11,3598.32,1580.14,146.73,310.67,0.79,-1,-1,-1
390,2,1884.47,726.33,1842.43,1433.68,0.70,-1,-1,-1
390,10,355.30,1730.89,449.70,391.45,0.75,-1,-1,-1
390,11,3570.88,1555.44,153.44,302.49,0.77,-1,-1,-1
390,9,1068.90,802.80,278.58,382.43,0.58,-1,-1,-1
391,2,1887.57,727.87,1822.84,1432.13,0.68,-1,-1,-1
391,10,325.59,1766.88,449.26,388.13,0.82,-1,-1,-1
391,11,3538.50,1534.84,157.34,284.31,0.76,-1,-1,-1
391,9,1062.11,801.19,283.24,390.45,0.78,-1,-1,-1
392,2,1905.14,729.87,1807.58,1430.13,0.68,-1,-1,-1
392,10,311.58,1793.09,433.33,369.62,0.72,-1,-1,-1
392,11,3488.43,1509.77,168.37,281.00,0.76,-1,-1,-1
392,9,1057.95,803.18,284.50,393.33,0.73,-1,-1,-1
393,2,1909.81,729.39,1795.02,1430.62,0.67,-1,-1,-1
393,10,299.47,1824.11,410.57,342.86,0.73,-1,-1,-1
393,11,3440.48,1484.68,180.87,279.59,0.79,-1,-1,-1
394,2,1879.89,722.66,1803.15,1436.02,0.68,-1,-1,-1
394,10,278.10,1857.01,386.10,310.26,0.65,-1,-1,-1
394,11,3393.89,1458.19,191.83,277.41,0.76,-1,-1,-1
394,9,1052.55,808.92,284.37,394.24,0.75,-1,-1,-1
395,2,1849.86,720.19,1800.56,1438.00,0.73,-1,-1,-1
395,11,3352.14,1438.13,197.83,267.34,0.75,-1,-1,-1
395,9,1048.74,809.34,286.96,398.77,0.81,-1,-1,-1
396,2,1833.72,720.65,1791.19,1437.35,0.72,-1,-1,-1
396,11,3305.60,1419.03,208.16,265.48,0.78,-1,-1,-1
396,9,1045.54,812.74,287.71,401.02,0.74,-1,-1,-1
397,2,1823.31,721.57,1779.19,1436.37,0.73,-1,-1,-1
397,11,3271.81,1407.68,207.99,250.03,0.79,-1,-1,-1
397,9,1039.65,813.27,291.65,407.12,0.79,-1,-1,-1
398,2,1838.00,724.62,1770.58,1433.30,0.70,-1,-1,-1
398,11,3232.92,1386.84,213.03,243.41,0.74,-1,-1,-1
398,9,1039.70,816.65,292.04,406.78,0.53,-1,-1,-1
399,2,1860.87,727.16,1767.27,1430.77,0.61,-1,-1,-1
399,11,3194.36,1366.59,221.20,241.42,0.76,-1,-1,-1
399,9,1034.15,819.80,293.07,407.93,0.69,-1,-1,-1
400,2,1967.81,737.41,1764.40,1421.84,0.56,-1,-1,-1
400,11,3160.06,1352.69,227.67,238.25,0.79,-1,-1,-1
400,9,1029.18,821.56,294.14,410.29,0.78,-1,-1,-1
401,2,2001.00,739.31,1769.38,1420.45,0.61,-1,-1,-1
401,11,3125.68,1338.35,231.95,235.36,0.73,-1,-1,-1
401,9,1024.99,827.37,292.80,408.53,0.67,-1,-1,-1
402,2,2008.64,738.01,1776.36,1421.93,0.62,-1,-1,-1
402,11,3099.70,1320.39,230.79,226.42,0.78,-1,-1,-1
402,9,1020.60,830.80,293.52,409.79,0.83,-1,-1,-1
403,2,2016.24,746.76,1770.81,1413.25,0.62,-1,-1,-1
403,11,3072.01,1305.21,231.12,220.03,0.77,-1,-1,-1
403,9,1015.87,832.64,295.57,412.86,0.80,-1,-1,-1
404,2,1993.73,753.35,1769.60,1405.36,0.62,-1,-1,-1
404,11,3042.09,1287.57,236.37,219.38,0.73,-1,-1,-1
404,9,1012.46,836.51,296.55,414.65,0.80,-1,-1,-1
405,2,1947.15,743.83,1788.33,1415.71,0.71,-1,-1,-1
405,11,3009.41,1264.30,247.86,226.14,0.71,-1,-1,-1
405,9,1004.39,838.53,304.14,426.47,0.83,-1,-1,-1
406,2,1955.58,737.57,1800.08,1420.96,0.69,-1,-1,-1
406,11,2985.01,1257.72,240.95,215.40,0.84,-1,-1,-1
406,9,998.09,841.81,305.91,429.58,0.84,-1,-1,-1
407,2,1957.68,733.86,1809.26,1424.29,0.69,-1,-1,-1
407,11,2965.15,1250.29,236.06,206.78,0.74,-1,-1,-1
407,9,993.05,842.96,309.46,435.27,0.84,-1,-1,-1
408,2,1956.04,728.51,1821.37,1429.51,0.72,-1,-1,-1
408,11,2937.34,1234.01,240.66,207.32,0.72,-1,-1,-1
408,9,988.87,844.60,311.67,438.66,0.83,-1,-1,-1
409,2,1949.66,724.53,1831.30,1432.78,0.71,-1,-1,-1
409,11,2915.29,1222.63,238.69,202.93,0.74,-1,-1,-1
409,9,982.77,847.75,313.92,442.47,0.83,-1,-1,-1
410,2,1945.14,723.72,1835.09,1432.66,0.67,-1,-1,-1
410,11,2893.68,1213.10,235.08,196.78,0.80,-1,-1,-1
410,9,975.55,848.85,316.33,445.79,0.75,-1,-1,-1
411,2,1945.07,722.81,1840.32,1433.23,0.70,-1,-1,-1
411,11,2873.76,1198.75,237.26,196.79,0.83,-1,-1,-1
411,9,968.95,849.18,319.96,450.87,0.84,-1,-1,-1
412,2,1944.64,723.17,1843.60,1432.75,0.67,-1,-1,-1
412,11,2851.33,1186.00,241.41,198.96,0.78,-1,-1,-1
412,9,962.95,849.87,325.34,459.24,0.79,-1,-1,-1
413,2,1942.84,722.69,1847.29,1433.19,0.67,-1,-1,-1
413,11,2831.38,1174.49,239.48,195.88,0.82,-1,-1,-1
413,9,958.02,849.40,329.67,466.24,0.84,-1,-1,-1
414,2,1948.00,726.52,1844.78,1429.37,0.65,-1,-1,-1
414,11,2816.66,1164.81,232.81,188.83,0.71,-1,-1,-1
414,9,954.59,851.10,332.08,470.10,0.82,-1,-1,-1
415,2,1970.16,724.69,1844.94,1432.52,0.70,-1,-1,-1
415,11,2801.66,1160.57,226.09,182.31,0.73,-1,-1,-1
415,9,950.16,852.99,334.30,473.39,0.84,-1,-1,-1
416,2,1978.70,724.02,1843.76,1433.70,0.74,-1,-1,-1
416,11,2782.35,1148.03,228.30,182.84,0.78,-1,-1,-1
416,9,947.83,856.91,335.38,475.16,0.76,-1,-1,-1
417,2,1988.12,726.43,1838.53,1432.14,0.69,-1,-1,-1
417,11,2767.83,1137.87,225.55,179.78,0.72,-1,-1,-1
417,9,942.16,859.00,337.76,478.31,0.81,-1,-1,-1
418,2,1988.71,725.39,1837.49,1433.51,0.71,-1,-1,-1
418,11,2752.10,1126.57,224.35,178.81,0.74,-1,-1,-1
418,9,936.19,864.95,339.33,480.03,0.81,-1,-1,-1
419,2,1960.21,717.08,1849.96,1441.27,0.71,-1,-1,-1
419,11,2734.35,1118.19,222.66,176.57,0.72,-1,-1,-1
419,9,929.26,869.11,342.30,484.48,0.69,-1,-1,-1
420,2,1945.18,710.01,1860.30,1448.13,0.70,-1,-1,-1
420,11,2723.84,1113.59,216.28,171.16,0.75,-1,-1,-1
420,9,921.70,872.57,346.32,491.29,0.83,-1,-1,-1
421,2,1938.50,707.38,1865.44,1450.68,0.71,-1,-1,-1
421,11,2698.47,1087.34,231.74,184.23,0.68,-1,-1,-1
421,9,915.40,873.15,351.06,498.98,0.84,-1,-1,-1
422,2,1929.12,697.23,1879.10,1460.80,0.73,-1,-1,-1
422,11,2678.84,1078.79,230.73,182.98,0.59,-1,-1,-1
422,9,907.17,877.19,354.35,503.10,0.70,-1,-1,-1
423,2,1922.47,688.86,1889.19,1469.15,0.71,-1,-1,-1
423,11,2672.60,1082.10,216.32,170.63,0.73,-1,-1,-1
423,9,899.39,878.64,358.63,508.44,0.85,-1,-1,-1
424,2,1920.26,683.17,1895.70,1474.84,0.72,-1,-1,-1
424,11,2665.20,1068.47,214.52,170.08,0.71,-1,-1,-1
424,9,896.71,883.68,358.67,507.06,0.84,-1,-1,-1
425,2,1919.62,682.45,1896.52,1475.55,0.75,-1,-1,-1
425,11,2657.99,1065.25,207.87,165.25,0.69,-1,-1,-1
425,9,891.55,888.13,362.05,511.61,0.67,-1,-1,-1
426,2,1921.19,682.98,1895.21,1475.02,0.73,-1,-1,-1
426,11,2640.61,1057.80,207.40,164.24,0.71,-1,-1,-1
426,9,885.92,892.34,366.40,517.79,0.80,-1,-1,-1
427,2,1919.24,682.65,1895.23,1475.36,0.72,-1,-1,-1
427,11,2630.33,1052.75,201.59,158.59,0.68,-1,-1,-1
427,9,877.04,895.81,369.40,521.31,0.87,-1,-1,-1
428,2,1919.27,686.59,1891.73,1472.08,0.76,-1,-1,-1
428,11,2618.19,1047.29,198.78,155.26,0.65,-1,-1,-1
428,9,867.35,898.98,374.27,528.40,0.87,-1,-1,-1
429,2,1920.85,689.50,1889.31,1469.41,0.76,-1,-1,-1
429,11,2604.44,1038.89,200.14,156.19,0.62,-1,-1,-1
429,9,862.30,900.08,379.79,536.83,0.85,-1,-1,-1
430,2,1917.11,686.04,1893.81,1472.96,0.76,-1,-1,-1
430,11,2590.16,1034.12,197.50,153.94,0.76,-1,-1,-1
430,9,857.25,902.35,385.21,546.43,0.85,-1,-1,-1
431,2,1917.66,688.75,1891.62,1470.28,0.78,-1,-1,-1
431,11,2583.60,1031.38,191.68,149.17,0.70,-1,-1,-1
431,9,848.26,907.03,390.63,555.15,0.88,-1,-1,-1
432,2,1918.73,689.84,1891.09,1469.20,0.78,-1,-1,-1
432,11,2576.29,1026.69,186.55,144.81,0.70,-1,-1,-1
432,9,837.91,909.38,395.11,561.57,0.73,-1,-1,-1
433,2,1919.82,694.26,1887.58,1464.78,0.82,-1,-1,-1
433,11,2566.61,1019.86,185.75,144.02,0.65,-1,-1,-1
433,9,828.77,915.38,396.38,563.84,0.75,-1,-1,-1
434,2,1917.03,692.65,1891.38,1466.39,0.82,-1,-1,-1
434,11,2547.96,1008.21,190.46,147.88,0.64,-1,-1,-1
434,9,823.35,917.57,401.05,571.68,0.85,-1,-1,-1
435,2,1913.69,690.08,1896.09,1468.96,0.81,-1,-1,-1
435,11,2519.79,972.32,217.81,172.57,0.62,-1,-1,-1
435,9,812.14,920.26,407.13,581.66,0.73,-1,-1,-1
436,2,1914.68,692.43,1894.74,1466.60,0.82,-1,-1,-1
436,11,2521.98,981.13,196.32,156.46,0.60,-1,-1,-1
436,9,806.83,925.08,409.22,585.30,0.78,-1,-1,-1
437,2,1906.87,680.78,1909.98,1478.91,0.79,-1,-1,-1
437,11,2518.05,982.14,189.05,151.99,0.62,-1,-1,-1
437,9,798.86,930.74,409.23,585.17,0.58,-1,-1,-1
438,2,1907.86,677.74,1912.48,1481.53,0.76,-1,-1,-1
438,11,2509.89,977.39,183.30,147.72,0.63,-1,-1,-1
438,9,789.91,934.75,412.24,588.82,0.71,-1,-1,-1
439,2,1913.58,683.90,1904.78,1475.21,0.78,-1,-1,-1
439,11,2493.43,963.19,191.00,154.92,0.69,-1,-1,-1
439,9,783.70,940.73,415.45,593.30,0.52,-1,-1,-1
440,2,1931.37,713.41,1871.93,1445.64,0.77,-1,-1,-1
440,11,2491.08,968.64,176.51,142.49,0.69,-1,-1,-1
440,9,773.99,942.88,425.88,609.22,0.81,-1,-1,-1
441,2,1918.49,697.30,1894.06,1462.39,0.80,-1,-1,-1
441,11,2486.57,968.08,167.65,134.83,0.67,-1,-1,-1
441,9,761.13,944.89,435.53,624.21,0.84,-1,-1,-1
442,2,1908.81,682.71,1912.05,1477.22,0.80,-1,-1,-1
442,11,2475.56,963.36,164.46,131.49,0.63,-1,-1,-1
442,9,751.38,944.89,442.71,635.62,0.86,-1,-1,-1
443,2,1913.55,688.38,1905.36,1471.64,0.79,-1,-1,-1
443,11,2466.31,957.13,163.28,130.38,0.59,-1,-1,-1
443,9,742.30,948.01,448.08,643.68,0.83,-1,-1,-1
444,2,1915.25,691.25,1902.38,1468.79,0.79,-1,-1,-1
444,11,2455.15,953.76,161.81,128.72,0.68,-1,-1,-1
444,9,729.43,950.40,454.36,651.72,0.75,-1,-1,-1
445,2,2016.58,858.29,1719.02,1301.75,0.77,-1,-1,-1
445,11,2447.89,951.42,159.15,126.18,0.67,-1,-1,-1
445,9,720.20,954.46,458.58,656.50,0.83,-1,-1,-1
446,2,2042.07,914.34,1672.09,1245.70,0.80,-1,-1,-1
446,11,2441.51,949.45,155.81,123.31,0.57,-1,-1,-1
446,9,710.30,957.22,465.52,665.88,0.87,-1,-1,-1
447,2,2060.52,961.10,1638.55,1198.94,0.78,-1,-1,-1
447,11,2434.04,945.57,152.29,119.64,0.63,-1,-1,-1
447,9,699.27,964.67,473.34,676.39,0.81,-1,-1,-1
448,2,2060.67,976.07,1643.48,1183.96,0.77,-1,-1,-1
448,11,2426.13,941.64,152.85,119.10,0.59,-1,-1,-1
448,9,688.92,971.33,479.90,685.37,0.85,-1,-1,-1
449,2,2045.72,966.16,1677.16,1193.87,0.80,-1,-1,-1
449,9,677.58,978.97,486.53,693.10,0.67,-1,-1,-1
450,2,2035.27,967.83,1694.62,1192.19,0.81,-1,-1,-1
450,9,668.73,984.37,491.36,697.75,0.88,-1,-1,-1
450,11,2406.01,935.03,147.98,114.60,0.53,-1,-1,-1
451,2,2027.96,973.00,1706.52,1187.02,0.81,-1,-1,-1
451,9,655.49,987.60,500.96,710.33,0.89,-1,-1,-1
451,11,2396.76,927.18,150.95,116.85,0.64,-1,-1,-1
452,2,2020.23,971.53,1724.90,1188.49,0.80,-1,-1,-1
452,9,644.34,990.65,507.50,719.44,0.91,-1,-1,-1
452,11,2383.02,913.90,163.94,128.25,0.62,-1,-1,-1
453,2,2007.20,962.37,1751.31,1197.64,0.81,-1,-1,-1
453,9,627.25,996.22,514.62,727.22,0.88,-1,-1,-1
454,2,2000.20,963.15,1763.37,1196.86,0.80,-1,-1,-1
454,9,611.32,1000.82,528.11,745.54,0.90,-1,-1,-1
455,2,1987.09,955.02,1786.14,1204.99,0.79,-1,-1,-1
455,9,595.60,1003.75,540.67,762.02,0.88,-1,-1,-1
456,2,1985.92,958.95,1791.14,1201.07,0.75,-1,-1,-1
456,9,582.37,1009.91,548.70,771.97,0.88,-1,-1,-1
456,11,2353.38,898.79,154.81,122.05,0.52,-1,-1,-1
457,2,1967.38,945.50,1819.22,1214.51,0.77,-1,-1,-1
457,9,572.11,1017.99,552.28,776.11,0.88,-1,-1,-1
458,2,1957.62,934.31,1841.31,1225.69,0.75,-1,-1,-1
458,9,560.33,1023.55,560.11,786.46,0.89,-1,-1,-1
459,2,1951.06,931.24,1851.45,1228.77,0.74,-1,-1,-1
459,9,545.40,1030.72,570.19,799.21,0.89,-1,-1,-1
459,11,2331.20,891.59,146.92,115.05,0.50,-1,-1,-1
460,2,1957.84,939.85,1844.70,1220.16,0.76,-1,-1,-1
460,9,527.26,1032.02,585.77,823.27,0.88,-1,-1,-1
460,11,2327.11,891.23,141.66,109.92,0.59,-1,-1,-1
461,2,1956.57,944.99,1843.84,1215.01,0.77,-1,-1,-1
461,9,510.94,1037.54,597.40,841.26,0.88,-1,-1,-1
461,11,2322.99,890.48,136.84,104.84,0.56,-1,-1,-1
462,2,1965.01,953.43,1836.94,1206.58,0.79,-1,-1,-1
462,9,492.70,1041.46,607.54,855.62,0.89,-1,-1,-1
462,11,2317.05,883.53,139.30,107.17,0.62,-1,-1,-1
463,2,1963.09,947.83,1848.50,1212.17,0.74,-1,-1,-1
463,9,476.35,1049.28,613.17,861.42,0.92,-1,-1,-1
463,11,2308.47,874.48,144.81,112.04,0.58,-1,-1,-1
464,2,1956.08,943.63,1858.08,1216.38,0.75,-1,-1,-1
464,9,459.00,1057.99,625.06,877.51,0.88,-1,-1,-1
464,11,2302.47,870.58,145.05,112.55,0.60,-1,-1,-1
465,2,1947.75,931.37,1876.98,1228.63,0.76,-1,-1,-1
465,9,444.88,1065.71,636.07,893.04,0.88,-1,-1,-1
465,11,2296.63,866.65,145.65,114.09,0.51,-1,-1,-1
466,2,1940.78,918.13,1895.00,1241.87,0.75,-1,-1,-1
466,9,429.25,1071.10,647.73,909.00,0.90,-1,-1,-1
467,2,1950.73,922.31,1887.12,1237.70,0.77,-1,-1,-1
467,9,410.67,1076.23,658.55,923.17,0.89,-1,-1,-1
468,2,1951.39,916.68,1892.28,1243.33,0.79,-1,-1,-1
468,9,390.15,1082.56,669.97,939.22,0.89,-1,-1,-1
469,2,1955.92,915.89,1890.18,1244.11,0.78,-1,-1,-1
469,9,367.80,1092.58,685.14,960.53,0.92,-1,-1,-1
470,2,1955.57,912.33,1892.07,1247.67,0.78,-1,-1,-1
470,9,349.59,1100.80,697.25,978.68,0.92,-1,-1,-1
471,2,1960.63,913.01,1887.54,1247.00,0.79,-1,-1,-1
471,9,331.04,1108.95,706.92,992.35,0.93,-1,-1,-1
471,13,1098.32,1072.20,215.36,189.80,0.65,-1,-1,-1
472,2,1954.34,902.75,1898.17,1257.25,0.81,-1,-1,-1
472,9,313.19,1115.78,718.52,1010.10,0.90,-1,-1,-1
472,13,1099.97,1078.93,212.83,187.66,0.64,-1,-1,-1
473,2,1945.39,885.77,1916.51,1274.23,0.82,-1,-1,-1
473,9,292.23,1116.26,732.45,1030.06,0.90,-1,-1,-1
473,13,1099.02,1087.46,211.09,186.15,0.65,-1,-1,-1
474,2,1945.51,885.32,1912.42,1274.68,0.82,-1,-1,-1
474,9,269.13,1122.70,738.20,1036.01,0.90,-1,-1,-1
474,13,1099.94,1095.17,208.86,184.24,0.66,-1,-1,-1
475,2,1941.36,876.74,1919.13,1283.26,0.83,-1,-1,-1
475,9,261.21,1131.47,732.05,1024.09,0.89,-1,-1,-1
475,13,1097.83,1099.58,213.73,188.79,0.64,-1,-1,-1
476,2,1946.55,876.24,1913.99,1283.76,0.83,-1,-1,-1
476,9,246.94,1143.79,726.27,1007.73,0.87,-1,-1,-1
476,13,1091.54,1105.05,219.58,193.86,0.67,-1,-1,-1
477,2,1951.59,880.81,1903.23,1279.20,0.84,-1,-1,-1
477,9,229.96,1158.12,729.68,1002.36,0.87,-1,-1,-1
477,13,1092.61,1113.61,217.09,191.57,0.67,-1,-1,-1
478,2,1954.85,879.37,1900.32,1280.63,0.84,-1,-1,-1
478,9,207.55,1166.57,735.56,998.70,0.88,-1,-1,-1
478,13,1097.41,1121.27,211.58,186.56,0.60,-1,-1,-1
479,2,1953.33,874.97,1902.01,1285.03,0.83,-1,-1,-1
479,9,182.82,1179.37,735.02,982.55,0.86,-1,-1,-1
479,13,1095.35,1127.19,212.48,186.75,0.62,-1,-1,-1
480,2,1951.61,870.11,1904.23,1289.89,0.83,-1,-1,-1
480,9,167.30,1189.86,735.66,967.52,0.86,-1,-1,-1
480,13,1092.96,1131.80,214.76,188.18,0.59,-1,-1,-1
481,2,1954.29,869.69,1900.32,1290.31,0.83,-1,-1,-1
481,9,152.12,1200.78,741.18,959.08,0.85,-1,-1,-1
481,13,1089.56,1135.94,222.03,194.07,0.59,-1,-1,-1
482,2,1944.93,856.45,1913.61,1303.55,0.83,-1,-1,-1
482,9,133.51,1211.85,746.35,947.90,0.84,-1,-1,-1
482,13,1088.64,1142.56,224.07,195.60,0.61,-1,-1,-1
483,2,1940.15,845.65,1922.40,1314.35,0.83,-1,-1,-1
483,9,111.89,1219.63,750.12,934.37,0.86,-1,-1,-1
483,13,1086.26,1149.47,227.63,197.47,0.60,-1,-1,-1
484,2,1933.22,835.77,1930.04,1324.23,0.83,-1,-1,-1
484,9,91.06,1231.51,752.24,920.00,0.84,-1,-1,-1
484,13,1081.98,1153.19,233.80,202.11,0.55,-1,-1,-1
485,2,1930.88,837.44,1923.79,1322.56,0.83,-1,-1,-1
485,9,69.87,1242.93,758.43,909.41,0.84,-1,-1,-1
485,13,1081.80,1160.94,235.91,203.17,0.61,-1,-1,-1
486,2,1925.06,827.74,1931.95,1332.26,0.82,-1,-1,-1
486,9,62.43,1258.16,757.78,890.92,0.84,-1,-1,-1
486,13,1080.69,1169.59,235.56,202.21,0.62,-1,-1,-1
487,2,1924.89,824.89,1931.02,1335.11,0.83,-1,-1,-1
487,9,51.41,1268.78,765.40,886.25,0.83,-1,-1,-1
487,13,1075.99,1177.27,238.08,203.11,0.68,-1,-1,-1
488,2,1923.86,817.41,1935.30,1342.59,0.81,-1,-1,-1
488,9,44.20,1281.68,764.23,873.39,0.80,-1,-1,-1
488,13,1073.88,1186.52,239.73,204.06,0.71,-1,-1,-1
489,2,1928.85,817.38,1929.49,1342.62,0.80,-1,-1,-1
489,9,40.42,1295.43,761.83,859.48,0.82,-1,-1,-1
489,13,1071.99,1189.79,243.92,207.67,0.69,-1,-1,-1
490,2,1927.11,816.25,1926.70,1343.75,0.80,-1,-1,-1
490,9,37.24,1310.82,757.56,844.55,0.83,-1,-1,-1
490,13,1071.10,1196.70,244.60,208.35,0.67,-1,-1,-1
491,2,1934.24,817.96,1919.31,1342.04,0.82,-1,-1,-1
491,9,36.02,1326.13,743.64,819.19,0.81,-1,-1,-1
491,13,1071.85,1206.32,241.43,205.28,0.62,-1,-1,-1
492,2,1939.40,816.13,1916.26,1343.87,0.81,-1,-1,-1
492,9,31.27,1340.73,741.40,808.86,0.81,-1,-1,-1
492,13,1068.85,1214.34,246.19,209.34,0.64,-1,-1,-1
493,2,1943.29,814.91,1912.55,1345.09,0.81,-1,-1,-1
493,9,25.02,1356.37,737.66,798.77,0.76,-1,-1,-1
493,13,1062.75,1222.39,252.06,214.10,0.69,-1,-1,-1
494,2,1947.80,814.57,1907.70,1345.43,0.80,-1,-1,-1
494,9,19.48,1369.02,731.50,787.41,0.71,-1,-1,-1
494,13,1058.77,1231.74,255.72,216.53,0.68,-1,-1,-1
495,2,1950.12,811.92,1905.91,1348.08,0.81,-1,-1,-1
495,9,17.49,1387.29,718.53,768.85,0.59,-1,-1,-1
495,13,1056.24,1238.35,259.84,220.02,0.72,-1,-1,-1
496,2,1947.55,806.41,1908.13,1353.59,0.82,-1,-1,-1
496,13,1051.43,1245.18,263.32,222.60,0.62,-1,-1,-1
497,2,1944.96,788.62,1923.36,1371.38,0.83,-1,-1,-1
497,13,1044.62,1254.72,268.77,226.78,0.73,-1,-1,-1
498,2,1949.67,795.13,1909.16,1364.87,0.83,-1,-1,-1
498,13,1042.09,1262.04,274.06,231.57,0.76,-1,-1,-1
498,9,16.15,1451.88,667.77,710.01,0.55,-1,-1,-1
499,2,1949.74,782.64,1917.68,1377.36,0.85,-1,-1,-1
499,13,1041.14,1271.75,274.20,232.05,0.77,-1,-1,-1
500,2,1951.82,777.41,1916.72,1382.59,0.85,-1,-1,-1
500,13,1035.75,1274.55,282.43,240.62,0.75,-1,-1,-1
501,2,1954.78,775.59,1911.96,1384.41,0.86,-1,-1,-1
501,13,1033.51,1285.76,283.45,241.88,0.72,-1,-1,-1
502,2,1956.36,773.75,1907.83,1386.25,0.86,-1,-1,-1
502,13,1031.94,1297.01,285.33,243.55,0.70,-1,-1,-1
503,2,1956.07,768.60,1907.98,1391.40,0.86,-1,-1,-1
503,13,1025.68,1308.23,288.35,245.40,0.72,-1,-1,-1
504,2,1956.36,766.80,1904.54,1393.20,0.87,-1,-1,-1
504,13,1025.91,1319.42,288.24,245.36,0.77,-1,-1,-1
505,2,1959.25,767.59,1898.28,1392.41,0.87,-1,-1,-1
505,13,1020.36,1324.71,297.65,253.76,0.76,-1,-1,-1
506,2,1960.24,765.40,1896.06,1394.60,0.87,-1,-1,-1
506,13,1019.57,1338.14,301.89,258.17,0.75,-1,-1,-1
507,2,1961.71,766.67,1890.39,1393.33,0.87,-1,-1,-1
507,13,1020.32,1348.90,299.59,256.53,0.74,-1,-1,-1
508,2,1966.13,769.91,1882.46,1390.09,0.87,-1,-1,-1
508,13,1017.84,1360.56,303.68,261.00,0.72,-1,-1,-1
509,2,1964.21,765.30,1884.65,1394.70,0.85,-1,-1,-1
509,13,1008.64,1369.91,314.00,270.43,0.70,-1,-1,-1
510,2,1965.75,765.61,1880.93,1394.39,0.86,-1,-1,-1
510,13,1005.68,1382.91,315.60,272.02,0.74,-1,-1,-1
511,2,1965.36,763.18,1880.81,1396.82,0.86,-1,-1,-1
511,13,998.34,1393.48,322.85,279.00,0.75,-1,-1,-1
512,2,1965.78,762.34,1878.96,1397.66,0.86,-1,-1,-1
512,13,994.36,1406.29,324.15,280.28,0.74,-1,-1,-1
513,2,1966.68,763.42,1875.44,1396.58,0.86,-1,-1,-1
513,13,995.36,1417.40,328.16,284.54,0.77,-1,-1,-1
514,2,1969.71,765.23,1870.75,1394.77,0.85,-1,-1,-1
514,13,992.31,1429.77,330.18,287.36,0.66,-1,-1,-1
515,2,1967.89,762.67,1872.25,1397.33,0.86,-1,-1,-1
515,13,984.45,1438.73,341.80,299.38,0.73,-1,-1,-1
516,2,1969.64,763.73,1869.27,1396.27,0.87,-1,-1,-1
516,13,978.01,1454.11,347.42,305.16,0.68,-1,-1,-1
517,2,1971.23,764.84,1866.30,1395.16,0.86,-1,-1,-1
517,13,975.21,1475.91,348.98,307.91,0.73,-1,-1,-1
518,2,1973.76,765.97,1863.31,1394.03,0.86,-1,-1,-1
518,13,973.75,1487.88,350.46,310.76,0.69,-1,-1,-1
519,2,1974.00,765.76,1862.30,1394.24,0.87,-1,-1,-1
519,13,968.94,1501.18,351.19,311.71,0.72,-1,-1,-1
520,2,1975.21,765.71,1861.01,1394.29,0.87,-1,-1,-1
520,13,952.98,1506.52,370.68,330.82,0.76,-1,-1,-1
521,2,1974.52,765.71,1860.16,1394.29,0.87,-1,-1,-1
521,13,953.88,1532.61,368.08,329.03,0.72,-1,-1,-1
522,2,1974.12,764.41,1860.79,1395.59,0.87,-1,-1,-1
522,13,950.51,1550.30,372.80,335.19,0.75,-1,-1,-1
523,2,1971.54,761.30,1863.90,1398.70,0.87,-1,-1,-1
523,13,944.08,1568.99,375.29,337.41,0.73,-1,-1,-1
524,2,1971.61,761.47,1862.99,1398.53,0.87,-1,-1,-1
524,13,929.28,1576.39,392.57,354.33,0.72,-1,-1,-1
525,2,1970.52,762.89,1861.59,1397.11,0.88,-1,-1,-1
525,13,916.15,1584.04,409.76,372.20,0.66,-1,-1,-1
526,2,1967.84,760.81,1864.30,1399.19,0.87,-1,-1,-1
526,13,902.67,1591.12,427.59,392.42,0.68,-1,-1,-1
527,2,1969.14,761.36,1863.38,1398.64,0.87,-1,-1,-1
527,13,907.06,1632.24,405.22,370.39,0.66,-1,-1,-1
528,2,1961.03,753.67,1872.98,1406.33,0.87,-1,-1,-1
528,13,906.20,1660.79,403.12,368.04,0.72,-1,-1,-1
529,2,1958.55,752.12,1874.82,1407.88,0.88,-1,-1,-1
529,13,896.12,1678.21,418.10,382.75,0.75,-1,-1,-1
530,2,1961.13,753.56,1872.50,1406.44,0.88,-1,-1,-1
530,13,883.99,1692.81,430.88,395.91,0.68,-1,-1,-1
531,2,1959.25,751.51,1874.74,1408.49,0.88,-1,-1,-1
531,13,881.69,1721.76,426.06,391.85,0.72,-1,-1,-1
532,2,1958.72,751.44,1874.61,1408.56,0.88,-1,-1,-1
532,13,877.64,1755.95,422.93,387.31,0.74,-1,-1,-1
533,2,1958.90,753.44,1872.52,1406.56,0.89,-1,-1,-1
533,13,875.92,1785.43,411.84,372.90,0.79,-1,-1,-1
534,2,1957.74,751.59,1874.89,1408.41,0.89,-1,-1,-1
534,13,885.31,1817.76,391.20,349.20,0.73,-1,-1,-1
535,2,1957.37,750.26,1876.35,1409.74,0.88,-1,-1,-1
535,13,888.48,1839.69,371.05,323.22,0.68,-1,-1,-1
536,2,1954.33,749.13,1878.12,1410.87,0.89,-1,-1,-1
536,13,891.69,1864.45,353.10,297.94,0.64,-1,-1,-1
537,2,1956.18,748.07,1878.77,1411.93,0.88,-1,-1,-1
