0,1,938.00,888.00,307.00,410.00,0.83,3,-1
0,2,2941.00,1251.00,287.00,245.00,0.82,1,-1
0,3,1436.00,1065.00,185.00,170.00,0.60,1,-1
1,1,934.07,893.21,307.06,410.00,0.83,3,-1
1,2,2925.29,1243.19,281.10,239.79,0.83,1,-1
1,3,1433.71,1072.81,186.98,171.74,0.63,1,-1
2,1,926.28,894.10,313.50,418.58,0.86,3,-1
2,2,2908.62,1231.63,276.61,235.76,0.82,1,-1
2,3,1429.97,1073.37,194.01,178.24,0.54,1,-1
3,1,920.26,899.58,312.97,417.50,0.83,3,-1
3,2,2890.10,1222.07,272.67,232.31,0.82,1,-1
3,3,1428.43,1078.66,194.74,178.80,0.58,1,-1
4,1,912.01,903.52,318.30,424.27,0.86,3,-1
4,2,2870.84,1210.48,268.31,228.38,0.80,1,-1
5,1,905.25,907.56,321.31,427.87,0.83,3,-1
5,2,2854.11,1197.63,265.30,225.80,0.82,1,-1
5,3,1413.23,1074.81,220.04,203.08,0.53,1,-1
6,1,901.47,910.93,321.41,427.60,0.82,3,-1
6,2,2838.07,1189.45,258.94,220.11,0.84,1,-1
6,3,1419.00,1101.13,205.56,189.01,0.60,1,-1
7,1,893.71,917.48,322.99,429.40,0.82,3,-1
7,2,2818.75,1180.76,257.76,218.98,0.82,1,-1
7,3,1422.77,1119.47,197.03,180.45,0.65,1,-1
8,1,889.99,921.77,324.36,430.62,0.84,3,-1
8,2,2805.34,1171.19,254.12,215.97,0.82,1,-1
8,3,1420.40,1126.36,200.13,182.90,0.60,1,-1
9,1,883.55,924.54,330.02,437.69,0.85,3,-1
9,2,2786.37,1160.62,252.50,214.34,0.82,1,-1
9,3,1413.88,1127.24,211.28,193.20,0.59,1,-1
10,1,875.78,927.42,336.56,446.22,0.84,3,-1
10,2,2772.21,1149.69,251.00,213.20,0.82,1,-1
10,3,1412.30,1135.26,213.15,195.00,0.56,1,-1
11,1,869.97,931.01,341.16,453.28,0.79,3,-1
11,2,2757.66,1142.05,247.68,210.19,0.83,1,-1
11,3,1413.16,1151.92,208.37,189.67,0.65,1,-1
12,1,866.52,934.87,343.07,457.14,0.69,3,-1
12,2,2743.93,1132.22,245.12,208.53,0.80,1,-1
12,3,1412.51,1162.65,206.57,187.52,0.68,1,-1
13,1,859.48,938.17,345.08,459.11,0.72,3,-1
13,2,2727.00,1124.28,242.39,206.00,0.82,1,-1
13,3,1407.75,1171.65,211.01,191.37,0.75,1,-1
14,1,853.55,941.92,343.44,457.07,0.56,2,-1
14,2,2712.92,1115.01,238.97,203.15,0.81,1,-1
14,3,1404.17,1181.34,214.38,194.75,0.77,1,-1
15,1,848.01,945.18,345.77,458.77,0.68,3,-1
15,2,2702.35,1108.62,234.42,199.52,0.83,1,-1
15,3,1401.08,1189.96,218.54,198.62,0.79,1,-1
16,1,836.54,947.60,354.54,469.18,0.86,3,-1
16,2,2689.19,1101.27,233.15,198.97,0.81,1,-1
16,3,1402.88,1205.37,214.27,194.17,0.70,1,-1
17,1,828.36,949.71,360.61,476.27,0.84,3,-1
17,2,2676.13,1092.86,231.59,198.19,0.82,1,-1
17,3,1397.04,1211.57,222.51,201.65,0.71,1,-1
18,1,818.31,953.66,366.67,484.74,0.84,3,-1
18,2,2665.85,1087.42,226.44,193.98,0.85,1,-1
18,3,1392.17,1220.19,227.11,205.70,0.70,1,-1
19,1,812.40,959.62,365.64,481.97,0.86,3,-1
19,2,2652.35,1079.72,223.07,191.17,0.83,1,-1
19,3,1388.47,1231.64,230.66,209.15,0.74,1,-1
20,1,802.77,965.06,370.50,486.60,0.87,3,-1
20,2,2641.02,1072.52,219.68,188.21,0.83,1,-1
20,3,1384.84,1244.85,231.33,209.11,0.73,1,-1
21,1,791.20,968.96,382.01,502.63,0.88,3,-1
21,2,2627.59,1065.49,220.04,188.58,0.83,1,-1
21,3,1381.29,1259.39,230.10,207.05,0.78,1,-1
22,1,784.29,971.63,387.83,511.83,0.88,3,-1
22,2,2616.13,1055.85,218.91,188.13,0.82,1,-1
22,3,1375.60,1271.14,237.11,212.77,0.76,1,-1
23,1,776.97,975.77,391.33,518.46,0.89,3,-1
23,2,2605.61,1049.90,215.49,185.38,0.81,1,-1
23,3,1370.79,1284.40,243.26,218.13,0.77,1,-1
23,4,1450.32,1159.40,189.15,179.40,0.66,1,-1
24,1,772.94,980.49,390.93,518.86,0.89,3,-1
24,2,2595.71,1044.02,214.02,184.44,0.82,1,-1
24,3,1371.88,1301.48,239.86,213.64,0.74,1,-1
25,1,769.88,987.39,387.00,514.22,0.86,3,-1
25,2,2587.10,1038.13,210.41,181.49,0.81,1,-1
25,3,1365.65,1311.59,248.08,221.00,0.77,1,-1
25,4,1435.75,1177.14,203.09,192.61,0.51,1,-1
26,1,756.61,990.53,395.66,525.37,0.90,3,-1
26,2,2574.86,1033.58,208.21,179.81,0.78,1,-1
26,3,1359.27,1323.55,256.09,228.25,0.80,1,-1
26,4,1436.21,1190.43,201.78,191.20,0.68,1,-1
27,1,743.56,994.20,405.56,539.22,0.91,3,-1
27,2,2564.70,1030.18,204.98,177.26,0.81,1,-1
27,3,1356.57,1340.08,257.18,229.03,0.77,1,-1
27,4,1432.87,1201.78,205.06,194.03,0.68,1,-1
28,1,732.12,998.73,410.91,545.67,0.90,3,-1
28,2,2556.33,1025.86,199.35,172.37,0.82,1,-1
28,3,1351.02,1354.54,264.16,235.09,0.80,1,-1
28,4,1426.89,1210.93,213.92,202.54,0.71,1,-1
29,1,718.16,1002.28,418.18,553.80,0.90,3,-1
29,2,2545.81,1015.78,200.47,174.04,0.81,1,-1
29,3,1343.54,1368.14,271.18,241.86,0.77,1,-1
29,4,1425.66,1222.68,218.08,206.85,0.68,1,-1
30,1,706.64,1004.80,426.54,564.52,0.88,3,-1
30,2,2534.84,1008.98,199.29,173.37,0.83,1,-1
30,3,1332.75,1376.23,283.99,254.07,0.53,1,-1
30,4,1419.79,1234.05,224.62,213.64,0.60,1,-1
31,1,695.37,1008.88,435.44,576.23,0.88,3,-1
31,2,2525.05,1004.06,195.23,169.86,0.79,1,-1
31,3,1328.04,1397.59,282.48,252.31,0.78,1,-1
31,4,1419.69,1247.89,218.36,206.84,0.68,1,-1
32,1,687.94,1013.57,439.65,581.82,0.87,3,-1
32,2,2515.93,997.82,194.37,169.31,0.81,1,-1
32,3,1323.32,1415.94,285.83,254.65,0.75,1,-1
32,4,1411.57,1258.06,230.24,218.66,0.61,1,-1
33,1,680.72,1017.84,442.02,585.02,0.86,3,-1
33,2,2508.40,993.09,193.25,168.50,0.82,1,-1
33,3,1313.27,1430.99,296.61,265.17,0.62,1,-1
33,4,1406.36,1271.36,236.54,225.52,0.54,1,-1
34,1,674.21,1027.81,445.02,587.95,0.85,3,-1
34,2,2499.25,989.59,190.46,166.27,0.80,1,-1
34,3,1308.60,1453.76,297.39,265.90,0.82,1,-1
34,4,1407.21,1286.54,232.06,220.90,0.72,1,-1
35,1,660.85,1034.75,453.35,597.97,0.88,3,-1
35,2,2491.01,987.21,186.00,162.16,0.78,1,-1
35,3,1300.15,1469.96,304.68,273.14,0.71,1,-1
36,1,648.55,1041.15,457.67,602.25,0.88,3,-1
36,2,2483.79,983.90,180.21,156.68,0.79,1,-1
36,3,1293.96,1493.17,305.81,273.23,0.75,1,-1
36,4,1394.40,1312.45,243.24,232.64,0.67,1,-1
37,1,634.06,1048.66,464.34,608.86,0.89,3,-1
37,2,2474.57,980.23,180.74,156.79,0.80,1,-1
37,3,1284.65,1512.06,311.83,278.29,0.75,1,-1
37,5,3654.53,1727.00,161.74,357.00,0.79,1,-1
37,4,1393.18,1328.50,242.86,232.51,0.70,1,-1
38,1,617.77,1056.57,475.18,620.95,0.90,3,-1
38,2,2464.30,971.69,182.76,158.91,0.80,1,-1
38,3,1274.79,1535.02,319.81,285.30,0.77,1,-1
38,5,3635.80,1701.04,156.08,339.69,0.82,1,-1
38,4,1386.85,1343.93,247.36,237.04,0.70,1,-1
39,1,605.39,1062.03,483.00,629.92,0.89,3,-1
39,2,2455.36,964.06,183.25,159.76,0.80,1,-1
39,3,1264.45,1553.71,325.87,290.46,0.69,1,-1
39,5,3613.71,1666.35,155.38,328.65,0.80,1,-1
39,4,1379.17,1360.44,255.20,245.25,0.66,1,-1
40,1,593.86,1065.24,486.43,633.13,0.88,3,-1
40,2,2448.15,956.77,183.34,160.14,0.80,1,-1
40,3,1252.91,1576.57,335.76,299.43,0.70,1,-1
40,5,3590.32,1636.37,159.71,322.91,0.79,1,-1
40,4,1376.37,1376.70,256.12,246.40,0.76,1,-1
41,1,579.98,1072.79,495.47,644.53,0.86,3,-1
41,2,2439.17,952.93,182.13,159.01,0.76,1,-1
41,3,1235.94,1597.77,350.72,313.07,0.69,1,-1
41,5,3565.46,1613.44,168.28,320.12,0.80,1,-1
41,4,1367.69,1392.24,266.01,256.55,0.76,1,-1
42,1,564.35,1079.40,502.55,653.22,0.85,3,-1
42,2,2432.01,949.07,179.44,156.63,0.78,1,-1
42,3,1224.32,1618.31,357.24,318.23,0.69,1,-1
42,5,3540.16,1589.81,178.27,315.26,0.80,1,-1
42,4,1362.44,1409.40,269.90,261.00,0.73,1,-1
43,1,548.08,1086.31,512.03,665.41,0.86,3,-1
43,2,2423.71,945.19,178.50,155.79,0.78,1,-1
43,3,1208.75,1643.13,369.91,330.35,0.69,1,-1
43,5,3498.51,1565.95,189.34,311.81,0.82,1,-1
43,4,1356.22,1426.57,276.09,267.82,0.79,1,-1
44,1,530.42,1093.97,520.90,675.69,0.86,3,-1
44,2,2416.60,941.29,174.28,152.19,0.80,1,-1
44,3,1192.11,1668.90,386.10,346.41,0.65,1,-1
44,5,3455.80,1542.69,197.63,303.22,0.83,1,-1
44,4,1349.88,1443.71,282.00,274.24,0.70,1,-1
45,1,512.16,1100.61,530.31,685.88,0.87,3,-1
45,2,2410.24,939.40,171.59,149.56,0.81,1,-1
45,3,1174.54,1698.82,395.14,355.71,0.66,1,-1
45,5,3412.06,1521.74,208.48,300.47,0.81,1,-1
45,4,1344.22,1467.29,286.36,279.20,0.79,1,-1
46,1,503.97,1106.22,534.92,690.82,0.88,3,-1
46,2,2404.69,936.89,169.04,147.31,0.79,1,-1
46,3,1156.53,1726.00,405.87,368.09,0.67,1,-1
46,5,3371.49,1500.18,215.14,292.87,0.83,1,-1
46,4,1335.55,1486.27,295.37,288.76,0.74,1,-1
47,1,492.70,1113.37,543.23,700.88,0.89,3,-1
47,2,2397.64,934.14,166.11,144.53,0.78,1,-1
47,3,1143.47,1759.65,409.06,372.73,0.70,1,-1
47,5,3331.99,1481.84,222.45,286.28,0.83,1,-1
47,4,1325.79,1508.57,304.12,298.77,0.73,1,-1
48,1,475.63,1120.46,551.73,710.97,0.88,3,-1
48,2,2392.08,931.30,162.98,141.56,0.78,1,-1
48,3,1137.09,1798.52,394.03,356.92,0.70,1,-1
48,5,3293.52,1463.94,230.31,282.12,0.84,1,-1
48,4,1317.19,1528.30,312.18,308.31,0.78,1,-1
49,1,459.32,1128.82,559.53,719.77,0.88,3,-1
49,2,2384.36,928.41,161.11,139.87,0.78,1,-1
49,3,1133.38,1834.46,374.12,331.82,0.67,1,-1
49,5,3257.87,1448.20,235.60,276.10,0.84,1,-1
49,4,1311.22,1555.99,315.61,312.54,0.70,1,-1
50,1,440.00,1140.28,569.76,731.32,0.87,3,-1
50,2,2375.44,918.76,166.57,145.38,0.78,1,-1
50,3,1131.23,1873.80,347.35,296.41,0.55,1,-1
50,5,3224.49,1429.82,240.91,272.14,0.82,1,-1
50,4,1303.02,1577.20,326.35,325.60,0.81,1,-1
51,1,420.37,1150.31,577.34,738.72,0.86,3,-1
51,2,2367.69,912.72,167.43,146.76,0.77,1,-1
51,5,3191.76,1412.48,248.64,271.62,0.82,1,-1
51,4,1295.37,1603.46,335.16,336.90,0.78,1,-1
52,1,404.48,1158.49,585.92,748.41,0.87,3,-1
52,2,2362.58,910.61,164.85,144.68,0.75,1,-1
52,5,3162.20,1399.54,247.29,261.51,0.80,1,-1
52,4,1286.10,1633.02,340.49,343.72,0.65,1,-1
53,1,388.76,1167.88,589.05,751.84,0.84,3,-1
53,2,2357.52,908.03,162.21,142.60,0.75,1,-1
53,5,3131.74,1380.79,254.93,263.49,0.82,1,-1
53,4,1272.57,1659.39,354.25,360.30,0.74,1,-1
54,1,361.91,1175.79,606.54,774.36,0.85,3,-1
54,2,2352.41,904.58,158.98,139.86,0.72,1,-1
54,5,3104.41,1364.57,257.38,259.64,0.84,1,-1
54,4,1264.40,1689.49,360.50,368.48,0.76,1,-1
55,1,341.61,1186.36,619.10,789.82,0.87,3,-1
55,2,2346.10,901.46,157.21,138.21,0.72,1,-1
55,5,3077.73,1350.66,257.68,255.05,0.81,1,-1
55,4,1251.91,1716.69,376.65,388.74,0.72,1,-1
56,1,321.04,1195.37,631.45,804.54,0.86,3,-1
56,2,2338.79,897.80,155.74,136.98,0.73,1,-1
56,5,3053.51,1338.24,258.07,250.85,0.82,1,-1
56,4,1241.83,1748.33,384.05,398.98,0.78,1,-1
57,1,305.63,1203.77,640.93,815.71,0.86,3,-1
57,2,2333.38,897.27,152.50,133.90,0.73,1,-1
57,5,3027.90,1321.61,260.33,249.50,0.78,1,-1
57,4,1242.12,1785.04,367.84,380.43,0.58,1,-1
58,1,282.41,1212.57,656.00,833.28,0.83,3,-1
58,2,2329.10,895.23,149.80,131.47,0.70,1,-1
58,5,3002.34,1308.79,260.74,246.48,0.81,1,-1
58,4,1245.88,1818.17,347.96,354.06,0.57,1,-1
59,1,260.04,1219.59,667.45,845.52,0.81,3,-1
59,2,2324.21,892.61,147.32,129.29,0.69,1,-1
59,5,2980.78,1300.08,257.20,239.48,0.81,1,-1
60,1,231.88,1229.14,687.12,869.30,0.78,3,-1
60,2,2318.16,889.76,146.77,128.55,0.75,1,-1
60,5,2960.89,1285.44,257.28,237.08,0.81,1,-1
61,1,207.90,1240.33,691.44,874.24,0.80,3,-1
61,2,2311.56,886.83,147.82,129.01,0.73,1,-1
61,5,2941.20,1275.32,255.24,232.33,0.83,1,-1
62,1,186.77,1254.11,700.84,885.40,0.80,3,-1
62,2,2304.39,882.53,147.52,128.57,0.75,1,-1
62,5,2921.20,1264.17,254.60,229.40,0.82,1,-1
63,1,168.03,1266.91,701.32,882.80,0.80,3,-1
63,2,2298.34,879.06,148.05,129.12,0.76,1,-1
63,5,2902.03,1253.94,253.78,227.15,0.79,1,-1
64,1,147.79,1281.31,700.56,874.14,0.82,3,-1
64,2,2294.35,875.23,146.93,128.04,0.73,1,-1
64,5,2882.76,1240.66,252.35,224.46,0.81,1,-1
65,1,138.11,1296.96,694.14,855.96,0.85,3,-1
65,2,2287.84,869.94,146.43,127.68,0.72,1,-1
65,5,2864.57,1230.97,249.76,220.94,0.82,1,-1
66,1,116.77,1308.45,696.55,847.35,0.77,3,-1
66,2,2283.19,867.43,144.55,126.25,0.72,1,-1
66,5,2847.19,1221.24,249.24,219.12,0.83,1,-1
67,1,87.39,1315.69,704.93,845.24,0.75,3,-1
67,2,2278.20,863.97,144.23,126.42,0.70,1,-1
67,5,2830.22,1212.81,245.82,214.56,0.80,1,-1
68,1,62.20,1331.24,704.50,832.41,0.77,3,-1
68,2,2274.36,860.82,143.23,125.85,0.66,1,-1
68,5,2813.34,1201.49,244.14,212.35,0.80,1,-1
69,1,67.33,1345.99,696.38,817.43,0.73,3,-1
69,2,2267.63,856.46,145.96,129.00,0.67,1,-1
69,5,2796.51,1189.75,244.33,212.35,0.79,1,-1
70,1,61.31,1362.41,684.68,794.41,0.75,3,-1
70,2,2260.99,851.65,147.07,130.85,0.68,1,-1
70,5,2780.60,1180.53,242.65,210.46,0.80,1,-1
71,1,47.42,1379.45,682.82,780.46,0.76,3,-1
71,2,2256.26,849.29,144.45,128.93,0.73,1,-1
71,5,2767.16,1173.60,238.74,206.53,0.81,1,-1
72,1,39.71,1394.65,679.13,765.37,0.66,3,-1
72,2,2253.53,847.24,141.21,126.22,0.67,1,-1
72,5,2752.91,1166.15,234.71,202.51,0.82,1,-1
73,1,29.59,1411.17,673.40,751.24,0.57,3,-1
73,2,2249.98,845.95,139.56,124.54,0.67,1,-1
73,5,2738.39,1154.45,233.89,201.83,0.79,1,-1
74,1,24.72,1429.52,661.31,730.78,0.57,3,-1
74,2,2245.55,844.93,137.61,122.61,0.68,1,-1
74,5,2724.57,1147.20,231.90,199.68,0.81,1,-1
75,1,21.64,1449.21,650.56,712.71,0.67,3,-1
75,2,2240.96,840.67,137.87,122.59,0.61,1,-1
75,5,2711.20,1136.92,231.08,199.00,0.83,1,-1
76,2,2237.51,839.20,137.22,121.95,0.61,1,-1
76,5,2697.11,1129.50,229.74,198.18,0.78,1,-1
77,2,2234.93,837.44,134.01,119.07,0.67,1,-1
77,5,2686.69,1122.48,224.32,192.62,0.78,1,-1
77,1,17.98,1485.02,624.08,677.69,0.61,3,-1
78,2,2230.37,835.57,134.43,119.37,0.70,1,-1
78,5,2674.83,1116.97,221.03,189.31,0.80,1,-1
78,1,18.21,1508.55,608.58,654.80,0.59,3,-1
79,2,2227.29,834.30,131.08,116.18,0.72,1,-1
79,5,2663.67,1109.27,218.62,187.53,0.80,1,-1
79,1,15.39,1532.68,590.56,630.69,0.61,3,-1
80,2,2221.88,832.61,130.08,115.02,0.73,1,-1
80,5,2650.49,1100.75,218.35,187.65,0.81,1,-1
80,1,11.86,1552.43,575.05,610.64,0.61,3,-1
81,2,2216.91,828.73,129.36,114.64,0.70,1,-1
81,5,2638.59,1092.60,217.48,187.12,0.82,1,-1
81,1,8.82,1573.96,556.92,588.73,0.60,3,-1
82,2,2211.85,825.39,129.91,115.21,0.71,1,-1
82,5,2628.22,1085.25,214.26,184.35,0.82,1,-1
82,1,9.84,1594.05,540.37,568.25,0.68,3,-1
83,2,2207.67,820.25,131.77,117.45,0.68,1,-1
83,5,2616.24,1078.19,213.18,183.40,0.77,1,-1
84,2,2204.14,819.74,129.48,115.67,0.65,1,-1
84,5,2606.64,1074.58,209.55,179.79,0.81,1,-1
85,2,2200.71,819.02,126.57,113.02,0.63,1,-1
85,5,2597.94,1069.58,206.30,177.19,0.81,1,-1
86,2,2196.93,817.53,125.55,112.05,0.68,1,-1
86,5,2586.43,1060.66,207.40,178.34,0.80,1,-1
87,2,2193.69,815.73,123.21,109.73,0.67,1,-1
87,5,2575.54,1052.97,204.71,176.16,0.79,1,-1
88,2,2190.26,813.82,123.18,109.57,0.68,1,-1
88,5,2565.73,1045.75,202.28,174.09,0.77,1,-1
89,2,2185.80,809.19,124.57,110.88,0.62,1,-1
89,5,2555.89,1039.37,200.80,173.40,0.77,1,-1
90,2,2181.37,806.23,124.97,111.40,0.66,1,-1
90,5,2546.01,1033.95,199.02,171.88,0.76,1,-1
91,2,2179.56,802.56,124.43,110.95,0.66,1,-1
91,5,2540.02,1032.24,192.65,166.04,0.79,1,-1
92,2,2175.08,801.28,124.22,110.81,0.65,1,-1
92,5,2529.37,1026.55,190.77,163.94,0.80,1,-1
93,2,2172.53,800.24,122.23,108.78,0.57,1,-1
93,5,2521.22,1022.03,188.74,161.91,0.78,1,-1
94,2,2169.32,799.96,121.01,107.38,0.65,1,-1
94,5,2512.99,1014.58,189.34,162.60,0.79,1,-1
95,2,2165.89,798.61,120.68,106.88,0.51,1,-1
95,5,2502.90,1008.72,188.48,162.26,0.78,1,-1
96,2,2163.00,797.52,118.78,104.72,0.62,1,-1
96,5,2496.42,1004.13,185.16,159.53,0.78,1,-1
97,2,2159.70,795.87,118.84,104.62,0.60,1,-1
97,5,2486.11,1000.01,184.59,159.26,0.75,1,-1
98,2,2157.78,793.32,117.22,103.28,0.64,1,-1
98,5,2477.05,994.70,183.65,158.55,0.78,1,-1
99,2,2153.77,789.78,118.84,104.82,0.65,1,-1
99,5,2470.14,988.96,181.22,156.35,0.78,1,-1
100,2,2150.54,787.87,119.21,105.41,0.62,1,-1
100,5,2462.10,984.39,178.74,154.26,0.79,1,-1
101,2,2145.02,783.27,120.31,106.97,0.61,1,-1
101,5,2452.97,978.24,178.92,154.21,0.78,1,-1
102,2,2141.06,778.98,122.10,109.55,0.64,1,-1
102,5,2446.29,974.84,177.00,152.25,0.75,1,-1
103,2,2138.62,777.43,121.64,109.88,0.62,1,-1
103,5,2439.59,973.14,173.49,148.91,0.75,1,-1
104,2,2135.05,773.00,122.44,111.97,0.51,1,-1
104,5,2432.31,967.37,173.90,149.08,0.76,1,-1
105,5,2421.29,960.09,176.71,151.86,0.76,1,-1
106,5,2416.46,955.57,174.55,150.29,0.77,1,-1
107,5,2410.59,954.10,170.01,146.41,0.76,1,-1
107,2,2126.81,770.08,116.57,107.00,0.56,1,-1
108,5,2405.37,951.10,166.43,143.00,0.76,1,-1
109,5,2398.58,946.16,164.82,141.80,0.75,1,-1
109,2,2122.49,767.53,114.16,104.51,0.58,1,-1
110,5,2392.07,942.51,163.51,140.75,0.75,1,-1
110,2,2119.70,767.86,112.68,103.41,0.70,1,-1
111,5,2384.67,938.66,162.30,139.75,0.76,1,-1
112,5,2379.66,936.07,160.36,138.10,0.76,1,-1
112,2,2114.85,764.78,111.50,102.24,0.59,1,-1
113,5,2374.58,930.61,160.75,138.89,0.73,1,-1
113,2,2114.10,765.00,109.41,100.00,0.63,1,-1
114,5,2368.38,928.07,160.10,138.56,0.74,1,-1
115,5,2359.75,923.30,159.76,138.49,0.73,1,-1
115,2,2109.51,762.67,107.58,98.35,0.62,1,-1
116,5,2354.81,918.36,158.99,137.83,0.71,1,-1
116,2,2106.18,759.62,108.49,99.43,0.56,1,-1
117,5,2351.11,914.68,157.70,136.96,0.69,1,-1
118,5,2344.88,910.15,156.17,136.01,0.69,1,-1
118,2,2101.13,754.41,108.26,99.88,0.52,1,-1
119,5,2339.68,908.62,152.59,133.03,0.69,1,-1
120,5,2333.30,907.57,149.34,129.94,0.75,1,-1
121,5,2328.25,905.33,148.07,128.85,0.73,1,-1
122,5,2323.48,901.29,147.26,128.50,0.69,1,-1
122,2,2091.69,752.26,104.52,96.44,0.60,1,-1
123,5,2319.66,898.59,145.59,127.09,0.70,1,-1
123,2,2090.27,752.34,102.20,94.64,0.61,1,-1
124,5,2315.43,896.39,143.78,125.27,0.70,1,-1
125,5,2308.25,891.70,145.48,126.67,0.59,1,-1
126,5,2301.30,889.41,145.83,127.22,0.72,1,-1
126,2,2083.79,748.85,100.06,92.32,0.64,1,-1
127,5,2295.91,886.70,145.39,126.80,0.64,1,-1
127,2,2082.30,748.51,98.83,90.66,0.70,1,-1
128,5,2292.51,885.14,141.83,123.35,0.70,1,-1
128,2,2079.26,747.74,97.48,89.43,0.57,1,-1
129,5,2287.68,881.36,142.16,123.43,0.67,1,-1
129,2,2074.29,745.49,100.22,91.67,0.65,1,-1
130,5,2282.61,875.41,143.28,124.83,0.71,1,-1
130,2,2072.80,744.70,99.38,90.52,0.70,1,-1
131,5,2278.65,872.64,140.97,122.73,0.71,1,-1
131,2,2072.55,743.80,96.70,87.43,0.68,1,-1
132,5,2275.47,870.42,139.98,121.97,0.75,1,-1
132,2,2069.66,742.85,97.52,87.62,0.69,1,-1
133,5,2270.19,865.72,140.25,122.38,0.70,1,-1
133,2,2069.05,741.88,97.10,87.04,0.67,1,-1
134,5,2264.68,861.44,141.20,123.89,0.68,1,-1
134,2,2068.99,739.56,96.14,86.18,0.57,1,-1
134,6,1358.26,838.80,121.08,92.40,0.59,1,-1
135,5,2259.32,857.97,141.26,124.48,0.68,1,-1
135,2,2065.05,737.41,95.81,85.88,0.59,1,-1
135,6,1359.05,840.48,120.57,92.09,0.58,1,-1
136,5,2255.98,855.48,139.05,122.73,0.67,1,-1
136,2,2062.97,736.00,95.75,86.45,0.54,1,-1
136,6,1357.51,844.16,119.35,91.21,0.57,1,-1
137,5,2252.38,854.02,137.36,121.42,0.59,1,-1
137,6,1355.61,848.27,118.03,90.19,0.61,1,-1
138,5,2249.46,852.28,134.98,119.62,0.54,1,-1
138,6,1355.31,850.23,117.77,89.89,0.57,1,-1
139,5,2243.93,851.09,133.38,118.30,0.57,1,-1
139,6,1352.05,852.19,120.57,91.94,0.55,1,-1
139,2,2053.52,726.82,99.18,90.25,0.51,1,-1
140,5,2238.51,847.42,135.92,120.51,0.55,1,-1
140,6,1349.52,854.16,121.65,92.67,0.62,1,-1
140,2,2049.60,724.24,100.57,92.24,0.60,1,-1
141,5,2236.19,846.16,132.51,117.39,0.55,1,-1
142,5,2233.63,845.15,129.06,114.21,0.62,1,-1
142,6,1343.11,858.15,126.44,96.17,0.53,1,-1
143,5,2230.15,844.90,127.89,113.06,0.53,1,-1
144,5,2228.29,842.88,124.30,110.00,0.62,1,-1
144,6,1337.80,862.97,128.91,97.72,0.53,1,-1
145,5,2223.26,841.56,123.99,109.58,0.55,1,-1
146,5,2219.37,840.49,121.61,106.80,0.67,1,-1
146,6,1332.29,869.59,130.22,98.76,0.55,1,-1
147,5,2216.46,838.84,120.71,105.81,0.61,1,-1
148,5,2212.46,836.29,119.90,104.83,0.66,1,-1
148,6,1329.39,873.44,133.06,101.33,0.63,1,-1
149,5,2209.38,834.09,120.48,105.20,0.67,1,-1
149,6,1327.44,874.68,134.00,102.54,0.61,1,-1
150,5,2205.19,830.01,120.46,105.37,0.63,1,-1
150,6,1324.76,877.70,134.40,102.96,0.67,1,-1
150,2,2031.57,714.69,94.57,87.19,0.56,0,-1
151,5,2201.31,827.91,120.10,104.81,0.70,1,-1
151,6,1324.10,882.05,133.30,101.80,0.64,1,-1
152,5,2198.51,824.55,119.69,104.64,0.59,1,-1
152,6,1321.25,886.90,132.93,100.68,0.70,1,-1
153,5,2194.25,822.05,119.64,104.61,0.51,1,-1
153,6,1319.69,890.61,133.25,100.25,0.71,1,-1
153,2,2027.06,711.82,95.09,88.69,0.57,1,-1
154,5,2189.49,818.55,120.96,105.96,0.54,1,-1
154,6,1315.64,893.22,136.45,102.07,0.70,1,-1
155,6,1312.94,896.07,138.81,103.41,0.72,1,-1
156,6,1311.64,898.36,139.72,103.91,0.69,1,-1
156,5,2181.05,813.84,121.75,106.67,0.51,1,-1
157,6,1307.22,900.43,143.47,106.72,0.71,1,-1
157,2,2022.14,708.78,92.33,86.32,0.57,1,-1
158,6,1304.48,901.13,147.11,109.72,0.70,1,-1
158,5,2175.01,807.32,120.97,106.96,0.54,0,-1
159,6,1302.04,901.95,148.81,111.50,0.72,1,-1
160,6,1299.60,903.48,151.30,114.11,0.74,1,-1
160,2,2018.78,705.93,88.38,82.58,0.59,1,-1
160,5,2169.25,806.68,117.34,103.06,0.59,1,-1
161,6,1297.24,905.28,151.96,115.08,0.73,1,-1
161,5,2170.21,802.76,115.14,101.52,0.56,0,-1
162,6,1294.34,908.49,151.74,115.41,0.75,1,-1
162,5,2166.17,803.46,112.49,98.32,0.58,1,-1
163,6,1290.62,910.30,154.39,118.11,0.71,1,-1
164,6,1288.22,912.86,154.88,119.11,0.72,1,-1
164,5,2160.27,801.34,110.24,95.52,0.61,1,-1
165,6,1285.00,916.37,155.88,120.10,0.71,1,-1
165,5,2156.93,799.73,111.34,96.47,0.59,1,-1
166,6,1281.33,921.55,156.05,120.44,0.69,1,-1
167,6,1279.40,926.71,152.75,117.91,0.66,1,-1
167,5,2152.38,797.44,109.37,94.51,0.57,1,-1
168,6,1275.70,929.89,154.26,118.87,0.70,1,-1
168,5,2147.46,796.52,110.13,95.46,0.64,1,-1
169,6,1274.50,936.24,153.30,117.90,0.61,1,-1
170,6,1271.28,939.86,155.35,119.47,0.63,1,-1
170,2,2001.92,695.93,86.15,81.04,0.55,1,-1
170,5,2141.14,791.39,109.51,95.08,0.57,1,-1
171,6,1269.95,945.05,154.54,118.74,0.67,1,-1
171,2,2002.33,696.35,84.25,79.59,0.62,1,-1
171,5,2138.64,789.12,109.70,95.70,0.56,1,-1
172,6,1269.21,950.19,152.90,117.11,0.66,1,-1
173,6,1265.79,955.30,152.79,116.47,0.63,1,-1
173,5,2129.75,781.88,111.27,97.50,0.53,1,-1
174,6,1263.08,960.39,153.76,116.88,0.70,1,-1
175,6,1257.90,964.80,156.02,118.35,0.68,1,-1
176,6,1255.02,969.61,158.24,120.21,0.73,1,-1
177,6,1250.71,973.26,159.12,120.91,0.72,1,-1
178,6,1247.11,977.12,159.61,121.15,0.72,1,-1
179,6,1243.27,982.38,160.34,121.22,0.68,1,-1
180,6,1238.01,985.54,163.15,123.21,0.68,1,-1
181,6,1235.98,989.22,165.77,125.25,0.71,1,-1
181,2,1986.58,685.03,82.83,79.01,0.52,0,-1
182,6,1230.96,993.09,166.99,126.01,0.71,1,-1
182,2,1986.30,684.67,81.00,78.30,0.58,0,-1
183,6,1223.49,995.73,171.52,129.54,0.76,1,-1
184,6,1216.64,999.21,175.62,132.81,0.76,1,-1
184,5,2101.57,765.75,106.41,94.10,0.60,0,-1
184,2,1981.75,678.20,81.96,81.18,0.62,0,-1
185,6,1212.51,1003.67,177.12,134.03,0.75,1,-1
185,5,2100.40,762.62,103.79,93.25,0.62,0,-1
185,2,1980.88,676.21,82.26,82.50,0.60,0,-1
186,6,1209.24,1009.15,178.70,135.11,0.76,1,-1
186,2,1978.08,674.21,84.13,85.60,0.52,0,-1
187,6,1203.83,1013.07,181.98,138.08,0.74,1,-1
187,2,1975.90,673.49,82.62,84.81,0.59,0,-1
187,5,2093.83,758.97,105.32,96.13,0.63,0,-1
188,6,1201.95,1018.34,180.46,137.23,0.75,1,-1
188,2,1975.29,672.64,80.40,83.16,0.57,0,-1
188,5,2093.67,757.68,101.72,92.81,0.58,0,-1
189,6,1200.39,1023.48,180.50,137.49,0.73,1,-1
189,2,1976.07,672.38,78.32,81.18,0.63,0,-1
190,6,1197.86,1029.88,180.69,137.55,0.75,1,-1
190,2,1975.95,671.68,78.52,81.75,0.63,0,-1
190,5,2091.14,757.13,101.18,92.95,0.54,0,-1
191,6,1192.80,1035.44,183.26,139.50,0.73,1,-1
191,2,1975.38,671.46,78.42,81.96,0.62,0,-1
192,6,1185.89,1040.66,186.58,142.17,0.74,1,-1
192,2,1975.93,671.42,76.95,80.72,0.61,0,-1
192,7,1411.78,628.40,121.24,155.60,0.60,3,-1
193,6,1181.75,1045.11,188.44,143.80,0.73,1,-1
193,2,1972.66,671.46,75.51,79.57,0.59,0,-1
193,7,1411.28,628.09,120.85,155.14,0.54,3,-1
194,6,1179.43,1050.57,187.58,143.08,0.74,1,-1
194,2,1972.35,669.52,75.23,79.81,0.57,0,-1
194,7,1411.51,627.99,120.71,154.98,0.51,3,-1
195,6,1174.31,1057.07,190.74,145.37,0.70,1,-1
195,2,1972.40,668.83,74.23,79.24,0.55,0,-1
195,7,1410.46,626.47,122.95,157.95,0.60,3,-1
196,6,1169.50,1061.99,194.61,148.81,0.74,1,-1
196,2,1971.51,667.94,75.12,81.02,0.63,0,-1
196,7,1408.50,623.11,126.20,162.51,0.59,3,-1
197,6,1166.10,1067.61,194.88,149.44,0.75,1,-1
197,2,1971.70,668.96,73.17,79.06,0.62,0,-1
197,7,1407.19,624.04,126.52,163.37,0.62,3,-1
197,5,2076.34,753.60,93.45,84.48,0.57,1,-1
198,6,1163.87,1074.82,195.09,149.63,0.74,1,-1
198,2,1971.71,668.73,70.67,76.30,0.57,0,-1
198,7,1405.99,627.19,125.36,162.22,0.63,3,-1
199,6,1159.11,1080.66,198.65,152.92,0.75,1,-1
199,7,1405.00,630.43,124.69,161.73,0.62,3,-1
200,6,1154.93,1086.63,199.74,154.13,0.69,1,-1
200,7,1404.07,630.27,125.64,163.53,0.64,3,-1
200,5,2068.81,747.41,94.18,84.84,0.56,1,-1
200,2,1970.16,666.24,68.00,73.61,0.55,0,-1
201,6,1151.57,1091.99,201.28,155.85,0.75,1,-1
201,7,1404.93,629.53,126.29,164.83,0.58,3,-1
202,6,1148.81,1099.07,201.11,155.80,0.74,1,-1
202,7,1405.55,629.23,126.00,164.62,0.57,3,-1
202,5,2064.46,743.27,93.02,84.99,0.62,0,-1
203,6,1141.71,1106.82,203.55,157.69,0.75,1,-1
203,7,1405.95,630.45,124.27,162.50,0.55,3,-1
203,5,2062.85,741.89,91.28,84.32,0.54,0,-1
203,2,1965.50,666.42,69.15,74.76,0.58,0,-1
204,6,1136.46,1112.85,205.87,159.67,0.72,1,-1
204,7,1405.10,630.23,124.97,163.66,0.55,3,-1
205,6,1128.92,1121.48,209.58,162.34,0.74,1,-1
206,6,1123.77,1129.15,209.88,162.66,0.76,1,-1
207,6,1121.31,1135.13,212.56,165.34,0.74,1,-1
208,6,1114.16,1141.77,215.83,168.27,0.71,1,-1
208,7,1401.09,631.10,128.09,168.47,0.52,3,-1
209,6,1109.26,1151.26,216.41,168.69,0.75,1,-1
209,7,1400.08,630.48,128.97,170.33,0.54,3,-1
210,6,1102.58,1160.56,220.64,172.05,0.74,1,-1
210,5,2047.43,730.02,90.91,84.96,0.60,0,-1
211,6,1101.42,1171.04,217.78,169.38,0.71,1,-1
212,6,1096.93,1179.41,217.85,168.92,0.70,1,-1
213,6,1087.90,1184.28,224.26,173.96,0.69,1,-1
213,5,2038.30,725.86,93.66,87.56,0.53,0,-1
214,6,1076.82,1190.48,231.20,179.07,0.77,1,-1
214,5,2038.95,726.12,89.93,83.88,0.52,0,-1
215,6,1070.74,1201.05,231.28,179.05,0.73,1,-1
216,6,1064.23,1212.06,232.80,180.26,0.74,1,-1
216,5,2033.08,723.06,91.21,85.51,0.51,0,-1
217,6,1057.68,1221.23,234.63,181.97,0.72,1,-1
217,5,2030.95,722.53,90.98,85.90,0.65,0,-1
218,6,1048.07,1230.34,239.44,185.18,0.73,1,-1
218,5,2030.57,722.37,88.90,84.06,0.66,0,-1
219,6,1038.24,1238.12,245.45,189.60,0.72,1,-1
219,5,2026.07,719.05,90.37,86.01,0.68,0,-1
220,6,1029.89,1250.57,250.74,193.19,0.69,1,-1
220,5,2027.46,718.51,88.23,84.11,0.61,0,-1
221,6,1024.86,1262.24,250.93,193.20,0.72,1,-1
221,5,2025.77,716.38,89.43,86.02,0.53,0,-1
222,6,1016.61,1272.95,252.27,193.77,0.73,1,-1
222,5,2022.68,716.28,89.00,86.07,0.68,0,-1
223,6,1008.20,1281.96,259.11,199.14,0.73,1,-1
223,5,2018.68,715.65,88.70,86.09,0.65,0,-1
224,6,999.34,1292.26,264.90,203.72,0.72,1,-1
224,5,2018.16,714.14,89.42,86.74,0.59,0,-1
224,2,1938.61,648.03,65.80,70.04,0.54,0,-1
225,6,990.78,1306.30,265.48,203.48,0.73,1,-1
225,2,1937.41,645.62,67.39,72.07,0.53,0,-1
226,6,980.56,1319.22,269.50,205.89,0.72,1,-1
226,5,2017.83,709.60,88.38,86.99,0.51,0,-1
227,6,969.77,1328.39,278.69,213.25,0.70,1,-1
227,5,2014.74,710.10,83.94,83.62,0.50,0,-1
228,6,960.20,1342.59,279.86,213.41,0.66,1,-1
228,5,2014.46,708.97,84.15,83.76,0.66,0,-1
229,6,945.71,1356.86,284.73,217.27,0.60,1,-1
229,7,1393.13,587.47,194.13,256.26,0.51,3,-1
230,6,934.55,1371.07,287.85,219.96,0.75,1,-1
230,5,2015.63,706.89,82.43,82.32,0.66,0,-1
231,6,922.42,1386.58,290.90,222.85,0.75,1,-1
231,5,2013.40,705.19,80.72,81.38,0.63,0,-1
232,6,908.08,1401.26,296.95,227.78,0.74,1,-1
232,5,2009.29,704.62,80.81,81.72,0.53,0,-1
233,6,893.37,1415.60,303.27,232.17,0.72,1,-1
233,5,2008.34,704.46,80.48,81.19,0.66,0,-1
234,6,882.47,1433.05,304.37,232.48,0.72,1,-1
234,5,2005.63,704.44,79.91,80.33,0.55,0,-1
235,6,867.75,1448.47,312.09,238.99,0.76,1,-1
236,6,851.37,1466.28,317.65,242.69,0.73,1,-1
237,6,836.00,1485.05,325.49,248.55,0.75,1,-1
237,5,2004.13,702.73,78.43,79.16,0.53,0,-1
238,6,820.43,1503.49,330.29,252.00,0.73,1,-1
238,5,2001.75,701.24,76.90,78.33,0.58,0,-1
239,6,798.03,1519.87,339.61,259.05,0.77,1,-1
239,5,1999.26,700.74,77.11,78.05,0.55,0,-1
240,6,782.67,1539.29,344.36,262.94,0.78,1,-1
241,6,763.51,1560.56,349.40,266.91,0.72,1,-1
242,6,744.98,1581.23,354.90,271.55,0.75,1,-1
243,6,725.61,1604.22,358.91,275.16,0.68,1,-1
244,6,706.43,1628.76,363.90,279.66,0.70,1,-1
245,6,686.92,1652.57,368.21,283.21,0.76,1,-1
246,6,659.75,1674.13,381.48,294.17,0.74,1,-1
246,7,1378.64,587.96,221.44,295.44,0.57,3,-1
247,6,636.99,1701.20,388.17,299.56,0.67,1,-1
247,7,1376.87,587.37,220.58,297.77,0.57,3,-1
247,5,1990.30,690.10,74.98,76.08,0.54,0,-1
248,6,613.76,1728.56,393.32,303.43,0.68,1,-1
248,7,1374.39,587.16,221.34,299.89,0.53,3,-1
248,5,1988.45,688.96,74.60,75.98,0.58,0,-1
249,6,584.33,1755.33,407.40,315.13,0.65,1,-1
250,6,557.34,1787.55,416.08,322.71,0.67,1,-1
250,7,1369.97,586.51,224.39,305.83,0.53,3,-1
250,5,1982.50,683.74,77.73,80.67,0.62,0,-1
251,6,524.95,1818.11,423.66,328.07,0.72,1,-1
251,7,1368.93,585.78,224.55,306.74,0.57,3,-1
251,5,1982.16,682.05,76.79,81.06,0.64,0,-1
252,7,1368.53,586.16,224.68,307.06,0.57,3,-1
252,5,1983.82,682.13,74.94,79.88,0.57,0,-1
253,7,1367.52,586.94,225.18,308.48,0.57,3,-1
253,5,1982.20,680.24,74.91,80.73,0.58,0,-1
254,7,1366.24,586.55,225.89,310.32,0.57,3,-1
254,5,1980.43,678.92,75.34,81.70,0.66,0,-1
255,7,1366.71,586.38,222.97,305.74,0.56,3,-1
255,5,1979.29,677.81,75.88,82.71,0.65,0,-1
256,7,1364.65,586.29,225.73,309.93,0.58,3,-1
256,5,1977.17,676.79,76.27,83.73,0.63,0,-1
259,5,1972.17,674.72,73.51,80.68,0.59,0,-1
260,5,1972.10,673.23,74.16,81.49,0.65,0,-1
261,5,1970.39,671.41,75.73,83.74,0.69,0,-1
261,7,1377.69,590.87,200.85,268.15,0.54,3,-1
262,5,1971.01,670.11,74.53,83.27,0.69,0,-1
262,7,1374.39,589.00,204.20,268.48,0.58,3,-1
263,5,1970.56,669.00,73.59,83.09,0.68,0,-1
263,7,1372.16,591.87,205.66,265.74,0.53,3,-1
264,5,1970.63,669.28,72.17,81.70,0.64,0,-1
265,5,1968.73,670.10,70.95,80.51,0.53,0,-1
265,7,1369.36,589.60,209.98,266.86,0.54,3,-1
266,5,1966.27,669.11,71.41,81.41,0.62,0,-1
266,8,1352.65,834.40,118.10,97.20,0.62,1,-1
267,5,1965.84,668.77,70.72,81.09,0.64,0,-1
267,8,1348.41,834.86,121.64,100.14,0.71,1,-1
268,5,1968.41,668.01,69.07,79.65,0.66,0,-1
268,8,1345.58,837.32,121.04,99.58,0.69,1,-1
268,7,1362.40,581.86,220.28,277.30,0.57,3,-1
269,5,1969.93,667.09,67.47,77.78,0.53,0,-1
269,7,1359.36,582.87,225.27,281.50,0.57,3,-1
270,7,1359.69,585.87,224.90,279.02,0.56,3,-1
270,8,1336.69,838.24,124.63,102.62,0.65,1,-1
271,7,1357.25,585.07,230.60,285.94,0.55,3,-1
271,8,1330.72,837.65,129.33,106.62,0.51,1,-1
272,7,1356.22,584.79,231.67,287.20,0.59,3,-1
272,8,1328.38,839.47,131.64,108.64,0.54,1,-1
273,7,1354.05,584.05,233.71,289.58,0.63,3,-1
274,7,1352.24,584.45,233.84,289.77,0.66,3,-1
275,7,1351.01,585.29,235.69,291.76,0.62,3,-1
275,8,1320.80,845.65,133.96,110.86,0.60,1,-1
276,7,1349.79,584.31,237.26,293.77,0.75,3,-1
277,7,1347.92,584.61,237.44,293.82,0.75,3,-1
277,8,1314.30,849.87,136.57,113.38,0.56,1,-1
278,7,1348.61,584.08,238.03,293.78,0.63,3,-1
278,8,1308.09,848.57,141.88,118.61,0.55,1,-1
279,7,1347.58,583.24,240.24,296.34,0.68,3,-1
279,8,1306.80,853.96,138.70,116.55,0.67,1,-1
280,7,1345.93,582.93,242.96,299.23,0.67,3,-1
280,8,1304.78,860.61,134.82,113.06,0.70,1,-1
281,7,1345.05,582.83,243.24,298.97,0.73,3,-1
281,8,1300.33,861.70,136.30,114.38,0.68,1,-1
282,7,1341.64,584.12,245.57,301.44,0.56,3,-1
282,8,1298.57,865.33,135.91,114.21,0.70,1,-1
283,7,1337.42,585.94,248.40,304.95,0.51,3,-1
283,8,1299.38,871.24,131.73,110.83,0.71,1,-1
284,7,1336.05,587.29,250.39,306.23,0.63,3,-1
284,8,1297.73,879.38,128.29,107.53,0.72,1,-1
285,7,1332.96,585.84,253.05,308.62,0.65,3,-1
285,8,1292.63,875.56,134.87,113.71,0.68,1,-1
286,7,1329.33,587.25,255.11,310.78,0.54,3,-1
286,8,1289.96,880.66,134.42,113.33,0.73,1,-1
287,8,1286.51,882.52,134.70,113.17,0.69,1,-1
288,8,1284.09,886.42,135.91,113.76,0.71,1,-1
288,7,1328.72,584.21,261.73,317.55,0.51,3,-1
289,8,1277.28,885.15,139.79,116.62,0.68,1,-1
289,7,1327.91,584.27,264.16,319.36,0.54,3,-1
290,8,1273.72,887.86,142.74,118.99,0.71,1,-1
291,8,1270.76,890.76,144.01,119.88,0.65,1,-1
291,7,1323.65,585.15,268.36,323.88,0.56,3,-1
292,8,1269.29,893.75,143.42,119.55,0.68,1,-1
292,7,1323.29,584.65,268.91,324.09,0.65,3,-1
293,8,1266.12,896.76,144.02,120.05,0.69,1,-1
293,7,1320.52,586.43,269.13,324.81,0.52,3,-1
294,8,1265.48,903.72,140.68,116.93,0.68,1,-1
295,8,1262.68,907.59,138.78,115.05,0.68,1,-1
296,8,1259.20,907.59,142.48,118.33,0.67,1,-1
296,7,1320.68,583.98,273.83,330.09,0.51,3,-1
297,8,1255.68,910.79,143.22,118.89,0.71,1,-1
297,7,1304.29,588.22,268.32,328.82,0.52,3,-1
298,8,1252.77,914.53,144.20,119.74,0.72,1,-1
299,8,1249.17,915.85,146.46,122.03,0.74,1,-1
300,8,1245.70,918.21,147.14,122.88,0.74,1,-1
301,8,1239.84,918.36,151.41,127.11,0.73,1,-1
302,8,1232.19,918.34,156.26,131.93,0.73,1,-1
302,7,1305.52,582.99,279.46,341.77,0.52,3,-1
303,8,1227.51,920.84,158.54,134.41,0.75,1,-1
304,8,1224.38,924.32,159.67,135.97,0.73,1,-1
305,8,1221.87,928.18,159.03,135.87,0.76,1,-1
306,8,1220.64,934.81,155.63,133.16,0.66,1,-1
307,8,1217.65,936.58,156.98,134.70,0.75,1,-1
307,7,1296.21,686.25,197.72,245.46,0.59,3,-1
308,8,1212.04,941.09,158.14,135.90,0.68,1,-1
308,7,1290.31,691.98,192.51,242.50,0.68,3,-1
309,8,1208.87,947.29,158.89,136.32,0.67,1,-1
309,7,1289.51,694.64,190.23,241.25,0.59,3,-1
310,8,1206.65,952.17,156.84,134.48,0.68,1,-1
311,8,1203.15,955.88,158.31,135.71,0.68,1,-1
311,7,1284.52,695.70,191.59,245.42,0.72,3,-1
312,8,1196.27,957.16,163.64,140.75,0.69,1,-1
312,7,1282.44,694.11,193.50,250.40,0.61,3,-1
313,8,1189.14,958.85,167.74,144.58,0.66,1,-1
313,7,1279.28,692.80,195.20,254.14,0.65,3,-1
314,8,1180.66,956.15,173.88,150.55,0.65,1,-1
314,7,1276.41,692.22,196.16,256.80,0.63,3,-1
315,8,1177.65,960.81,172.68,149.60,0.71,1,-1
315,7,1274.79,695.88,194.57,255.75,0.64,3,-1
316,8,1175.19,965.79,173.80,151.08,0.70,1,-1
316,7,1273.12,693.25,197.00,260.53,0.52,3,-1
317,8,1168.45,966.95,178.26,155.50,0.72,1,-1
318,8,1165.85,975.72,175.69,153.27,0.75,1,-1
319,8,1163.96,982.96,174.12,151.64,0.74,1,-1
320,8,1162.11,989.53,172.13,149.65,0.73,1,-1
320,7,1266.64,701.07,197.38,262.09,0.51,3,-1
321,8,1162.15,999.14,166.84,144.23,0.69,1,-1
322,8,1158.35,1006.60,166.12,142.80,0.72,1,-1
323,8,1149.94,1010.52,170.79,145.60,0.69,1,-1
323,7,1261.17,699.48,202.25,270.52,0.51,3,-1
324,8,1143.71,1013.15,175.64,149.26,0.68,1,-1
325,8,1139.84,1014.64,178.80,151.95,0.61,1,-1
325,7,1258.12,703.75,201.49,271.07,0.51,3,-1
326,8,1134.67,1021.57,180.46,152.95,0.72,1,-1
326,7,1256.67,705.23,201.29,271.69,0.67,3,-1
327,8,1129.83,1028.00,181.20,153.30,0.74,1,-1
327,7,1254.22,706.39,202.51,274.55,0.70,3,-1
328,8,1125.04,1032.91,183.04,154.72,0.75,1,-1
328,7,1253.85,708.08,202.65,275.62,0.70,3,-1
329,8,1119.02,1038.54,183.89,155.22,0.74,1,-1
329,7,1253.64,709.31,202.32,275.35,0.72,3,-1
330,8,1112.63,1041.16,188.10,158.66,0.76,1,-1
330,7,1252.81,711.02,202.52,275.90,0.69,3,-1
331,8,1108.55,1047.22,187.39,157.33,0.73,1,-1
331,7,1252.25,713.58,201.88,275.43,0.63,3,-1
332,8,1103.60,1052.65,189.60,158.73,0.75,1,-1
332,7,1249.10,713.83,203.00,277.22,0.67,3,-1
333,8,1098.76,1055.20,194.03,162.51,0.77,1,-1
333,7,1247.13,713.85,204.45,279.20,0.71,3,-1
334,8,1089.28,1059.28,199.51,167.17,0.75,1,-1
334,7,1245.31,714.46,205.28,279.28,0.72,3,-1
335,8,1083.41,1065.88,200.50,167.62,0.75,1,-1
335,7,1242.34,715.29,207.62,281.92,0.74,3,-1
336,8,1081.73,1076.09,196.76,163.81,0.74,1,-1
336,7,1239.74,717.53,209.60,283.55,0.71,3,-1
337,8,1074.21,1081.79,200.87,166.90,0.76,1,-1
337,7,1237.34,720.30,210.00,282.83,0.74,3,-1
338,8,1069.17,1087.05,203.83,169.33,0.76,1,-1
338,7,1229.88,718.66,214.14,287.79,0.67,3,-1
339,8,1062.43,1090.82,207.72,172.83,0.75,1,-1
339,7,1226.09,718.65,215.82,289.64,0.71,3,-1
340,8,1055.10,1096.00,211.17,176.08,0.78,1,-1
340,7,1224.45,719.92,216.99,290.30,0.76,3,-1
341,8,1048.17,1101.06,216.49,181.17,0.77,1,-1
341,7,1221.71,722.98,217.23,289.84,0.77,3,-1
342,8,1038.65,1106.08,220.21,184.37,0.79,1,-1
342,7,1219.46,724.76,217.91,290.29,0.74,3,-1
343,8,1034.83,1111.08,220.94,185.54,0.77,1,-1
343,7,1217.33,726.70,217.58,289.10,0.79,3,-1
344,8,1029.38,1119.98,221.06,185.91,0.78,1,-1
344,7,1213.84,727.39,219.70,291.26,0.81,3,-1
345,8,1022.02,1127.78,222.19,186.63,0.78,1,-1
345,7,1211.97,728.25,223.06,295.33,0.80,3,-1
346,8,1015.66,1136.44,222.86,187.49,0.77,1,-1
346,7,1209.61,729.85,223.84,296.19,0.83,3,-1
347,8,1008.56,1143.47,225.62,190.37,0.76,1,-1
347,7,1207.10,731.06,225.55,298.44,0.83,3,-1
348,8,1002.18,1151.16,225.87,190.76,0.75,1,-1
348,7,1204.35,731.47,227.95,301.88,0.83,3,-1
349,8,995.49,1161.74,225.69,190.18,0.73,1,-1
349,7,1201.54,732.24,228.58,303.79,0.83,3,-1
350,8,985.98,1169.47,228.75,192.52,0.74,1,-1
350,7,1199.80,735.11,227.70,303.15,0.84,3,-1
351,8,977.46,1176.11,231.62,194.67,0.78,1,-1
351,7,1197.95,736.16,228.56,304.82,0.82,3,-1
352,8,969.24,1185.59,235.19,197.40,0.73,1,-1
352,7,1196.21,736.51,231.09,308.03,0.83,3,-1
353,8,960.02,1192.24,239.98,201.65,0.75,1,-1
353,7,1191.49,735.94,233.76,311.83,0.80,3,-1
354,8,951.30,1201.05,242.83,204.52,0.75,1,-1
354,7,1187.43,736.99,236.15,314.52,0.80,3,-1
355,8,942.35,1210.70,243.84,204.90,0.76,1,-1
355,7,1183.56,739.32,236.60,314.83,0.80,3,-1
356,8,934.44,1217.40,247.07,207.58,0.79,1,-1
356,7,1179.93,740.82,237.95,316.19,0.78,3,-1
357,8,924.10,1227.54,250.34,209.85,0.76,1,-1
357,7,1176.31,742.01,239.81,319.27,0.81,3,-1
358,8,915.03,1238.33,252.48,211.95,0.75,1,-1
358,7,1172.38,741.76,241.21,322.35,0.78,3,-1
359,8,904.12,1247.42,255.58,214.64,0.75,1,-1
359,7,1169.13,742.28,242.14,324.76,0.81,3,-1
360,8,896.39,1260.39,255.22,213.64,0.77,1,-1
360,7,1165.06,740.47,243.74,328.23,0.77,3,-1
361,8,885.96,1269.65,258.74,216.45,0.77,1,-1
361,7,1162.78,742.37,243.37,328.83,0.80,3,-1
362,8,876.05,1281.37,262.00,218.77,0.77,1,-1
362,7,1158.10,741.10,245.80,332.91,0.81,3,-1
363,8,865.08,1292.08,265.06,221.55,0.77,1,-1
363,7,1156.75,741.24,246.67,335.04,0.79,3,-1
364,8,853.98,1303.04,270.77,227.11,0.79,1,-1
364,7,1157.02,745.21,246.29,335.78,0.79,3,-1
365,8,840.02,1312.13,277.28,233.06,0.77,1,-1
365,7,1155.02,747.35,246.62,337.29,0.82,3,-1
366,8,829.63,1323.75,278.65,233.99,0.79,1,-1
366,7,1153.20,748.79,247.69,339.75,0.83,3,-1
367,8,816.10,1335.06,283.16,238.14,0.79,1,-1
367,7,1150.13,749.30,249.09,342.59,0.81,3,-1
368,8,800.22,1347.52,290.60,244.20,0.80,1,-1
368,7,1146.10,750.11,250.24,345.56,0.81,3,-1
369,8,786.59,1357.83,294.79,247.73,0.78,1,-1
369,7,1141.96,753.00,250.14,345.30,0.82,3,-1
370,8,774.34,1375.08,295.43,248.34,0.79,1,-1
370,7,1136.53,753.41,252.71,349.06,0.80,3,-1
371,8,763.21,1389.19,299.37,252.37,0.79,1,-1
371,7,1129.18,746.32,258.55,358.93,0.70,3,-1
372,8,746.56,1402.69,304.84,257.07,0.73,1,-1
372,7,1125.38,741.65,262.30,365.86,0.67,3,-1
373,8,732.24,1417.89,307.81,259.42,0.75,1,-1
373,7,1122.90,743.09,262.71,367.78,0.72,3,-1
374,8,717.63,1432.45,313.53,264.77,0.80,1,-1
374,7,1119.24,745.62,263.27,370.35,0.59,3,-1
375,8,702.24,1451.28,314.56,264.78,0.76,1,-1
375,7,1116.47,744.62,265.11,374.48,0.58,3,-1
376,8,684.60,1464.63,323.45,272.48,0.77,1,-1
376,7,1116.27,755.98,259.72,366.82,0.75,3,-1
377,8,666.75,1477.12,332.88,281.15,0.80,1,-1
377,7,1114.23,762.35,259.17,367.00,0.77,3,-1
378,8,648.03,1495.09,339.58,286.97,0.77,1,-1
378,7,1112.79,769.96,256.54,362.40,0.82,3,-1
379,8,630.82,1513.92,343.42,290.39,0.80,1,-1
379,7,1109.80,774.76,257.99,363.88,0.82,3,-1
380,8,607.81,1531.77,351.19,296.75,0.77,1,-1
380,7,1105.69,777.80,261.41,368.34,0.84,3,-1
381,8,589.77,1549.84,356.50,301.01,0.77,1,-1
381,7,1103.32,778.85,263.20,370.64,0.83,3,-1
382,8,572.23,1571.25,359.16,303.81,0.77,1,-1
382,7,1097.03,775.87,268.27,377.37,0.76,3,-1
383,8,550.56,1594.59,363.61,307.33,0.71,1,-1
383,7,1091.80,777.93,269.52,378.56,0.78,3,-1
384,8,525.19,1614.09,374.98,317.64,0.72,1,-1
384,7,1087.48,780.61,270.24,378.92,0.85,3,-1
385,8,503.51,1636.59,377.59,318.90,0.76,1,-1
385,7,1082.47,782.21,274.17,383.58,0.83,3,-1
386,8,478.47,1654.47,392.11,332.19,0.70,1,-1
386,7,1079.79,784.06,275.46,385.28,0.82,3,-1
387,8,451.39,1678.24,402.59,342.29,0.73,1,-1
387,7,1076.69,786.01,277.04,387.81,0.82,3,-1
387,9,3625.48,1657.60,191.44,294.20,0.80,1,-1
388,8,429.47,1704.95,402.72,342.21,0.76,1,-1
388,7,1073.88,787.33,279.16,391.32,0.82,3,-1
388,9,3602.37,1629.24,192.40,292.50,0.78,1,-1
389,8,403.40,1729.65,411.74,349.72,0.70,1,-1
389,7,1069.59,787.11,282.01,396.50,0.78,3,-1
389,9,3576.70,1596.43,195.20,290.37,0.79,1,-1
390,8,373.82,1752.78,428.21,366.02,0.72,1,-1
390,7,1065.53,788.92,284.85,401.66,0.81,3,-1
390,9,3551.66,1567.54,196.95,282.21,0.82,1,-1
391,8,345.66,1779.12,433.75,372.16,0.77,1,-1
391,7,1058.28,784.33,291.66,412.69,0.80,3,-1
391,9,3515.96,1540.32,202.34,277.46,0.79,1,-1
392,8,326.56,1806.81,419.75,356.94,0.67,1,-1
392,7,1057.14,792.27,289.23,409.66,0.82,3,-1
392,9,3472.36,1513.81,209.32,274.63,0.83,1,-1
393,8,319.13,1842.39,389.56,322.84,0.62,1,-1
393,7,1053.40,792.03,291.19,413.56,0.82,3,-1
393,9,3428.93,1491.79,211.71,265.39,0.82,1,-1
394,7,1049.23,790.58,292.39,414.94,0.85,3,-1
394,9,3384.14,1472.04,215.38,258.11,0.82,1,-1
395,7,1044.41,792.59,294.27,417.31,0.85,3,-1
395,9,3342.18,1450.24,220.42,253.00,0.78,1,-1
396,7,1040.61,798.55,295.19,417.45,0.84,3,-1
396,9,3301.53,1428.38,226.24,249.34,0.81,1,-1
397,7,1036.75,806.68,295.33,417.40,0.84,3,-1
397,9,3260.29,1408.54,230.42,244.83,0.80,1,-1
398,7,1033.72,812.99,294.79,415.96,0.85,3,-1
398,9,3223.93,1392.84,231.40,237.94,0.79,1,-1
399,7,1029.12,815.95,297.76,419.94,0.85,3,-1
399,9,3190.05,1373.83,234.65,234.31,0.78,1,-1
400,7,1022.78,819.60,299.78,421.38,0.81,3,-1
400,9,3158.54,1356.97,237.13,230.49,0.79,1,-1
401,7,1017.07,822.85,300.80,421.18,0.82,3,-1
401,9,3127.60,1342.24,235.76,223.19,0.79,1,-1
402,7,1013.37,822.65,305.81,428.93,0.82,3,-1
402,9,3093.19,1322.13,242.40,224.87,0.79,1,-1
403,7,1005.95,823.80,309.52,433.75,0.78,3,-1
403,9,3067.65,1306.80,243.01,221.57,0.80,1,-1
404,7,1000.78,826.10,313.22,439.43,0.76,3,-1
404,9,3041.59,1293.93,240.97,215.80,0.80,1,-1
405,7,997.00,829.50,314.56,441.51,0.80,3,-1
405,9,3016.18,1279.23,240.23,212.52,0.79,1,-1
406,7,992.81,832.02,316.91,444.81,0.81,3,-1
406,9,2992.59,1269.20,233.96,203.38,0.82,1,-1
407,7,988.51,832.89,319.52,449.23,0.79,3,-1
407,9,2967.72,1256.87,235.09,201.61,0.80,1,-1
408,7,981.91,834.44,324.80,457.35,0.83,3,-1
408,9,2943.39,1241.52,237.95,202.49,0.80,1,-1
409,7,978.00,838.21,326.57,460.35,0.83,3,-1
409,9,2921.67,1229.12,234.57,197.58,0.78,1,-1
410,7,975.32,844.15,325.28,458.09,0.83,3,-1
410,9,2900.63,1217.86,232.93,194.58,0.81,1,-1
411,7,973.30,849.61,324.42,455.76,0.83,3,-1
411,9,2878.28,1204.25,234.18,195.00,0.78,1,-1
412,7,970.17,852.24,326.46,458.72,0.80,3,-1
412,9,2859.93,1193.78,230.78,191.25,0.81,1,-1
413,7,967.62,855.75,327.54,461.07,0.79,3,-1
413,9,2840.59,1182.48,228.68,188.66,0.78,1,-1
414,7,961.66,856.32,329.64,463.84,0.81,3,-1
414,9,2824.42,1174.88,221.85,181.78,0.81,1,-1
415,7,951.69,856.42,334.90,471.37,0.81,3,-1
415,9,2807.31,1163.24,221.63,180.76,0.80,1,-1
416,7,942.35,859.64,338.44,475.45,0.80,3,-1
416,9,2788.54,1150.06,222.11,181.18,0.78,1,-1
417,7,936.37,862.08,342.26,480.82,0.82,3,-1
417,9,2770.58,1139.00,222.70,181.46,0.81,1,-1
418,7,930.80,871.42,344.02,483.41,0.77,3,-1
418,9,2755.45,1130.74,218.91,178.32,0.77,1,-1
419,7,922.85,873.59,347.49,486.90,0.81,3,-1
419,9,2739.73,1122.85,216.15,175.92,0.80,1,-1
420,7,916.25,877.57,350.35,490.07,0.83,3,-1
420,9,2726.15,1113.72,212.94,173.13,0.80,1,-1
421,7,907.61,877.67,357.46,500.33,0.83,3,-1
421,9,2711.50,1103.44,211.92,172.20,0.84,1,-1
422,7,900.73,878.90,363.72,509.33,0.87,3,-1
422,9,2696.87,1094.05,210.11,170.61,0.79,1,-1
423,7,893.15,880.58,368.50,516.56,0.88,3,-1
423,9,2684.02,1088.36,207.14,168.11,0.79,1,-1
424,7,887.62,883.08,372.00,521.78,0.87,3,-1
424,9,2671.45,1081.33,203.79,165.26,0.80,1,-1
425,7,882.97,885.25,373.49,524.26,0.87,3,-1
425,9,2657.50,1073.12,200.53,162.29,0.81,1,-1
426,7,876.30,888.59,375.67,527.65,0.89,3,-1
426,9,2644.22,1064.45,200.29,161.97,0.81,1,-1
427,7,870.05,891.74,378.34,532.05,0.91,3,-1
427,9,2630.11,1054.93,199.86,161.27,0.82,1,-1
428,7,862.77,895.46,382.28,538.80,0.91,3,-1
428,9,2616.00,1047.77,198.77,160.43,0.78,1,-1
429,7,854.37,898.75,386.84,545.79,0.90,3,-1
429,9,2604.99,1040.81,198.53,160.19,0.79,1,-1
430,7,847.04,902.52,390.63,552.21,0.87,3,-1
430,9,2595.33,1035.92,191.51,154.17,0.79,1,-1
431,7,838.06,908.42,391.06,553.19,0.86,3,-1
431,9,2583.88,1030.49,189.27,152.67,0.79,1,-1
432,7,828.84,909.93,399.22,565.81,0.87,3,-1
432,9,2574.17,1024.78,185.19,149.52,0.78,1,-1
433,7,818.62,914.95,405.00,573.70,0.87,3,-1
433,9,2565.93,1018.98,180.85,145.74,0.76,1,-1
434,7,811.37,920.03,407.09,575.25,0.87,3,-1
434,9,2550.65,1009.08,185.42,149.87,0.81,1,-1
435,7,805.76,923.17,409.37,578.89,0.81,3,-1
435,9,2538.01,1003.04,184.10,148.75,0.75,1,-1
436,7,799.73,926.86,411.21,580.74,0.82,3,-1
436,9,2530.15,997.12,179.71,145.07,0.76,1,-1
437,7,792.84,926.83,416.90,589.12,0.82,3,-1
437,9,2521.48,993.24,176.72,142.41,0.76,1,-1
438,7,784.86,929.97,425.58,601.28,0.88,3,-1
438,9,2509.34,986.06,177.11,142.86,0.74,1,-1
439,7,779.48,933.67,429.33,607.71,0.86,3,-1
439,9,2500.25,982.33,173.41,139.75,0.73,1,-1
440,7,769.70,936.94,434.20,614.53,0.88,3,-1
440,9,2489.56,977.91,171.68,137.98,0.75,1,-1
440,10,1188.29,963.00,151.82,131.60,0.56,1,-1
441,7,758.83,941.34,439.56,622.15,0.88,3,-1
441,9,2480.12,972.51,170.99,137.41,0.76,1,-1
441,10,1182.28,962.23,157.39,136.51,0.62,1,-1
442,7,746.30,946.18,448.29,633.98,0.89,3,-1
442,9,2467.26,961.39,175.04,141.28,0.75,1,-1
442,10,1181.14,965.02,157.48,136.66,0.59,1,-1
443,7,732.61,951.82,453.52,639.61,0.89,3,-1
443,9,2458.59,954.84,172.55,139.44,0.74,1,-1
443,10,1179.46,967.45,158.10,137.29,0.52,1,-1
444,7,721.47,955.82,458.57,645.44,0.89,3,-1
444,9,2452.42,952.67,167.83,135.45,0.73,1,-1
444,10,1176.17,969.65,159.59,138.86,0.54,1,-1
445,7,713.32,960.49,462.18,648.74,0.88,3,-1
445,9,2443.11,948.81,167.04,134.68,0.72,1,-1
445,10,1173.33,973.15,161.54,140.75,0.52,1,-1
446,7,702.12,966.06,469.09,656.95,0.86,3,-1
446,9,2434.59,944.94,164.39,132.45,0.73,1,-1
446,10,1169.92,979.13,161.01,140.00,0.66,1,-1
447,7,694.80,970.66,474.34,663.79,0.87,3,-1
447,9,2427.38,940.40,161.73,130.33,0.74,1,-1
447,10,1164.12,981.24,164.61,143.06,0.61,1,-1
448,7,683.72,973.59,480.34,672.05,0.87,3,-1
448,9,2419.57,935.60,160.52,129.61,0.74,1,-1
448,10,1162.80,985.26,165.81,144.14,0.58,1,-1
449,7,674.80,977.18,488.52,685.42,0.87,3,-1
449,9,2411.26,932.70,158.36,128.06,0.74,1,-1
449,10,1159.92,989.34,167.89,145.82,0.53,1,-1
450,7,661.85,982.98,497.50,698.11,0.88,3,-1
450,9,2403.23,931.19,154.24,124.19,0.73,1,-1
450,10,1158.49,993.41,169.54,147.06,0.63,1,-1
451,7,648.29,987.67,504.27,707.30,0.88,3,-1
451,9,2396.30,926.81,153.48,123.50,0.73,1,-1
451,10,1154.85,996.16,172.55,149.46,0.63,1,-1
452,7,633.52,991.94,509.52,712.51,0.89,3,-1
452,9,2389.81,921.36,151.80,121.97,0.73,1,-1
452,10,1152.68,999.72,174.11,150.98,0.63,1,-1
453,7,614.29,997.34,522.20,728.55,0.89,3,-1
453,9,2379.90,914.84,152.91,122.81,0.75,1,-1
453,10,1151.97,1005.56,172.64,149.53,0.61,1,-1
454,7,605.05,1000.57,531.29,740.28,0.89,3,-1
454,9,2372.15,911.94,150.19,120.50,0.72,1,-1
454,10,1151.30,1011.63,171.05,147.59,0.61,1,-1
455,7,593.13,1005.56,541.67,754.90,0.90,3,-1
455,9,2364.19,907.06,150.76,121.04,0.70,1,-1
455,10,1150.68,1015.77,171.98,148.13,0.64,1,-1
456,7,579.62,1009.94,553.01,771.25,0.89,3,-1
456,9,2356.71,902.76,150.07,120.62,0.70,1,-1
456,10,1149.83,1019.18,173.04,148.97,0.65,1,-1
457,7,566.28,1014.07,560.56,780.48,0.89,3,-1
457,9,2349.01,900.01,148.37,119.17,0.71,1,-1
457,10,1145.37,1022.96,175.89,151.23,0.66,1,-1
458,7,548.14,1017.47,569.86,790.18,0.89,3,-1
458,9,2338.33,895.84,150.07,120.69,0.69,1,-1
458,10,1143.83,1028.20,176.13,151.41,0.71,1,-1
459,7,533.13,1023.82,577.69,797.47,0.88,3,-1
459,9,2331.65,893.12,149.47,120.61,0.71,1,-1
459,10,1140.64,1030.71,179.58,154.73,0.73,1,-1
460,7,517.02,1031.32,585.69,805.77,0.87,3,-1
460,9,2327.51,890.94,143.28,115.31,0.67,1,-1
460,10,1139.38,1035.46,179.79,155.30,0.71,1,-1
461,7,500.36,1038.61,600.55,826.19,0.87,3,-1
461,9,2324.06,889.00,140.27,112.67,0.70,1,-1
461,10,1137.33,1040.41,181.16,156.78,0.71,1,-1
462,7,485.88,1044.49,610.05,840.18,0.87,3,-1
462,9,2320.44,886.42,137.12,109.73,0.74,1,-1
462,10,1135.79,1042.82,183.96,159.93,0.69,1,-1
463,7,468.95,1049.19,618.20,853.01,0.89,3,-1
463,9,2314.42,884.96,134.57,107.37,0.74,1,-1
463,10,1131.12,1046.87,185.46,161.09,0.72,1,-1
464,7,448.22,1056.01,627.67,865.36,0.88,3,-1
464,9,2307.93,881.87,133.41,105.89,0.70,1,-1
464,10,1127.41,1050.24,187.36,162.79,0.76,1,-1
465,7,429.53,1064.31,634.53,872.34,0.89,3,-1
465,9,2299.52,874.13,138.27,110.14,0.68,1,-1
465,10,1125.30,1055.96,187.64,162.74,0.76,1,-1
466,7,412.31,1073.18,648.18,890.23,0.89,3,-1
466,9,2289.53,868.76,140.40,112.37,0.70,1,-1
466,10,1122.69,1059.32,191.48,165.95,0.76,1,-1
467,7,396.16,1080.30,659.57,904.52,0.90,3,-1
467,9,2284.42,864.90,138.49,111.28,0.64,1,-1
467,10,1119.10,1065.04,194.98,169.08,0.77,1,-1
468,7,377.54,1087.39,672.59,921.31,0.89,3,-1
468,9,2281.05,862.28,137.32,110.89,0.70,1,-1
468,10,1116.90,1071.65,194.84,168.93,0.75,1,-1
469,7,371.94,1096.40,679.05,932.57,0.88,3,-1
469,9,2276.53,858.14,136.65,110.76,0.67,1,-1
469,10,1116.89,1078.62,193.24,167.50,0.72,1,-1
470,7,344.44,1105.51,690.80,944.92,0.88,3,-1
470,9,2270.87,853.41,135.58,110.74,0.64,1,-1
470,10,1116.04,1083.08,194.46,168.21,0.75,1,-1
471,7,320.20,1112.05,705.77,961.60,0.88,3,-1
471,9,2265.11,851.79,133.04,108.76,0.72,1,-1
471,10,1112.76,1085.92,198.33,171.73,0.71,1,-1
472,7,302.14,1120.18,718.71,977.98,0.86,3,-1
472,9,2258.96,848.69,131.96,108.04,0.61,1,-1
472,10,1111.12,1089.47,200.01,173.67,0.73,1,-1
473,7,276.69,1129.57,729.04,989.06,0.85,3,-1
473,9,2254.97,848.34,127.50,103.80,0.65,1,-1
473,10,1110.77,1095.89,199.57,173.72,0.75,1,-1
474,7,239.05,1134.26,752.44,1016.90,0.85,3,-1
474,9,2251.87,847.04,125.65,102.24,0.58,1,-1
474,10,1109.08,1101.46,200.65,174.99,0.77,1,-1
475,7,230.06,1142.31,745.46,1002.66,0.85,3,-1
475,9,2248.51,845.34,121.85,99.02,0.67,1,-1
475,10,1107.60,1107.35,202.18,176.74,0.77,1,-1
476,7,219.24,1151.04,744.85,996.38,0.85,3,-1
476,9,2242.53,842.15,122.39,99.24,0.66,1,-1
476,10,1104.21,1113.35,204.58,179.33,0.75,1,-1
476,11,13.44,1151.00,963.72,1004.40,0.82,3,-1
477,7,190.79,1160.67,751.64,996.21,0.85,3,-1
477,9,2239.33,840.41,120.39,97.35,0.66,1,-1
477,10,1102.74,1117.44,207.25,182.23,0.74,1,-1
478,7,167.85,1169.98,757.14,991.20,0.85,3,-1
478,9,2233.80,836.53,120.11,97.37,0.62,1,-1
478,10,1102.96,1124.04,206.79,181.98,0.76,1,-1
479,7,153.35,1182.45,759.41,981.72,0.86,3,-1
479,9,2227.20,833.87,120.90,98.09,0.63,1,-1
479,10,1102.10,1129.67,207.28,182.48,0.76,1,-1
480,7,136.83,1196.12,761.07,969.25,0.86,3,-1
480,9,2224.00,831.66,117.79,95.74,0.62,1,-1
480,10,1100.12,1134.91,210.20,185.24,0.74,1,-1
481,7,122.21,1208.25,764.41,957.69,0.84,3,-1
481,9,2219.56,830.30,116.96,94.89,0.61,1,-1
481,10,1098.35,1141.96,213.42,188.20,0.74,1,-1
482,9,2212.10,822.53,120.70,98.64,0.63,1,-1
482,10,1099.21,1149.04,213.61,188.63,0.71,1,-1
482,11,22.33,1215.01,904.97,942.95,0.87,3,-1
483,9,2206.74,821.07,119.71,98.06,0.60,1,-1
483,10,1099.16,1156.14,213.20,188.08,0.69,1,-1
483,11,29.55,1232.99,886.22,923.63,0.88,3,-1
484,9,2201.40,818.67,117.13,95.87,0.62,1,-1
484,10,1098.07,1162.58,214.58,188.47,0.65,1,-1
484,11,19.95,1246.07,874.91,910.85,0.86,3,-1
485,9,2197.16,816.57,117.13,95.73,0.64,1,-1
485,10,1095.14,1171.39,215.58,187.91,0.69,1,-1
485,11,14.04,1258.49,860.41,893.71,0.81,3,-1
486,9,2193.99,813.90,116.74,95.04,0.61,1,-1
486,10,1093.16,1177.81,218.41,189.63,0.63,1,-1
486,11,8.68,1268.62,856.60,888.74,0.81,3,-1
487,9,2191.22,813.01,114.89,93.48,0.63,1,-1
487,10,1088.04,1183.31,224.99,194.18,0.60,1,-1
487,11,8.60,1283.37,845.91,875.87,0.81,3,-1
488,9,2187.45,811.47,113.43,91.58,0.61,1,-1
488,10,1086.73,1190.42,228.90,197.18,0.63,1,-1
488,11,10.00,1299.80,830.22,857.39,0.79,3,-1
489,9,2183.19,808.99,114.34,92.25,0.62,1,-1
489,10,1085.79,1198.15,229.37,196.97,0.66,1,-1
489,11,8.14,1308.67,824.34,849.80,0.80,3,-1
490,10,1083.11,1206.12,232.28,198.79,0.71,1,-1
490,11,6.07,1318.84,814.67,838.72,0.80,3,-1
491,10,1079.18,1215.48,233.38,198.78,0.64,1,-1
491,11,4.55,1334.23,797.61,820.29,0.77,3,-1
491,9,2175.16,805.49,113.81,91.91,0.62,1,-1
492,10,1077.73,1223.40,235.72,200.03,0.65,1,-1
492,11,1.66,1348.84,785.73,807.95,0.79,3,-1
492,9,2172.20,803.63,112.49,90.63,0.61,1,-1
493,10,1071.13,1228.13,243.53,206.36,0.60,1,-1
493,11,1.08,1363.81,773.56,795.16,0.76,3,-1
493,9,2169.82,804.37,108.24,86.83,0.58,1,-1
494,10,1068.83,1235.58,246.81,209.37,0.64,1,-1
494,11,3.91,1380.26,759.55,779.52,0.75,3,-1
494,9,2166.14,802.74,106.59,85.42,0.66,1,-1
495,10,1066.17,1242.11,251.04,213.72,0.64,1,-1
495,11,5.13,1395.20,746.52,764.85,0.75,3,-1
495,9,2164.88,801.55,104.84,83.59,0.55,1,-1
496,10,1064.31,1250.89,251.84,214.67,0.59,1,-1
496,11,2.49,1412.96,729.53,747.18,0.66,3,-1
496,9,2160.29,798.51,106.76,84.96,0.61,1,-1
497,10,1061.42,1261.20,252.65,214.95,0.66,1,-1
497,11,2.15,1436.49,707.04,723.66,0.66,3,-1
497,9,2156.35,794.14,105.59,84.15,0.56,1,-1
498,10,1059.20,1269.47,255.92,218.26,0.61,1,-1
498,11,1.21,1456.68,687.50,703.46,0.56,3,-1
498,9,2152.15,792.58,105.63,84.53,0.51,1,-1
499,10,1058.40,1277.60,257.79,220.75,0.63,1,-1
499,11,3.32,1478.99,666.66,681.13,0.54,3,-1
499,9,2146.95,786.77,108.56,87.35,0.56,1,-1
500,10,1052.36,1285.01,264.21,227.51,0.63,1,-1
501,10,1049.78,1293.46,267.26,231.32,0.57,1,-1
501,11,1.30,1521.58,627.27,640.20,0.53,3,-1
502,10,1048.98,1306.19,264.90,229.46,0.71,1,-1
502,11,-1.97,1539.72,610.49,623.14,0.52,3,-1
503,10,1047.45,1317.36,266.51,231.24,0.72,1,-1
504,10,1042.62,1325.90,271.14,235.76,0.69,1,-1
505,10,1035.49,1331.50,280.95,245.22,0.63,1,-1
505,9,2122.57,769.10,113.39,92.60,0.51,1,-1
506,10,1032.97,1344.37,282.44,246.84,0.69,1,-1
506,9,2121.61,770.13,109.69,90.32,0.55,1,-1
507,10,1033.38,1358.83,280.33,244.74,0.72,1,-1
507,9,2120.04,768.55,106.36,87.52,0.61,1,-1
507,11,0.44,1676.56,478.18,487.03,0.67,2,-1
508,10,1029.95,1369.96,284.21,248.39,0.57,1,-1
508,9,2118.48,768.06,104.67,86.47,0.62,1,-1
508,11,3.64,1711.68,443.66,450.33,0.53,2,-1
509,10,1025.28,1379.76,289.89,254.25,0.70,1,-1
509,11,-1.03,1734.86,419.39,426.15,0.53,2,-1
510,10,1023.34,1392.29,291.16,255.77,0.73,1,-1
511,10,1019.67,1403.30,296.30,260.80,0.69,1,-1
511,9,2112.16,764.44,100.76,83.49,0.55,1,-1
512,10,1013.57,1411.75,305.17,269.78,0.70,1,-1
513,10,1011.71,1424.38,307.03,272.49,0.73,1,-1
514,10,1008.60,1438.02,310.04,276.01,0.68,1,-1
514,9,2104.12,758.89,97.62,81.32,0.54,1,-1
515,10,1006.53,1456.56,309.79,275.94,0.64,1,-1
516,10,1001.08,1471.81,313.25,279.04,0.73,1,-1
517,10,997.96,1487.68,314.78,280.77,0.71,1,-1
517,9,2098.17,754.65,96.51,81.02,0.51,1,-1
518,10,988.29,1499.88,323.94,289.15,0.69,1,-1
519,10,983.97,1515.84,324.94,289.66,0.76,1,-1
520,10,979.57,1530.69,332.25,296.89,0.67,1,-1
520,9,2089.09,750.69,95.14,80.15,0.52,1,-1
521,10,978.88,1550.89,330.59,295.66,0.71,1,-1
521,9,2087.33,750.36,93.79,79.33,0.60,1,-1
522,10,972.90,1568.02,336.98,302.21,0.61,1,-1
522,9,2085.51,747.59,90.47,77.05,0.53,1,-1
523,10,967.33,1587.12,342.22,307.20,0.62,1,-1
523,9,2081.70,745.28,92.41,78.90,0.63,1,-1
524,10,952.26,1589.46,365.69,331.08,0.62,1,-1
524,9,2080.60,745.15,92.02,78.92,0.63,1,-1
525,10,949.72,1614.27,361.96,328.66,0.65,1,-1
525,9,2078.70,744.51,89.81,76.28,0.53,1,-1
526,10,946.94,1641.15,359.65,326.71,0.67,1,-1
526,9,2075.92,743.68,90.68,76.63,0.52,1,-1
527,10,938.64,1660.10,363.62,330.34,0.60,1,-1
528,10,930.01,1683.10,370.38,337.45,0.73,1,-1
529,10,922.33,1701.14,377.37,344.57,0.70,1,-1
530,10,917.52,1726.97,380.10,348.47,0.59,1,-1
531,10,905.01,1750.66,391.65,360.19,0.70,1,-1
532,10,897.32,1774.07,397.54,366.49,0.76,1,-1
533,10,894.80,1798.07,392.04,360.34,0.75,1,-1
534,10,898.88,1826.90,374.87,339.99,0.63,1,-1
535,10,902.01,1853.70,350.83,310.48,0.53,1,-1
