0,1,814.00,374.00,96.00,77.00,0.83,1,-1
0,2,700.00,221.00,40.00,34.00,0.78,1,-1
0,3,670.00,283.00,56.00,58.00,0.76,1,-1
0,4,646.00,185.00,38.00,45.00,0.75,2,-1
0,5,529.00,223.00,38.00,40.00,0.75,1,-1
0,6,624.00,162.00,33.00,37.00,0.66,3,-1
1,1,814.00,374.00,96.00,77.00,0.83,1,-1
1,2,700.00,221.00,40.00,34.00,0.78,1,-1
1,3,670.00,283.00,56.00,58.00,0.76,1,-1
1,4,646.00,185.00,38.00,45.00,0.75,2,-1
1,5,529.00,223.00,38.00,40.00,0.75,1,-1
1,6,624.00,162.00,33.00,37.00,0.66,3,-1
2,1,810.16,369.32,95.88,77.00,0.82,1,-1
2,2,700.07,221.00,39.09,33.22,0.78,1,-1
2,3,669.58,282.22,55.28,57.22,0.76,1,-1
2,4,646.32,185.00,37.37,44.22,0.74,2,-1
2,5,527.88,223.00,39.46,41.56,0.75,1,-1
2,6,623.62,162.00,32.97,37.00,0.66,3,-1
3,1,806.62,364.80,92.88,74.71,0.82,1,-1
3,2,699.74,220.23,37.94,32.20,0.79,1,-1
3,3,668.30,280.44,55.04,56.98,0.78,1,-1
3,4,645.67,184.23,37.12,43.98,0.71,2,-1
3,5,526.79,224.50,39.89,42.05,0.75,1,-1
3,6,623.88,162.00,32.97,37.00,0.67,3,-1
4,1,803.55,360.49,90.04,72.48,0.82,1,-1
4,2,698.91,219.24,37.57,31.91,0.77,1,-1
4,3,668.24,279.16,53.59,55.44,0.77,1,-1
4,4,645.48,183.99,37.02,43.92,0.71,2,-1
4,5,525.31,225.73,40.11,42.18,0.75,1,-1
4,6,623.93,162.00,33.06,37.00,0.66,3,-1
5,1,798.39,354.14,89.71,72.54,0.82,1,-1
5,2,697.94,218.21,37.45,31.84,0.77,1,-1
5,3,667.51,277.33,53.16,54.94,0.75,1,-1
5,4,645.39,183.92,36.34,43.19,0.72,2,-1
5,5,523.47,226.83,41.47,43.61,0.75,1,-1
5,6,624.57,162.00,33.27,37.00,0.67,3,-1
6,1,793.66,347.92,85.29,69.06,0.84,1,-1
6,2,697.05,217.17,35.77,30.43,0.77,1,-1
6,3,665.52,273.21,53.01,54.81,0.76,1,-1
6,4,644.96,183.91,35.52,42.25,0.72,2,-1
6,5,521.12,228.57,42.66,44.77,0.76,1,-1
6,6,624.66,161.30,33.61,37.00,0.64,3,-1
7,1,789.54,342.42,82.72,67.18,0.82,1,-1
7,2,695.68,216.14,35.95,30.66,0.77,1,-1
7,3,665.22,270.44,52.24,54.09,0.76,1,-1
7,4,643.86,183.22,35.78,42.64,0.72,2,-1
7,5,518.95,229.17,43.76,45.85,0.77,1,-1
7,6,623.89,161.05,33.95,37.00,0.63,3,-1
8,1,786.33,337.23,80.92,65.90,0.83,1,-1
8,2,694.62,215.81,35.17,30.07,0.77,1,-1
8,3,664.48,268.84,51.27,53.17,0.75,1,-1
8,4,643.76,182.99,35.31,42.10,0.71,2,-1
8,5,518.44,231.36,43.62,45.56,0.78,1,-1
8,6,623.18,160.28,34.23,37.00,0.63,3,-1
9,1,783.43,332.84,80.09,65.52,0.82,1,-1
9,2,693.94,214.35,35.59,30.56,0.78,1,-1
9,3,663.19,267.67,50.30,52.17,0.79,1,-1
9,4,643.44,182.91,35.07,41.92,0.70,2,-1
9,5,518.28,232.82,43.62,45.41,0.78,1,-1
9,6,622.83,160.01,34.51,37.00,0.61,3,-1
10,1,779.93,328.05,74.11,60.64,0.83,1,-1
10,2,693.15,213.85,34.88,30.08,0.78,1,-1
10,3,662.74,265.28,48.64,50.47,0.78,1,-1
10,4,643.24,182.22,34.52,41.19,0.68,2,-1
10,5,516.90,235.32,43.67,45.32,0.76,1,-1
10,6,621.15,159.25,35.03,37.67,0.52,3,-1
11,1,776.11,323.10,73.39,60.35,0.81,1,-1
11,2,691.53,212.35,35.32,30.60,0.78,1,-1
11,3,661.95,263.13,48.73,50.58,0.78,1,-1
11,4,643.12,182.65,33.77,40.26,0.62,2,-1
11,5,515.44,236.87,44.31,45.93,0.76,1,-1
12,1,773.33,318.11,72.90,60.29,0.83,1,-1
12,2,690.35,211.16,35.40,30.79,0.78,1,-1
12,3,661.31,261.07,48.21,49.96,0.76,1,-1
12,4,642.45,182.15,34.12,40.62,0.61,2,-1
12,5,514.27,238.07,45.21,46.80,0.79,1,-1
13,1,771.37,315.15,70.94,58.97,0.81,1,-1
13,2,689.69,210.08,35.27,30.87,0.78,1,-1
13,3,661.07,259.04,47.43,49.09,0.78,1,-1
13,4,642.20,181.30,34.29,40.76,0.61,2,-1
13,5,512.92,239.14,46.11,47.77,0.78,1,-1
14,1,767.99,311.57,67.77,56.51,0.82,1,-1
14,2,688.88,209.05,35.11,30.91,0.77,1,-1
14,3,660.33,256.36,47.21,48.80,0.76,1,-1
14,4,642.06,180.99,33.81,40.16,0.62,2,-1
14,5,509.31,240.15,48.79,50.74,0.78,1,-1
15,1,765.34,307.05,67.14,56.38,0.81,1,-1
15,2,688.34,208.70,34.28,30.27,0.77,1,-1
15,3,659.67,254.78,46.62,48.05,0.79,1,-1
15,4,641.64,180.89,33.75,39.95,0.62,2,-1
15,5,507.38,241.79,49.69,51.85,0.78,1,-1
15,7,1013.03,517.40,267.73,201.60,0.74,3,-1
16,1,762.58,303.56,66.09,55.69,0.79,1,-1
16,2,687.91,207.94,33.84,30.03,0.75,1,-1
16,3,658.45,253.61,46.41,47.80,0.79,1,-1
16,5,506.08,243.68,49.91,52.26,0.79,1,-1
16,7,995.82,502.68,287.13,216.32,0.78,3,-1
17,1,760.92,301.13,63.98,54.15,0.80,1,-1
17,2,687.17,207.70,33.58,29.95,0.75,1,-1
17,3,658.57,253.93,43.95,45.05,0.78,1,-1
17,5,504.39,245.66,50.50,53.03,0.80,1,-1
17,7,978.35,490.07,303.41,228.93,0.83,3,-1
18,1,758.95,297.71,60.84,51.59,0.80,1,-1
18,2,686.24,206.97,32.85,29.26,0.72,1,-1
18,3,657.62,252.10,43.08,44.05,0.74,1,-1
18,5,501.82,248.33,52.05,54.60,0.80,1,-1
18,7,949.55,468.93,297.75,225.78,0.86,3,-1
18,8,739.16,586.20,221.07,133.00,0.83,1,-1
19,1,756.00,294.61,60.43,51.42,0.81,1,-1
19,2,685.25,206.06,32.61,29.01,0.73,1,-1
19,3,656.89,250.83,42.28,43.05,0.67,1,-1
19,5,500.50,250.60,52.75,55.17,0.79,1,-1
19,7,932.32,455.51,278.77,212.61,0.87,3,-1
19,8,721.25,572.53,239.52,145.10,0.86,1,-1
20,1,753.80,290.25,60.82,52.08,0.79,1,-1
20,2,684.95,205.76,31.81,28.26,0.74,1,-1
20,3,656.30,249.08,42.03,42.73,0.66,1,-1
20,5,499.36,252.72,53.06,55.37,0.77,1,-1
20,7,918.52,445.16,263.48,202.56,0.89,3,-1
20,8,711.07,555.61,241.48,147.82,0.81,1,-1
21,1,751.82,287.45,60.20,51.69,0.78,1,-1
21,2,684.51,205.68,30.90,27.31,0.75,1,-1
21,3,655.52,247.15,42.50,43.32,0.65,1,-1
21,5,497.75,254.13,54.29,56.71,0.77,1,-1
21,7,910.75,435.16,247.53,191.98,0.89,3,-1
21,8,706.59,541.90,233.46,144.87,0.83,1,-1
22,1,747.65,283.89,59.08,50.92,0.79,1,-1
22,2,682.76,204.33,31.14,27.66,0.72,1,-1
22,3,654.62,244.50,42.62,43.56,0.69,1,-1
22,5,494.89,258.51,54.80,57.20,0.80,1,-1
22,7,896.76,419.61,229.64,179.88,0.90,3,-1
22,8,703.74,519.19,215.36,135.75,0.79,1,-1
23,1,746.00,282.07,57.15,49.33,0.79,1,-1
23,2,681.84,203.86,30.50,27.12,0.71,1,-1
23,3,653.48,242.24,43.02,44.34,0.72,1,-1
23,5,492.91,260.79,55.52,58.01,0.81,1,-1
23,7,887.87,409.92,214.97,170.17,0.89,3,-1
23,8,702.60,503.97,200.74,128.79,0.79,1,-1
24,1,744.63,280.22,55.58,48.10,0.78,1,-1
24,2,681.55,203.72,30.26,26.94,0.72,1,-1
24,3,653.46,241.46,41.77,43.33,0.71,1,-1
24,5,490.94,262.26,56.37,58.94,0.80,1,-1
24,7,881.26,401.55,203.29,162.82,0.89,3,-1
24,8,701.07,490.21,190.98,125.00,0.81,1,-1
25,1,743.99,279.01,53.54,46.34,0.78,1,-1
25,2,680.49,203.03,30.81,27.55,0.73,1,-1
25,3,653.16,240.59,40.63,42.29,0.72,1,-1
25,5,489.23,264.05,56.74,59.27,0.79,1,-1
25,7,875.23,395.02,192.97,156.34,0.90,3,-1
25,8,701.29,479.76,179.07,119.56,0.75,1,-1
26,1,739.83,273.94,52.07,45.07,0.77,1,-1
26,2,679.16,202.13,30.31,27.12,0.76,1,-1
26,3,652.71,238.99,38.95,40.58,0.69,1,-1
26,5,484.42,267.93,60.72,63.92,0.83,1,-1
26,7,858.93,377.84,178.66,146.64,0.87,3,-1
26,8,698.19,458.56,162.40,110.73,0.77,1,-1
27,1,737.46,270.89,51.50,44.66,0.77,1,-1
27,2,678.41,201.15,30.03,26.97,0.76,1,-1
27,3,652.85,239.16,37.11,38.62,0.68,1,-1
27,5,482.02,271.28,61.51,65.03,0.81,1,-1
27,7,850.17,368.20,168.20,140.05,0.88,3,-1
27,8,697.62,445.51,150.68,104.93,0.77,1,-1
28,1,735.67,268.55,51.39,44.55,0.77,1,-1
28,2,678.20,200.15,29.88,26.92,0.73,1,-1
28,3,652.25,237.93,37.17,38.62,0.69,1,-1
28,5,479.19,274.46,61.84,65.43,0.82,1,-1
28,7,843.67,362.63,159.09,133.88,0.87,3,-1
28,8,696.99,436.80,141.21,100.31,0.79,1,-1
29,1,733.56,265.81,49.77,43.21,0.76,1,-1
29,2,677.83,199.80,29.14,26.24,0.73,1,-1
29,3,650.81,234.83,38.35,39.99,0.73,1,-1
29,5,474.90,278.85,63.94,67.48,0.82,1,-1
29,7,834.22,352.09,152.96,130.66,0.87,3,-1
29,8,694.83,423.89,132.70,96.09,0.83,1,-1
29,9,992.54,557.00,300.32,163.00,0.64,2,-1
30,1,731.90,264.95,48.53,42.07,0.75,1,-1
30,2,677.76,199.70,28.14,25.33,0.71,1,-1
30,3,650.61,233.74,38.18,39.85,0.73,1,-1
30,5,471.07,282.41,65.33,68.88,0.81,1,-1
30,7,828.20,346.10,145.81,126.32,0.88,3,-1
30,8,692.78,415.16,126.74,93.42,0.80,1,-1
31,1,730.07,262.72,48.74,42.39,0.74,1,-1
31,2,677.05,199.02,28.54,25.68,0.70,1,-1
31,3,650.28,232.07,38.02,39.81,0.73,1,-1
31,5,468.37,285.00,66.48,70.03,0.84,1,-1
31,7,824.40,340.31,140.45,123.68,0.87,3,-1
31,8,692.25,408.51,120.73,90.58,0.81,1,-1
31,9,945.90,522.09,362.70,197.91,0.78,3,-1
32,1,728.14,259.32,49.53,43.20,0.74,1,-1
32,2,676.85,198.80,27.97,25.14,0.67,1,-1
32,3,650.49,231.51,37.36,39.15,0.71,1,-1
32,5,466.22,286.56,67.96,71.72,0.84,1,-1
32,7,820.06,335.92,135.38,120.92,0.85,3,-1
32,8,691.79,402.57,114.94,87.67,0.79,1,-1
32,9,915.78,501.59,393.79,217.07,0.85,3,-1
33,1,725.69,256.17,48.82,42.86,0.74,1,-1
33,2,676.22,198.07,27.59,24.96,0.68,1,-1
33,3,649.65,230.02,37.03,38.92,0.65,1,-1
33,5,462.05,292.24,70.18,74.28,0.83,1,-1
33,7,814.56,329.92,125.39,113.26,0.85,3,-1
33,8,689.64,391.98,108.40,84.04,0.78,1,-1
33,9,878.82,480.26,400.91,224.73,0.86,3,-1
34,1,724.93,255.11,47.12,41.42,0.76,1,-1
34,2,675.36,197.15,28.10,25.57,0.69,1,-1
34,3,648.88,229.53,35.86,37.51,0.70,1,-1
34,5,458.81,296.29,71.19,75.23,0.81,1,-1
34,7,809.83,324.06,120.36,110.11,0.85,3,-1
34,8,688.93,385.28,103.78,81.54,0.79,1,-1
34,9,860.07,463.25,391.28,223.77,0.87,3,-1
35,1,723.78,252.83,47.14,41.59,0.75,1,-1
35,2,674.82,196.17,28.11,25.80,0.69,1,-1
35,3,648.01,228.06,35.99,37.68,0.70,1,-1
35,5,455.69,300.36,72.21,76.20,0.84,1,-1
35,7,806.55,320.27,116.57,107.83,0.86,3,-1
35,8,688.39,379.93,99.77,79.43,0.80,1,-1
35,9,851.78,450.74,368.72,215.44,0.89,3,-1
36,1,722.17,251.41,46.34,41.00,0.76,1,-1
36,2,674.02,195.17,28.71,26.55,0.71,1,-1
36,3,648.26,227.57,34.94,36.42,0.75,1,-1
36,5,452.10,303.13,74.28,78.47,0.85,1,-1
36,7,802.07,315.80,113.83,106.54,0.85,3,-1
36,8,689.15,375.71,95.53,76.76,0.79,1,-1
36,9,846.75,441.39,345.07,206.29,0.88,3,-1
37,1,720.39,249.65,45.24,40.14,0.73,1,-1
37,2,673.45,194.81,28.20,26.18,0.65,1,-1
37,3,647.68,226.78,34.65,35.97,0.73,1,-1
37,5,446.63,308.62,76.93,81.23,0.82,1,-1
37,7,796.48,309.69,108.65,102.83,0.84,3,-1
37,8,686.57,367.02,91.87,74.58,0.77,1,-1
37,9,840.35,426.47,311.56,191.01,0.89,3,-1
38,1,719.21,248.44,44.06,39.17,0.75,1,-1
38,2,672.63,194.04,27.96,26.04,0.67,1,-1
38,3,647.15,225.87,34.54,35.82,0.71,1,-1
38,5,443.04,313.22,78.46,82.91,0.83,1,-1
38,7,792.36,305.76,104.36,99.63,0.85,3,-1
38,8,684.85,361.58,87.73,71.87,0.79,1,-1
38,9,836.83,416.25,286.57,180.15,0.89,3,-1
39,1,718.53,247.42,42.95,38.16,0.70,1,-1
39,2,672.38,193.78,27.82,25.99,0.61,1,-1
39,3,646.96,224.90,33.88,35.12,0.68,1,-1
39,5,438.30,317.49,80.73,85.44,0.84,1,-1
39,7,789.12,302.59,101.73,97.98,0.84,3,-1
39,8,683.57,357.97,85.27,70.36,0.79,1,-1
39,9,833.71,407.73,266.98,172.01,0.87,3,-1
40,1,718.11,246.46,41.75,37.15,0.74,1,-1
40,2,672.35,193.05,27.02,25.31,0.61,1,-1
40,3,646.63,223.25,34.23,35.55,0.64,1,-1
40,5,434.06,320.97,82.72,87.66,0.86,1,-1
40,7,786.07,300.34,98.43,95.49,0.85,3,-1
40,8,682.16,353.58,83.21,69.25,0.80,1,-1
40,9,831.41,400.49,248.66,164.25,0.88,3,-1
41,1,716.00,244.16,41.31,36.81,0.73,1,-1
41,2,671.64,192.80,26.17,24.39,0.63,1,-1
41,3,645.86,222.68,33.69,35.06,0.70,1,-1
41,5,426.74,327.36,86.63,91.69,0.85,1,-1
41,7,782.07,294.99,94.20,92.01,0.84,3,-1
41,8,680.11,346.84,80.41,67.60,0.82,1,-1
41,9,825.19,388.85,228.15,154.59,0.87,3,-1
42,1,714.35,242.06,41.06,36.71,0.75,1,-1
42,2,670.70,192.06,25.93,24.06,0.63,1,-1
42,3,645.32,221.86,33.37,34.89,0.70,1,-1
42,5,421.15,332.93,88.69,93.85,0.86,1,-1
42,7,778.45,291.26,91.62,90.24,0.84,3,-1
42,8,679.13,342.68,77.51,65.75,0.81,1,-1
42,9,820.78,381.16,212.85,147.74,0.90,3,-1
43,1,713.17,240.69,40.92,36.70,0.74,1,-1
43,2,669.75,191.15,26.44,24.61,0.62,1,-1
43,3,644.80,220.92,33.28,34.84,0.70,1,-1
43,5,416.00,338.21,91.09,96.55,0.85,1,-1
43,7,774.86,288.09,89.73,89.06,0.85,3,-1
43,8,677.79,338.07,76.03,65.19,0.81,1,-1
43,9,816.76,373.45,202.70,144.09,0.87,3,-1
44,1,711.82,239.59,40.18,36.05,0.76,1,-1
44,2,669.75,190.83,25.97,24.16,0.60,1,-1
44,3,644.64,219.95,33.24,34.84,0.69,1,-1
44,5,411.74,342.72,94.14,100.11,0.84,1,-1
44,7,772.93,285.80,86.84,86.72,0.84,3,-1
44,8,677.63,335.31,73.78,63.71,0.81,1,-1
44,9,814.53,368.44,190.92,138.81,0.87,3,-1
45,1,709.76,237.92,39.83,35.84,0.75,1,-1
45,2,669.41,190.74,25.20,23.33,0.52,1,-1
45,3,644.33,218.96,33.12,34.85,0.67,1,-1
45,5,404.23,351.38,97.63,104.00,0.86,1,-1
45,7,768.91,282.45,82.80,83.27,0.81,3,-1
45,8,675.80,329.81,70.64,61.22,0.83,1,-1
45,9,807.51,358.18,180.43,134.32,0.87,3,-1
46,1,708.42,236.71,39.67,35.78,0.75,1,-1
46,2,668.97,190.06,25.61,23.70,0.55,1,-1
46,3,643.98,217.97,32.92,34.86,0.69,1,-1
46,5,397.94,358.48,100.76,107.37,0.86,1,-1
46,7,766.18,280.78,80.40,81.48,0.81,3,-1
46,8,674.71,325.36,69.31,60.42,0.80,1,-1
46,9,804.57,352.23,168.42,128.07,0.88,3,-1
47,1,707.05,235.66,39.49,35.77,0.76,1,-1
47,2,668.85,189.83,25.06,23.18,0.58,1,-1
47,3,643.54,216.98,32.83,34.88,0.71,1,-1
47,5,390.69,364.33,104.74,111.82,0.87,1,-1
47,7,763.32,278.30,78.35,79.59,0.83,3,-1
47,8,673.87,321.95,67.92,59.53,0.80,1,-1
47,9,801.52,346.45,160.43,124.65,0.88,3,-1
48,1,706.31,235.34,38.71,35.12,0.76,1,-1
48,2,668.44,189.77,24.96,22.99,0.59,1,-1
48,3,643.40,215.98,32.12,34.23,0.61,1,-1
48,5,384.38,369.68,108.96,116.68,0.88,1,-1
48,7,761.95,275.52,76.78,78.34,0.83,3,-1
48,8,673.82,318.91,65.79,57.92,0.81,1,-1
48,9,798.90,341.34,154.11,122.24,0.87,3,-1
49,1,705.12,233.95,37.04,33.56,0.75,1,-1
49,2,667.71,189.10,24.80,22.92,0.57,1,-1
49,3,643.38,215.65,31.18,33.32,0.59,1,-1
49,5,372.66,380.53,114.70,123.60,0.88,1,-1
49,7,757.72,271.95,74.59,76.64,0.81,3,-1
49,8,672.73,313.95,64.00,56.74,0.80,1,-1
49,9,793.61,333.71,144.37,116.75,0.88,3,-1
50,1,704.77,233.51,35.74,32.32,0.75,1,-1
50,2,667.48,188.87,24.70,22.91,0.58,1,-1
50,3,643.30,215.57,30.35,32.33,0.71,1,-1
50,5,363.00,387.21,120.29,130.67,0.83,1,-1
50,7,755.32,270.82,71.91,74.08,0.81,3,-1
50,8,671.36,310.33,63.48,56.38,0.80,1,-1
50,9,789.57,328.63,138.62,114.28,0.87,3,-1
51,1,703.68,231.37,35.98,32.58,0.72,1,-1
51,2,667.06,188.80,24.72,22.91,0.58,1,-1
51,3,643.26,214.91,30.11,31.98,0.70,1,-1
51,5,355.03,395.39,124.06,135.29,0.82,1,-1
51,7,753.99,269.21,68.94,71.21,0.82,3,-1
51,8,670.71,307.86,62.44,55.64,0.79,1,-1
51,9,787.84,325.10,130.48,109.45,0.84,3,-1
52,1,703.08,230.64,35.23,32.01,0.70,1,-1
52,2,667.22,188.79,24.13,22.25,0.58,1,-1
52,3,643.51,214.70,29.54,31.19,0.72,1,-1
52,5,346.82,405.45,127.65,139.56,0.83,1,-1
52,7,751.96,267.41,67.32,69.61,0.82,3,-1
52,8,669.90,304.45,62.04,55.43,0.78,1,-1
52,9,784.80,321.45,125.80,107.22,0.85,3,-1
53,1,700.90,228.41,35.65,32.50,0.71,1,-1
53,2,666.00,188.14,24.51,22.69,0.56,1,-1
53,3,642.62,213.31,29.99,31.59,0.71,1,-1
53,5,330.79,420.68,135.88,148.76,0.81,1,-1
53,7,747.29,263.47,66.80,69.14,0.78,3,-1
53,8,668.08,301.36,59.71,53.38,0.77,1,-1
53,9,780.71,316.31,117.85,101.77,0.86,3,-1
54,1,699.89,226.31,35.65,32.70,0.67,1,-1
54,2,665.59,187.91,24.61,22.85,0.59,1,-1
54,3,642.55,212.83,29.66,31.08,0.74,1,-1
54,5,318.62,433.44,141.65,155.43,0.86,1,-1
54,7,744.50,260.81,66.47,69.06,0.81,3,-1
54,8,667.23,299.08,58.07,52.01,0.77,1,-1
54,9,776.62,312.05,114.25,100.02,0.86,3,-1
55,1,697.98,224.92,36.19,33.45,0.71,1,-1
55,2,664.74,187.84,24.09,22.25,0.62,1,-1
55,3,641.85,212.01,30.27,31.58,0.73,1,-1
55,5,305.14,442.77,150.12,165.55,0.87,1,-1
55,7,742.32,259.29,64.98,67.75,0.82,3,-1
55,8,666.73,297.75,55.32,49.53,0.77,1,-1
55,9,773.34,308.04,111.13,98.86,0.82,3,-1
56,1,697.01,223.79,36.33,33.74,0.71,1,-1
56,2,663.81,187.16,24.49,22.70,0.63,1,-1
56,3,641.55,211.07,29.94,31.11,0.73,1,-1
56,5,293.30,455.07,156.06,172.60,0.87,1,-1
56,7,741.24,257.51,63.36,66.00,0.82,3,-1
56,8,665.95,296.09,53.66,48.01,0.75,1,-1
56,9,771.51,305.49,106.53,95.86,0.81,3,-1
57,1,695.73,222.76,35.70,33.20,0.72,1,-1
57,2,663.44,186.92,24.08,22.21,0.62,1,-1
57,3,640.75,210.09,29.89,30.94,0.74,1,-1
57,5,269.87,473.64,170.35,189.13,0.87,1,-1
57,7,738.33,254.94,62.04,64.76,0.81,3,-1
57,8,663.68,290.85,54.49,48.91,0.78,1,-1
57,9,767.18,301.41,101.29,92.18,0.84,3,-1
58,1,693.99,221.78,35.44,33.00,0.74,1,-1
58,2,663.00,186.85,23.90,22.02,0.64,1,-1
58,3,640.15,209.09,29.85,30.89,0.75,1,-1
58,5,251.62,489.51,180.55,201.15,0.84,1,-1
58,7,737.03,254.13,60.34,63.02,0.79,3,-1
58,8,661.96,287.74,55.37,49.93,0.80,1,-1
58,9,764.85,298.82,98.22,90.34,0.87,3,-1
59,1,693.12,221.46,35.23,32.93,0.74,1,-1
59,2,662.57,186.84,23.75,21.96,0.64,1,-1
59,3,640.59,208.74,29.20,30.22,0.75,1,-1
59,5,234.88,503.22,188.13,209.63,0.87,1,-1
59,7,734.07,252.58,59.59,62.47,0.79,3,-1
59,8,661.80,285.39,54.22,49.01,0.82,1,-1
59,9,762.15,296.05,94.59,87.75,0.85,3,-1
60,1,692.82,221.39,33.87,31.59,0.73,1,-1
60,2,662.08,186.85,23.75,21.94,0.66,1,-1
60,3,640.39,208.66,29.06,29.97,0.76,1,-1
60,5,222.60,519.14,185.09,203.48,0.84,1,-1
60,7,731.70,251.44,58.80,61.65,0.80,3,-1
60,8,661.59,284.01,52.94,48.04,0.80,1,-1
60,9,758.35,291.84,93.37,87.66,0.82,3,-1
61,1,691.82,220.76,32.60,30.42,0.75,1,-1
61,2,661.62,186.20,23.67,21.94,0.65,1,-1
61,3,640.02,207.98,28.97,29.90,0.72,1,-1
61,5,210.74,549.64,167.41,176.79,0.87,1,-1
61,7,729.57,249.09,56.61,59.38,0.82,3,-1
61,8,660.61,281.62,51.04,46.37,0.78,1,-1
61,9,755.75,288.46,89.11,84.32,0.85,3,-1
62,1,690.85,219.90,31.42,29.32,0.72,1,-1
62,2,661.80,185.96,22.99,21.28,0.64,1,-1
62,3,639.89,207.76,28.95,29.88,0.69,1,-1
62,5,203.22,571.93,154.25,154.78,0.75,1,-1
62,7,727.27,247.65,55.77,58.63,0.81,3,-1
62,8,660.03,278.85,50.25,45.80,0.77,1,-1
62,9,753.19,285.40,86.61,82.56,0.84,3,-1
63,1,689.97,218.95,30.82,28.94,0.73,1,-1
63,2,661.59,185.89,22.66,21.04,0.60,1,-1
63,3,639.85,207.70,28.30,29.22,0.65,1,-1
63,5,199.70,594.58,139.65,131.47,0.59,1,-1
63,7,725.22,245.86,55.46,58.41,0.80,3,-1
63,8,659.17,277.29,49.38,44.95,0.77,1,-1
63,9,750.78,283.12,84.40,81.35,0.84,3,-1
64,1,689.36,217.97,30.61,28.83,0.72,1,-1
64,2,660.86,185.20,23.23,21.62,0.60,1,-1
64,3,639.85,207.04,28.06,28.98,0.60,1,-1
64,7,723.66,243.26,55.89,59.06,0.80,3,-1
64,8,658.17,274.82,49.88,45.36,0.77,1,-1
64,9,749.00,281.10,81.79,79.66,0.83,3,-1
65,1,687.86,216.98,30.51,28.80,0.75,1,-1
65,2,660.92,184.96,22.80,21.18,0.61,1,-1
65,3,639.57,205.48,27.88,28.90,0.55,1,-1
65,7,721.18,241.04,54.71,58.00,0.79,3,-1
65,8,657.22,272.00,48.66,44.20,0.78,1,-1
65,9,746.06,277.13,79.10,77.79,0.83,3,-1
66,1,686.79,215.99,30.26,28.81,0.74,1,-1
66,2,660.67,184.88,22.56,21.02,0.59,1,-1
66,3,639.49,204.93,27.12,28.21,0.61,1,-1
66,7,720.57,240.32,52.59,55.64,0.79,3,-1
66,8,656.61,269.74,48.18,43.80,0.77,1,-1
66,9,744.01,274.49,77.13,76.53,0.83,3,-1
67,1,686.81,215.66,29.44,28.16,0.75,1,-1
67,2,660.32,184.20,22.36,20.96,0.58,1,-1
67,3,639.22,204.08,27.36,28.64,0.61,1,-1
67,7,719.45,239.47,51.16,54.13,0.78,3,-1
67,8,656.40,269.02,46.74,42.34,0.74,1,-1
67,9,741.78,273.69,74.37,74.13,0.81,3,-1
68,1,685.85,214.91,29.17,27.93,0.76,1,-1
68,2,660.25,183.96,22.21,20.95,0.56,1,-1
68,3,639.45,203.79,26.81,28.14,0.58,1,-1
68,7,718.44,238.57,50.05,52.96,0.78,3,-1
68,8,655.74,267.52,46.15,41.84,0.74,1,-1
68,9,739.27,270.83,73.79,74.04,0.84,3,-1
69,1,684.57,213.33,29.68,28.53,0.79,1,-1
69,3,639.55,203.71,25.93,27.30,0.66,1,-1
69,7,716.11,236.95,49.04,51.91,0.76,3,-1
69,8,654.19,265.05,45.96,41.69,0.73,1,-1
69,9,736.59,267.89,71.35,72.04,0.77,3,-1
70,1,683.52,212.11,29.12,28.10,0.79,1,-1
70,3,638.95,203.04,26.23,27.67,0.65,1,-1
70,7,714.56,236.44,48.26,50.90,0.77,3,-1
70,8,654.37,263.56,45.17,40.99,0.73,1,-1
70,9,734.92,265.60,69.54,70.72,0.80,3,-1
71,1,682.81,211.70,28.96,27.95,0.79,1,-1
71,3,639.03,202.81,25.77,27.14,0.63,1,-1
71,7,713.17,234.97,48.48,51.27,0.76,3,-1
71,8,653.81,261.77,44.90,40.76,0.72,1,-1
71,9,733.32,264.22,68.50,70.32,0.81,3,-1
72,1,682.01,210.25,29.41,28.57,0.79,1,-1
72,3,638.49,202.08,26.08,27.63,0.67,1,-1
72,7,711.79,233.14,47.79,50.76,0.74,3,-1
72,8,653.28,260.52,44.19,40.03,0.74,1,-1
72,9,731.00,261.80,67.84,70.24,0.78,3,-1
72,10,1062.10,503.20,219.79,216.60,0.74,2,-1
73,1,679.82,209.08,29.48,28.80,0.77,1,-1
73,3,638.24,201.83,25.68,27.15,0.70,1,-1
73,7,709.77,231.19,46.73,49.95,0.76,3,-1
73,8,652.19,258.81,42.44,38.44,0.72,1,-1
73,9,728.39,259.01,65.38,68.26,0.83,3,-1
73,10,1034.04,476.06,247.43,243.89,0.81,2,-1
74,1,678.98,208.68,28.93,28.24,0.76,1,-1
74,3,637.74,201.77,25.02,26.31,0.71,1,-1
74,7,709.47,228.51,46.32,49.68,0.78,3,-1
74,8,651.54,256.92,41.74,37.89,0.70,1,-1
74,9,727.29,257.43,63.04,66.24,0.79,3,-1
74,10,1011.11,456.84,267.11,263.17,0.71,2,-1
75,1,678.71,207.91,28.75,28.03,0.77,1,-1
75,3,637.53,201.09,24.85,26.01,0.72,1,-1
75,7,707.57,226.92,46.55,50.29,0.75,3,-1
75,8,650.99,256.32,40.83,37.05,0.71,1,-1
75,9,725.77,255.62,62.05,65.57,0.75,3,-1
75,10,994.91,442.12,282.21,277.90,0.70,2,-1
76,1,678.93,207.66,28.12,27.29,0.75,1,-1
76,3,637.04,200.86,24.96,25.91,0.72,1,-1
76,7,706.48,227.06,44.90,48.55,0.74,3,-1
76,8,650.53,255.51,40.45,36.77,0.71,1,-1
76,9,724.05,253.71,60.90,64.71,0.74,3,-1
76,10,978.58,428.55,296.42,291.47,0.71,2,-1
77,1,677.69,206.93,27.95,27.02,0.71,1,-1
77,3,636.52,200.80,24.38,25.21,0.71,1,-1
77,7,705.65,226.53,43.30,46.57,0.63,3,-1
77,8,649.42,253.26,40.94,37.37,0.71,1,-1
77,9,722.23,251.76,59.07,63.10,0.81,3,-1
77,10,957.49,410.09,315.74,309.93,0.74,2,-1
78,1,677.24,206.70,27.27,26.26,0.69,1,-1
78,3,636.21,200.80,23.76,24.29,0.74,1,-1
78,7,703.82,225.04,43.23,46.57,0.67,3,-1
78,8,648.70,251.16,41.15,37.61,0.74,1,-1
78,9,720.79,249.80,58.21,62.58,0.82,3,-1
78,10,942.76,397.63,329.20,322.39,0.78,2,-1
79,1,677.39,206.65,26.49,25.32,0.69,1,-1
79,3,636.14,200.81,23.49,23.97,0.76,1,-1
79,7,703.20,224.55,41.93,45.25,0.56,3,-1
79,8,647.53,249.78,41.12,37.72,0.75,1,-1
79,9,720.02,249.18,55.92,60.41,0.81,3,-1
79,10,931.82,388.80,339.06,331.22,0.74,2,-1
80,1,676.46,205.99,26.22,24.98,0.63,1,-1
80,3,636.10,200.16,23.44,23.87,0.74,1,-1
80,7,701.14,223.76,41.90,45.47,0.63,3,-1
80,8,646.49,248.00,41.05,37.78,0.74,1,-1
80,9,718.56,247.70,55.00,59.68,0.81,3,-1
80,10,922.04,380.10,348.80,339.91,0.73,2,-1
80,2,657.06,179.99,20.83,20.02,0.53,1,-1
81,1,675.26,204.43,25.89,24.87,0.65,1,-1
81,3,635.13,199.26,24.02,24.51,0.76,1,-1
81,7,699.06,222.18,41.34,44.91,0.59,3,-1
81,8,646.51,246.08,39.63,36.49,0.73,1,-1
81,9,715.74,245.21,54.05,58.79,0.78,3,-1
81,10,906.41,366.91,362.69,352.46,0.76,2,-1
81,2,656.99,179.89,20.10,19.29,0.59,1,-1
82,1,674.83,203.88,25.17,24.18,0.67,1,-1
82,3,635.08,198.94,23.66,24.10,0.76,1,-1
82,7,697.78,220.97,40.94,44.74,0.65,3,-1
82,8,646.56,244.77,39.11,36.02,0.71,1,-1
82,9,714.25,243.72,53.50,58.52,0.75,3,-1
82,10,897.42,360.24,371.17,359.52,0.74,2,-1
82,2,656.41,179.19,20.31,19.73,0.56,1,-1
83,1,674.11,203.04,25.43,24.61,0.70,1,-1
83,3,634.78,198.17,24.12,24.62,0.74,1,-1
83,7,696.79,220.57,41.33,45.37,0.65,3,-1
83,8,645.65,243.68,38.84,35.86,0.71,1,-1
83,9,712.55,241.23,53.80,59.14,0.71,3,-1
83,10,890.18,355.54,377.40,363.72,0.77,2,-1
84,1,673.26,202.75,25.43,24.78,0.72,1,-1
84,3,634.41,197.90,24.18,24.82,0.71,1,-1
84,7,696.34,220.47,41.09,45.62,0.68,3,-1
84,8,645.68,242.68,38.08,35.15,0.71,1,-1
84,9,710.91,240.39,53.46,58.74,0.70,3,-1
84,10,882.69,350.32,385.23,369.40,0.77,2,-1
85,1,672.34,201.35,26.03,25.52,0.75,1,-1
85,3,633.94,197.16,24.22,24.90,0.74,1,-1
85,7,693.33,219.81,51.48,58.35,0.52,3,-1
85,8,645.05,241.03,37.82,34.90,0.73,1,-1
85,9,707.70,236.81,53.39,58.63,0.64,3,-1
85,10,872.68,339.68,392.03,373.78,0.78,2,-1
85,2,656.56,178.01,19.58,19.10,0.60,1,-1
86,1,672.07,200.19,26.17,25.80,0.76,1,-1
86,3,634.05,196.89,23.67,24.27,0.72,1,-1
86,8,644.16,239.82,37.75,34.83,0.73,1,-1
86,9,707.44,234.90,53.03,58.62,0.69,3,-1
86,10,862.94,332.05,387.50,367.99,0.78,2,-1
86,2,656.66,177.88,19.42,19.01,0.59,1,-1
87,1,671.66,200.44,25.58,25.25,0.76,1,-1
87,3,634.48,196.82,23.41,24.04,0.73,1,-1
87,8,643.29,238.76,37.55,34.82,0.72,1,-1
87,9,705.66,234.93,51.79,57.31,0.63,3,-1
87,10,854.80,326.96,372.80,352.81,0.77,2,-1
87,2,656.04,177.17,19.34,18.98,0.59,1,-1
88,1,671.26,199.91,25.25,25.04,0.78,1,-1
88,3,634.09,196.80,23.10,23.96,0.65,1,-1
88,8,643.06,238.42,36.68,34.16,0.73,1,-1
88,9,705.33,234.37,50.19,55.51,0.69,3,-1
88,10,846.98,323.54,355.99,335.89,0.71,2,-1
88,2,655.83,176.92,19.29,18.97,0.58,1,-1
89,1,670.51,199.74,25.06,24.97,0.76,1,-1
89,3,634.19,196.15,22.52,23.27,0.71,1,-1
89,8,642.37,237.02,36.29,33.93,0.73,1,-1
89,9,702.97,232.89,49.55,54.88,0.63,3,-1
89,10,836.26,316.03,329.81,310.44,0.71,2,-1
89,2,655.50,176.18,19.13,18.97,0.60,1,-1
89,7,695.39,221.38,56.28,64.24,0.50,3,-1
90,1,669.91,199.70,25.03,24.95,0.77,1,-1
90,3,633.83,195.92,22.44,23.02,0.75,1,-1
90,8,641.82,236.56,35.47,33.19,0.73,1,-1
90,9,702.17,231.74,48.69,54.01,0.65,3,-1
90,10,829.58,313.77,308.66,289.78,0.78,2,-1
90,2,654.76,175.92,19.00,18.97,0.58,1,-1
91,1,669.62,199.71,23.88,23.62,0.80,1,-1
91,3,632.71,195.18,22.41,22.93,0.73,1,-1
91,8,641.27,235.77,35.26,32.93,0.73,1,-1
91,10,821.48,307.19,297.00,278.91,0.74,2,-1
91,2,654.52,175.83,18.90,18.98,0.55,1,-1
91,7,695.61,221.83,54.56,62.60,0.65,3,-1
92,1,668.91,199.06,24.04,23.80,0.80,1,-1
92,3,632.28,194.92,21.79,22.24,0.70,1,-1
92,8,641.76,234.86,34.53,32.18,0.73,1,-1
92,10,816.87,303.83,283.61,266.24,0.80,2,-1
92,2,654.09,175.82,18.91,18.98,0.53,1,-1
92,9,701.06,229.60,47.52,53.03,0.66,3,-1
93,1,667.73,198.18,23.99,23.87,0.71,1,-1
93,3,632.22,193.49,22.06,22.67,0.75,1,-1
93,8,640.30,232.55,34.93,32.59,0.74,1,-1
93,10,808.56,298.88,264.98,248.74,0.81,2,-1
93,9,699.17,228.60,46.31,51.64,0.55,3,-1
94,1,667.92,197.87,23.44,23.23,0.71,1,-1
94,3,632.52,192.99,21.53,22.17,0.76,1,-1
94,8,640.17,231.08,34.98,32.75,0.73,1,-1
94,10,803.84,297.53,250.58,235.07,0.82,2,-1
94,11,622.02,166.00,25.17,24.20,0.66,1,-1
94,7,692.56,220.30,51.97,59.54,0.61,3,-1
95,1,667.04,197.11,23.19,23.00,0.72,1,-1
95,3,632.66,192.83,21.32,21.98,0.75,1,-1
95,8,639.82,229.92,34.33,32.16,0.72,1,-1
95,10,799.08,294.59,241.85,227.13,0.82,2,-1
95,11,622.02,166.00,25.01,24.04,0.66,1,-1
95,7,689.44,213.81,55.63,64.63,0.71,3,-1
95,2,653.39,175.81,18.20,18.15,0.54,1,-1
96,1,666.75,196.85,23.09,22.93,0.68,1,-1
96,3,632.16,192.11,21.70,22.59,0.72,1,-1
96,8,639.43,229.54,33.99,31.95,0.71,1,-1
96,10,795.63,291.05,233.04,219.14,0.83,2,-1
96,11,621.64,166.00,24.93,23.99,0.69,1,-1
96,7,689.27,213.01,54.43,63.68,0.64,3,-1
96,2,653.30,175.87,18.19,18.02,0.50,1,-1
97,1,665.33,195.44,23.06,22.91,0.61,1,-1
97,3,632.33,191.21,21.81,22.82,0.72,1,-1
97,8,639.05,228.12,33.73,31.89,0.73,1,-1
97,10,788.69,285.20,222.36,209.74,0.87,2,-1
97,11,621.14,166.00,24.92,23.98,0.69,1,-1
97,7,689.89,213.39,52.03,61.32,0.70,3,-1
97,2,651.90,175.22,18.91,18.65,0.51,1,-1
98,1,664.17,194.27,23.71,23.57,0.61,1,-1
98,3,632.43,190.88,21.81,22.91,0.71,1,-1
98,8,638.68,226.96,34.15,32.54,0.74,1,-1
98,10,783.81,280.62,214.14,202.63,0.86,2,-1
98,11,620.99,166.00,24.92,23.98,0.70,1,-1
98,2,650.99,174.98,19.33,18.88,0.52,1,-1
98,12,758.15,582.80,227.69,136.40,0.88,1,-1
98,9,690.87,219.04,47.91,53.79,0.66,3,-1
99,1,664.14,193.20,23.86,23.83,0.71,1,-1
99,3,631.85,190.12,22.39,23.61,0.72,1,-1
99,8,638.93,226.57,33.56,32.13,0.72,1,-1
99,10,778.68,277.18,208.71,198.41,0.85,2,-1
99,11,620.29,166.00,24.82,23.98,0.70,1,-1
99,12,739.98,569.58,246.94,148.73,0.88,1,-1
99,9,689.80,217.73,47.84,54.00,0.70,3,-1
100,1,663.52,192.82,23.86,23.92,0.70,1,-1
100,3,631.38,189.20,22.47,23.87,0.66,1,-1
100,8,638.78,225.15,33.87,32.65,0.69,1,-1
100,10,775.87,273.42,201.46,192.42,0.87,2,-1
100,11,620.09,166.00,24.72,23.99,0.70,1,-1
100,12,716.78,552.29,270.99,164.96,0.86,1,-1
100,9,690.70,218.60,45.29,51.44,0.67,3,-1
101,1,662.59,192.70,23.34,23.30,0.67,1,-1
101,3,631.14,189.52,21.99,23.32,0.69,1,-1
101,8,638.44,223.34,33.28,32.18,0.69,1,-1
101,10,771.86,269.56,189.99,182.33,0.89,2,-1
101,11,620.08,166.00,24.61,23.99,0.69,1,-1
101,12,705.83,527.01,263.10,162.29,0.87,1,-1
101,9,687.68,217.02,45.85,51.79,0.76,3,-1
102,1,662.91,192.69,22.53,22.40,0.67,1,-1
102,3,631.32,189.67,21.28,22.44,0.68,1,-1
102,8,638.45,222.04,33.49,32.68,0.66,1,-1
102,10,767.75,267.05,183.29,177.03,0.91,2,-1
102,11,620.43,166.00,23.87,23.31,0.69,1,-1
102,12,704.96,511.02,245.26,153.44,0.88,1,-1
102,9,686.41,215.82,45.80,51.26,0.75,3,-1
103,3,631.75,189.75,20.98,22.11,0.67,1,-1
103,8,637.59,220.27,34.00,33.52,0.67,1,-1
103,10,766.38,264.97,176.10,170.64,0.90,2,-1
103,11,620.59,166.00,23.57,23.06,0.68,1,-1
103,12,703.71,498.39,227.68,144.87,0.84,1,-1
103,9,684.07,213.44,46.99,52.39,0.78,3,-1
104,3,631.63,189.79,20.79,21.99,0.61,1,-1
104,8,637.66,220.30,33.42,33.19,0.69,1,-1
104,10,763.75,263.06,171.81,167.33,0.90,2,-1
104,11,621.35,166.68,22.76,22.30,0.64,1,-1
104,12,700.88,484.87,217.41,141.00,0.86,1,-1
104,9,681.56,208.66,49.51,55.44,0.81,3,-1
105,8,637.78,219.05,32.41,32.40,0.71,1,-1
105,10,759.83,259.78,162.52,158.86,0.89,2,-1
105,11,621.04,166.25,22.98,22.71,0.58,1,-1
105,12,698.61,468.26,198.41,131.29,0.84,1,-1
105,9,679.76,206.25,49.64,55.94,0.77,3,-1
106,8,637.89,218.63,31.25,31.43,0.73,1,-1
106,10,757.58,257.42,156.93,154.10,0.88,2,-1
106,11,621.29,166.09,22.35,22.19,0.57,1,-1
106,12,698.12,456.12,185.01,124.97,0.86,1,-1
106,9,678.04,204.08,49.92,56.77,0.81,3,-1
107,8,638.00,217.85,30.06,30.41,0.72,1,-1
107,10,755.64,256.06,151.74,149.26,0.88,2,-1
107,11,621.41,166.03,22.06,22.00,0.57,1,-1
107,12,697.39,446.98,173.25,119.36,0.85,1,-1
107,9,678.04,203.97,48.80,55.77,0.81,3,-1
108,8,637.81,217.61,29.44,30.04,0.72,1,-1
108,10,753.65,254.35,147.67,145.76,0.88,2,-1
108,11,621.87,166.01,21.82,21.94,0.54,1,-1
108,12,697.62,438.86,164.15,115.43,0.86,1,-1
108,9,677.04,202.71,49.21,56.68,0.80,3,-1
109,8,637.05,216.89,28.62,29.24,0.73,1,-1
109,10,750.84,253.18,140.73,139.27,0.85,2,-1
109,11,621.91,166.00,21.33,21.25,0.57,1,-1
109,12,695.74,425.48,152.41,109.31,0.87,1,-1
109,9,676.36,202.28,48.09,55.71,0.81,3,-1
110,8,636.60,215.99,28.69,29.64,0.75,1,-1
110,10,747.06,250.84,136.88,135.87,0.85,2,-1
110,11,621.58,165.32,21.84,21.68,0.55,1,-1
110,12,694.52,416.51,143.94,105.22,0.86,1,-1
110,9,675.30,201.54,47.41,55.32,0.83,3,-1
111,8,636.43,215.69,28.09,29.12,0.76,1,-1
111,10,745.02,248.74,134.05,133.53,0.86,2,-1
111,11,621.43,165.08,22.08,21.84,0.55,1,-1
111,12,693.76,409.77,136.77,101.87,0.86,1,-1
111,9,674.76,200.66,46.87,55.16,0.83,3,-1
112,8,636.40,215.62,27.17,28.27,0.77,1,-1
112,10,743.71,247.42,130.64,130.18,0.87,2,-1
112,11,621.36,164.99,22.21,21.91,0.54,1,-1
112,12,692.99,403.07,130.38,98.77,0.87,1,-1
112,9,674.68,200.39,45.87,54.44,0.80,3,-1
113,8,635.77,214.96,27.45,28.65,0.80,1,-1
113,10,740.86,244.31,126.49,126.46,0.85,2,-1
113,11,621.60,164.96,21.73,21.27,0.56,1,-1
113,12,691.86,392.89,121.47,93.69,0.86,1,-1
113,9,675.00,200.34,44.24,52.83,0.81,3,-1
114,8,635.85,214.74,26.96,28.13,0.80,1,-1
114,10,738.14,241.94,124.12,124.67,0.83,2,-1
114,11,621.27,164.95,21.72,21.04,0.56,1,-1
114,12,689.86,384.25,118.01,92.78,0.85,1,-1
114,9,675.20,200.39,42.91,51.55,0.79,3,-1
114,13,983.10,592.20,291.61,126.00,0.78,1,-1
115,8,635.51,214.02,26.90,27.94,0.81,1,-1
115,10,736.38,239.83,121.88,122.84,0.82,2,-1
115,11,621.09,164.96,21.17,20.29,0.56,1,-1
115,12,689.42,378.86,112.59,89.83,0.83,1,-1
115,9,675.82,201.80,40.75,49.08,0.71,3,-1
115,13,950.07,580.26,318.75,138.53,0.83,1,-1
116,8,635.64,213.78,26.39,27.22,0.82,1,-1
116,10,734.62,238.49,118.31,119.63,0.81,2,-1
116,11,620.59,164.96,21.18,20.02,0.53,1,-1
116,12,687.99,373.97,108.26,87.55,0.84,1,-1
116,9,674.95,200.33,40.89,49.53,0.73,3,-1
116,13,915.77,564.93,342.36,150.47,0.83,1,-1
117,8,635.36,212.37,26.22,26.96,0.79,1,-1
117,10,731.78,236.74,114.38,115.92,0.83,2,-1
117,11,620.61,164.96,21.44,19.93,0.50,1,-1
117,12,686.21,365.05,104.24,85.51,0.83,1,-1
117,9,675.77,201.17,38.73,47.03,0.71,3,-1
117,13,895.75,540.84,320.31,142.73,0.79,1,-1
118,8,634.96,211.21,26.12,26.88,0.78,1,-1
118,10,730.27,235.54,112.33,114.07,0.83,2,-1
118,12,686.44,359.52,100.16,82.85,0.84,1,-1
118,9,675.96,202.21,36.92,44.75,0.64,3,-1
118,13,885.04,522.42,300.43,136.15,0.86,1,-1
119,8,635.12,210.14,26.17,26.86,0.77,1,-1
119,10,728.33,233.82,109.98,112.20,0.82,2,-1
119,12,686.34,355.87,94.70,78.60,0.82,1,-1
119,9,675.49,201.93,36.73,44.65,0.63,3,-1
119,13,879.11,508.92,278.65,128.71,0.80,1,-1
120,8,634.78,209.78,25.68,26.20,0.75,1,-1
120,10,727.38,232.61,106.62,108.94,0.81,2,-1
120,12,683.06,350.84,92.78,77.93,0.79,1,-1
120,9,675.03,201.85,35.95,43.96,0.67,3,-1
120,13,873.12,497.20,261.13,123.21,0.84,1,-1
121,8,634.90,209.01,25.03,25.29,0.77,1,-1
121,10,725.43,230.90,103.54,105.87,0.82,2,-1
121,12,680.43,343.85,89.19,75.73,0.85,1,-1
121,9,674.26,200.48,35.59,43.74,0.67,3,-1
121,13,864.11,479.76,238.36,114.99,0.85,1,-1
122,8,634.32,208.08,25.41,25.65,0.77,1,-1
122,10,724.84,229.68,101.19,103.54,0.82,2,-1
122,12,679.30,339.62,85.94,73.70,0.83,1,-1
122,9,674.14,200.67,34.53,42.34,0.62,3,-1
122,13,857.92,467.34,221.48,109.34,0.84,1,-1
123,8,634.00,207.77,25.10,25.12,0.77,1,-1
123,10,722.88,228.64,99.40,102.16,0.82,2,-1
123,12,676.98,334.99,84.18,73.09,0.83,1,-1
123,9,674.91,202.80,32.59,39.82,0.58,3,-1
123,13,854.57,457.41,207.17,104.71,0.85,1,-1
124,8,633.27,207.69,24.92,24.93,0.75,1,-1
124,10,720.72,226.98,97.88,101.11,0.84,2,-1
124,12,676.93,332.23,80.27,70.24,0.83,1,-1
124,9,671.38,198.77,35.46,43.08,0.72,3,-1
124,13,851.12,448.31,193.01,99.73,0.86,1,-1
125,8,633.00,207.01,24.86,24.88,0.74,1,-1
125,10,718.40,224.41,95.95,99.49,0.85,2,-1
125,12,676.01,326.74,76.92,67.95,0.85,1,-1
125,9,668.34,195.44,37.47,45.50,0.73,3,-1
125,13,843.24,435.26,179.16,94.65,0.85,1,-1
126,8,632.53,206.79,24.28,24.20,0.72,1,-1
126,10,717.35,222.19,94.60,98.33,0.83,2,-1
126,12,674.55,322.31,74.88,66.55,0.84,1,-1
126,9,667.70,195.47,36.62,44.49,0.75,3,-1
126,13,839.25,426.44,167.17,90.26,0.85,1,-1
127,8,632.63,206.74,23.55,23.29,0.69,1,-1
127,10,715.75,220.78,92.77,96.66,0.80,2,-1
127,12,673.27,318.23,73.93,66.15,0.84,1,-1
127,9,666.89,194.21,36.84,44.77,0.75,3,-1
127,13,833.38,418.38,160.80,88.93,0.84,1,-1
128,8,632.64,206.06,23.39,22.97,0.66,1,-1
128,10,714.22,220.35,90.87,94.79,0.82,2,-1
128,12,672.42,315.62,71.90,64.73,0.83,1,-1
128,9,665.12,192.45,37.95,46.19,0.70,3,-1
128,13,830.41,411.18,153.25,86.53,0.85,1,-1
129,8,631.92,205.17,24.12,23.54,0.60,1,-1
129,10,712.39,219.58,88.25,92.18,0.80,2,-1
129,12,672.03,310.83,68.88,62.25,0.83,1,-1
129,9,664.60,191.17,38.14,46.73,0.69,3,-1
129,13,822.46,399.46,146.21,84.46,0.84,1,-1
130,8,632.01,204.86,23.70,23.09,0.63,1,-1
130,10,711.16,218.70,86.68,90.64,0.80,2,-1
130,12,671.40,307.98,67.00,60.77,0.84,1,-1
130,9,664.69,191.36,37.07,45.63,0.65,3,-1
130,13,818.08,392.34,137.61,81.10,0.82,1,-1
131,8,631.67,204.77,23.68,22.94,0.65,1,-1
131,10,710.69,218.44,85.02,88.82,0.79,2,-1
131,12,671.34,305.79,65.54,59.63,0.83,1,-1
131,9,665.27,192.15,35.65,43.87,0.68,3,-1
131,13,814.58,386.18,132.01,79.37,0.83,1,-1
132,8,630.84,204.76,23.75,22.89,0.66,1,-1
132,10,709.89,217.72,83.90,87.57,0.81,2,-1
132,12,670.46,303.15,64.91,59.30,0.82,1,-1
132,9,664.91,191.15,35.69,43.88,0.65,3,-1
132,13,810.91,380.29,127.59,78.20,0.83,1,-1
133,8,630.52,204.10,23.85,22.88,0.70,1,-1
133,10,707.49,215.49,81.83,85.85,0.78,2,-1
133,12,668.84,299.66,62.04,56.54,0.80,1,-1
133,9,664.75,190.14,35.16,43.23,0.69,3,-1
133,13,805.81,372.41,119.41,74.47,0.81,1,-1
134,8,630.37,203.88,23.95,22.89,0.69,1,-1
134,10,706.68,214.72,79.82,83.95,0.78,2,-1
134,12,666.67,296.54,61.64,56.30,0.81,1,-1
134,9,664.56,190.46,34.60,42.33,0.71,3,-1
134,13,801.58,365.91,115.41,73.28,0.81,1,-1
135,8,629.93,203.81,24.14,22.90,0.65,1,-1
135,10,705.52,214.50,78.33,82.67,0.79,2,-1
135,12,665.73,294.21,60.64,55.59,0.81,1,-1
135,9,664.71,190.61,34.02,41.33,0.66,3,-1
135,13,799.12,361.89,109.82,70.90,0.81,1,-1
136,8,628.76,203.14,24.92,23.57,0.62,1,-1
136,10,704.27,213.12,77.62,82.28,0.79,2,-1
136,12,664.54,290.82,60.14,55.40,0.82,1,-1
136,9,664.67,191.37,33.37,40.30,0.60,3,-1
136,13,796.59,358.10,105.83,69.48,0.81,1,-1
137,8,628.98,202.24,24.56,23.17,0.60,1,-1
137,10,703.17,211.98,76.14,80.86,0.84,2,-1
137,12,662.60,286.36,59.77,55.38,0.82,1,-1
137,13,790.92,350.22,102.31,68.39,0.82,1,-1
138,8,628.79,201.92,24.37,23.02,0.65,1,-1
138,10,702.19,210.94,75.60,80.42,0.84,2,-1
138,12,662.09,284.19,58.05,54.08,0.82,1,-1
138,13,787.53,345.65,98.31,66.73,0.81,1,-1
138,9,661.90,190.86,32.30,39.17,0.55,3,-1
139,8,629.04,201.82,23.68,22.31,0.68,1,-1
139,10,700.94,210.60,74.66,79.64,0.81,2,-1
139,12,661.69,283.57,56.68,52.98,0.83,1,-1
139,13,785.24,342.28,94.26,64.87,0.82,1,-1
139,9,662.01,190.78,31.48,38.34,0.53,3,-1
140,8,629.12,201.80,23.46,22.04,0.67,1,-1
140,10,700.02,209.85,74.07,79.42,0.80,2,-1
140,12,661.69,282.13,54.70,51.27,0.83,1,-1
140,13,783.29,339.33,89.58,62.23,0.80,1,-1
140,9,661.71,190.76,31.23,38.06,0.51,3,-1
141,8,628.77,201.14,23.51,21.95,0.67,1,-1
141,10,699.02,208.28,72.00,77.37,0.77,2,-1
141,12,660.45,279.04,53.24,50.01,0.82,1,-1
141,13,778.46,333.07,87.22,61.39,0.82,1,-1
142,8,628.29,200.24,24.23,22.59,0.67,1,-1
142,10,698.60,207.74,69.47,74.65,0.76,2,-1
142,12,659.07,275.32,54.04,50.97,0.82,1,-1
142,13,774.69,329.71,84.19,59.81,0.83,1,-1
142,14,1066.92,579.60,211.57,139.60,0.85,1,-1
143,8,628.12,199.92,24.52,22.83,0.68,1,-1
143,10,697.65,206.23,68.97,74.40,0.78,2,-1
143,12,658.69,272.73,53.53,50.68,0.81,1,-1
143,13,772.24,326.73,81.79,58.64,0.82,1,-1
143,14,1051.07,567.10,230.16,151.95,0.87,1,-1
144,8,628.05,199.82,24.65,22.93,0.67,1,-1
144,10,696.46,205.05,68.60,74.35,0.79,2,-1
144,12,658.37,271.24,53.19,50.61,0.81,1,-1
144,13,770.21,323.16,80.35,58.30,0.82,1,-1
144,14,1033.66,553.06,249.99,165.20,0.86,1,-1
144,9,661.45,190.75,29.64,36.20,0.50,3,-1
145,8,628.71,200.46,24.02,22.31,0.70,1,-1
145,10,696.02,204.66,67.27,73.05,0.78,2,-1
145,12,658.01,269.46,51.65,49.28,0.82,1,-1
145,13,766.08,318.00,77.60,56.89,0.81,1,-1
145,14,1003.96,529.44,253.93,168.23,0.88,1,-1
145,9,661.80,191.53,28.94,35.31,0.60,3,-1
146,8,628.96,200.72,23.79,22.07,0.68,1,-1
146,10,694.86,204.56,66.22,71.94,0.80,2,-1
146,12,657.98,268.93,50.33,48.14,0.82,1,-1
146,13,764.04,315.00,75.46,55.77,0.81,1,-1
146,14,985.95,514.21,247.51,164.64,0.85,1,-1
146,9,662.29,191.78,28.63,35.02,0.62,3,-1
146,15,789.48,609.60,219.63,109.40,0.75,1,-1
147,8,628.07,200.16,24.35,22.65,0.63,1,-1
147,10,694.47,204.56,65.24,70.91,0.80,2,-1
147,12,657.97,268.18,48.61,46.41,0.81,1,-1
147,13,762.79,313.44,72.78,54.07,0.82,1,-1
147,14,973.35,502.43,235.47,157.34,0.88,1,-1
147,9,661.88,191.21,29.05,35.59,0.60,3,-1
147,15,762.67,591.51,254.44,127.49,0.82,1,-1
148,8,628.44,200.62,23.81,22.21,0.64,1,-1
148,10,693.81,204.60,64.72,70.59,0.80,2,-1
148,12,657.99,267.33,48.07,45.82,0.80,1,-1
148,13,760.68,311.73,71.51,53.53,0.82,1,-1
148,14,961.04,490.57,225.81,151.62,0.85,1,-1
148,9,662.26,191.67,28.84,35.15,0.61,3,-1
148,15,737.39,576.26,281.79,142.74,0.85,1,-1
149,8,628.69,200.14,24.10,22.71,0.59,1,-1
149,10,693.88,205.31,62.67,68.49,0.80,2,-1
149,12,656.66,265.76,47.24,44.96,0.79,1,-1
149,13,757.80,308.57,68.89,52.03,0.79,1,-1
149,14,946.45,475.90,208.15,140.48,0.86,1,-1
149,9,662.10,191.85,28.74,34.99,0.55,3,-1
149,15,720.68,551.89,280.29,144.18,0.85,1,-1
150,8,629.15,199.97,23.47,22.24,0.58,1,-1
150,10,693.02,205.61,61.80,67.77,0.80,2,-1
150,12,656.20,264.59,46.32,44.01,0.78,1,-1
150,13,755.72,304.87,67.71,51.55,0.80,1,-1
150,14,934.72,464.38,196.83,133.56,0.86,1,-1
150,9,661.99,191.92,28.15,34.27,0.51,3,-1
150,15,716.27,534.07,263.18,137.79,0.82,1,-1
151,8,629.36,199.92,23.16,22.06,0.55,1,-1
151,10,692.41,205.06,61.50,67.55,0.79,2,-1
151,12,656.04,263.57,46.06,43.71,0.77,1,-1
151,13,753.90,302.34,67.05,51.43,0.80,1,-1
151,14,925.35,453.98,188.90,129.12,0.89,1,-1
151,15,714.57,518.57,249.70,133.40,0.86,1,-1
152,8,629.47,200.57,22.99,21.99,0.59,1,-1
152,10,691.41,204.21,61.72,68.18,0.79,2,-1
152,12,655.70,262.60,45.94,43.63,0.76,1,-1
152,13,751.87,300.21,66.51,51.43,0.82,1,-1
152,14,916.82,446.75,179.29,123.48,0.85,1,-1
152,15,714.93,507.47,230.77,126.07,0.79,1,-1
152,9,661.24,191.93,27.72,34.00,0.55,3,-1
153,8,629.17,200.82,22.28,21.31,0.55,1,-1
153,10,690.74,203.91,60.50,67.12,0.76,2,-1
153,12,654.96,260.97,45.21,42.96,0.78,1,-1
153,13,750.01,298.23,62.80,48.79,0.81,1,-1
153,14,904.89,435.06,167.45,116.02,0.86,1,-1
153,15,712.01,488.33,211.68,118.32,0.82,1,-1
153,9,661.39,191.93,27.07,33.32,0.54,3,-1
154,8,629.05,200.25,22.71,21.73,0.51,1,-1
154,10,690.57,203.82,59.33,66.09,0.74,2,-1
154,12,654.13,259.09,44.77,42.75,0.78,1,-1
154,13,748.69,297.01,60.39,47.18,0.79,1,-1
154,14,896.21,426.66,160.56,112.14,0.85,1,-1
154,15,712.35,475.97,193.35,110.57,0.84,1,-1
155,8,629.00,200.04,22.87,21.88,0.52,1,-1
155,10,689.93,203.13,58.81,65.74,0.74,2,-1
155,12,653.61,257.13,45.13,43.37,0.78,1,-1
155,13,746.96,295.34,59.61,46.66,0.78,1,-1
155,14,889.35,420.06,154.67,108.86,0.88,1,-1
155,15,709.04,466.09,182.89,107.10,0.82,1,-1
156,8,628.70,199.97,22.84,21.94,0.51,1,-1
156,10,689.66,202.89,58.11,64.98,0.73,2,-1
156,12,652.86,255.79,44.44,42.95,0.78,1,-1
156,13,745.13,292.82,59.98,47.19,0.77,1,-1
156,14,883.88,414.07,148.27,105.10,0.84,1,-1
156,15,709.69,457.69,170.89,102.47,0.83,1,-1
157,10,689.25,202.83,56.56,63.38,0.75,2,-1
157,12,652.70,254.70,42.68,41.48,0.77,1,-1
157,13,742.05,288.65,59.80,47.42,0.78,1,-1
157,14,873.96,404.81,139.04,99.07,0.86,1,-1
157,15,707.10,443.57,157.27,96.71,0.84,1,-1
158,10,689.13,202.82,55.34,62.16,0.76,2,-1
158,12,653.04,254.38,41.34,40.28,0.77,1,-1
158,13,740.55,286.55,58.71,46.87,0.80,1,-1
158,14,866.61,397.86,135.13,97.14,0.86,1,-1
158,15,705.09,433.67,149.28,94.08,0.81,1,-1
159,10,688.48,202.16,54.86,61.75,0.77,2,-1
159,12,652.53,253.65,40.81,39.87,0.77,1,-1
159,13,739.24,285.22,57.40,46.03,0.80,1,-1
159,14,861.43,392.35,129.66,93.85,0.88,1,-1
159,15,704.70,425.21,140.36,90.49,0.85,1,-1
160,10,688.26,201.93,54.04,60.96,0.77,2,-1
160,12,652.40,252.76,40.60,39.74,0.77,1,-1
160,13,737.30,283.51,56.74,45.76,0.78,1,-1
160,14,856.19,387.37,125.37,91.47,0.87,1,-1
160,15,704.22,417.96,132.49,87.25,0.83,1,-1
161,10,688.47,201.86,52.59,59.36,0.76,2,-1
161,12,652.30,251.82,40.00,39.05,0.76,1,-1
161,13,736.23,281.64,54.74,44.34,0.77,1,-1
161,14,849.38,379.76,118.93,87.33,0.87,1,-1
161,15,701.51,406.24,125.09,84.16,0.79,1,-1
162,10,688.29,201.85,51.98,58.81,0.76,2,-1
162,12,651.59,250.85,39.86,38.82,0.77,1,-1
162,13,735.31,280.40,53.29,43.17,0.77,1,-1
162,14,842.86,374.00,115.57,85.33,0.87,1,-1
162,15,699.77,398.46,119.20,81.80,0.81,1,-1
163,10,686.58,201.18,52.43,59.31,0.75,2,-1
163,12,651.32,249.87,39.89,38.76,0.75,1,-1
163,13,734.13,278.69,53.33,43.46,0.77,1,-1
163,14,838.66,368.84,112.22,83.39,0.85,1,-1
163,15,698.53,393.44,112.09,78.33,0.81,1,-1
164,10,685.93,200.95,52.01,58.86,0.76,2,-1
164,12,650.91,248.22,40.56,39.42,0.77,1,-1
164,13,731.87,276.14,53.82,44.26,0.79,1,-1
164,14,834.49,364.59,109.75,82.16,0.85,1,-1
164,15,696.62,385.94,110.40,78.62,0.79,1,-1
164,9,660.53,191.95,25.84,32.03,0.53,3,-1
165,10,685.41,200.88,51.18,58.05,0.76,2,-1
165,12,650.13,246.33,40.13,39.02,0.73,1,-1
165,13,729.65,273.28,52.28,43.25,0.78,1,-1
165,14,828.18,358.58,104.26,78.41,0.86,1,-1
165,15,694.78,376.80,104.36,75.39,0.80,1,-1
166,10,685.23,200.86,50.23,57.11,0.77,2,-1
166,12,649.57,244.33,39.89,38.89,0.73,1,-1
166,13,729.03,272.31,50.17,41.55,0.79,1,-1
166,14,823.25,353.32,103.74,78.60,0.86,1,-1
166,15,694.71,372.62,98.87,72.28,0.77,1,-1
167,10,684.94,200.87,49.75,56.79,0.77,2,-1
167,12,649.70,243.64,39.17,38.18,0.72,1,-1
167,13,728.30,271.39,48.59,40.27,0.80,1,-1
167,14,819.23,348.96,101.20,77.38,0.84,1,-1
167,15,693.93,368.11,94.81,69.90,0.79,1,-1
168,10,684.87,200.88,48.89,56.04,0.77,2,-1
168,12,649.48,242.77,38.82,37.94,0.72,1,-1
168,13,727.53,270.47,47.86,39.84,0.80,1,-1
168,14,816.48,344.94,98.20,75.69,0.85,1,-1
168,15,692.46,364.13,92.10,68.49,0.79,1,-1
169,10,684.54,200.23,48.59,55.78,0.75,2,-1
169,12,649.45,241.83,37.29,36.52,0.74,1,-1
169,13,726.03,268.86,47.51,39.71,0.79,1,-1
169,14,810.42,340.35,95.02,73.82,0.83,1,-1
169,15,690.54,357.55,86.08,64.65,0.78,1,-1
170,10,683.79,199.99,48.45,55.71,0.74,2,-1
170,12,648.80,240.87,37.39,36.69,0.74,1,-1
170,13,724.54,267.67,47.40,39.69,0.79,1,-1
170,14,806.83,336.90,91.88,71.87,0.83,1,-1
170,15,688.14,352.13,85.10,64.81,0.81,1,-1
171,10,682.88,199.25,48.38,55.71,0.73,2,-1
171,12,648.89,240.56,36.81,36.09,0.74,1,-1
171,13,723.41,266.63,47.35,39.70,0.79,1,-1
171,14,804.39,333.86,88.94,69.90,0.84,1,-1
171,15,685.87,347.04,83.11,64.24,0.79,1,-1
172,10,682.68,198.98,48.15,55.73,0.74,2,-1
172,12,648.65,239.82,36.54,35.89,0.75,1,-1
172,13,722.74,265.65,46.63,39.06,0.79,1,-1
172,14,801.63,330.95,87.50,69.29,0.86,1,-1
172,15,684.62,342.78,80.21,62.76,0.81,1,-1
173,10,682.37,198.89,47.27,55.10,0.73,2,-1
173,12,648.30,238.92,36.32,35.83,0.74,1,-1
173,13,721.27,264.01,45.63,38.18,0.78,1,-1
173,14,796.80,326.70,84.31,67.11,0.83,1,-1
173,15,683.09,336.77,77.62,61.64,0.82,1,-1
174,10,681.94,198.87,46.28,54.21,0.73,2,-1
174,12,647.84,238.63,36.27,35.82,0.74,1,-1
174,13,720.54,262.80,44.44,37.20,0.76,1,-1
174,14,794.20,324.02,81.36,65.04,0.83,1,-1
174,15,681.22,332.83,76.27,61.31,0.83,1,-1
175,10,681.82,198.88,45.23,53.23,0.72,2,-1
175,12,647.32,238.56,35.66,35.17,0.74,1,-1
175,13,719.61,261.08,44.81,37.54,0.77,1,-1
175,14,791.99,321.90,79.30,63.70,0.81,1,-1
175,15,680.64,329.61,73.16,59.22,0.84,1,-1
176,10,682.10,198.89,44.26,52.22,0.70,2,-1
176,12,647.13,237.91,35.47,34.94,0.72,1,-1
176,13,719.00,260.50,44.26,37.01,0.77,1,-1
176,14,788.79,318.59,79.10,63.98,0.82,1,-1
176,15,680.09,327.37,71.03,57.86,0.79,1,-1
177,10,681.59,198.23,43.86,51.87,0.67,2,-1
177,12,647.07,237.70,34.09,33.53,0.75,1,-1
177,13,716.60,258.34,43.84,36.84,0.77,1,-1
177,14,784.33,314.84,77.26,62.79,0.82,1,-1
177,15,678.58,322.71,68.39,56.07,0.79,1,-1
178,10,681.64,198.66,42.61,50.42,0.67,2,-1
178,12,646.66,237.66,33.71,33.02,0.74,1,-1
178,13,715.82,256.93,43.59,36.79,0.78,1,-1
178,14,781.83,312.29,74.04,60.40,0.82,1,-1
178,15,677.94,319.21,66.57,54.82,0.79,1,-1
179,10,681.68,198.84,42.15,49.91,0.67,2,-1
179,12,646.49,237.00,34.35,33.53,0.74,1,-1
179,13,715.31,256.47,42.74,36.13,0.78,1,-1
179,14,780.60,310.87,72.00,58.91,0.82,1,-1
179,15,678.00,316.80,64.22,53.07,0.79,1,-1
180,10,681.96,198.91,41.51,49.08,0.68,2,-1
180,12,646.69,236.78,34.08,33.06,0.73,1,-1
180,13,714.18,255.69,43.09,36.57,0.80,1,-1
180,14,778.79,309.84,70.33,57.77,0.82,1,-1
180,15,677.56,315.47,62.53,51.83,0.79,1,-1
181,10,681.39,198.94,41.32,48.80,0.66,2,-1
181,12,646.73,236.73,33.41,32.23,0.73,1,-1
181,13,714.24,255.45,41.71,35.41,0.78,1,-1
181,14,775.06,306.88,69.47,57.42,0.81,1,-1
181,15,676.33,313.14,59.49,49.40,0.80,1,-1
181,16,1028.84,604.00,265.12,115.20,0.79,1,-1
182,10,680.89,198.95,41.21,48.72,0.66,2,-1
182,12,646.72,236.73,32.59,31.26,0.73,1,-1
182,13,713.32,254.75,41.88,35.67,0.78,1,-1
182,14,772.32,304.58,68.90,57.35,0.81,1,-1
182,15,674.59,309.74,59.88,49.98,0.79,1,-1
182,16,1002.46,587.56,303.02,132.21,0.86,1,-1
183,10,680.73,198.96,41.17,48.72,0.67,2,-1
183,12,647.37,236.76,31.70,30.25,0.72,1,-1
183,13,713.10,254.54,41.11,35.11,0.78,1,-1
183,14,771.33,302.51,67.01,56.04,0.82,1,-1
183,15,673.88,307.31,58.99,49.55,0.78,1,-1
183,16,972.82,574.05,328.53,144.56,0.89,1,-1
183,17,787.41,611.40,225.99,108.60,0.77,1,-1
184,10,680.69,198.97,41.14,48.74,0.66,2,-1
184,12,647.26,236.11,32.10,30.58,0.69,1,-1
184,13,713.14,254.50,40.02,34.24,0.77,1,-1
184,14,769.91,301.22,65.42,54.93,0.81,1,-1
184,15,672.47,303.87,59.15,50.13,0.79,1,-1
184,16,946.12,560.37,344.59,153.69,0.84,1,-1
184,17,763.58,592.67,261.98,126.59,0.84,1,-1
185,10,680.70,198.97,41.13,48.77,0.66,2,-1
185,12,647.51,235.89,31.68,30.05,0.69,1,-1
185,13,712.93,253.87,39.50,33.94,0.75,1,-1
185,14,766.60,298.83,64.67,54.58,0.82,1,-1
185,15,671.94,301.41,56.72,48.37,0.79,1,-1
185,16,923.73,539.54,332.36,150.79,0.85,1,-1
185,17,724.66,568.82,303.95,148.77,0.88,1,-1
186,10,680.68,199.64,40.55,48.13,0.65,2,-1
186,12,647.56,235.83,31.62,29.87,0.69,1,-1
186,13,712.17,252.99,39.43,33.84,0.76,1,-1
186,14,765.67,298.07,62.12,52.47,0.82,1,-1
186,15,672.30,300.01,54.23,46.40,0.76,1,-1
186,16,911.67,522.53,317.71,146.99,0.87,1,-1
186,17,702.53,550.64,321.86,160.38,0.87,1,-1
187,10,680.94,199.89,39.83,47.24,0.63,2,-1
187,12,647.26,235.15,31.59,29.82,0.69,1,-1
187,13,711.62,252.71,39.35,33.82,0.76,1,-1
187,14,763.55,296.56,61.02,51.75,0.80,1,-1
187,15,672.16,298.98,53.39,45.74,0.75,1,-1
187,16,904.16,511.34,301.26,142.52,0.87,1,-1
187,17,695.68,536.14,313.87,159.78,0.86,1,-1
188,10,680.74,199.98,39.51,46.92,0.63,2,-1
188,12,647.75,235.58,30.40,28.48,0.70,1,-1
188,13,711.79,252.63,38.64,33.16,0.77,1,-1
188,14,762.33,295.43,59.77,50.86,0.79,1,-1
188,15,672.56,298.04,51.64,44.19,0.75,1,-1
188,16,900.44,501.02,280.76,135.87,0.83,1,-1
188,17,694.35,520.63,300.30,156.67,0.83,1,-1
189,10,680.31,199.35,39.47,46.82,0.65,2,-1
189,12,647.88,235.09,30.08,28.00,0.70,1,-1
189,13,711.58,251.97,36.98,31.59,0.71,1,-1
189,14,760.37,293.08,58.58,49.91,0.79,1,-1
189,15,670.04,291.69,54.47,47.10,0.72,1,-1
189,16,889.28,485.57,261.50,129.80,0.86,1,-1
189,17,695.96,503.39,271.78,145.61,0.83,1,-1
190,10,680.53,199.11,39.39,46.80,0.65,2,-1
190,12,647.58,234.92,30.00,27.84,0.71,1,-1
190,13,711.15,251.08,37.17,31.70,0.72,1,-1
190,14,758.12,290.28,59.44,50.97,0.79,1,-1
190,15,668.30,288.83,55.21,48.12,0.71,1,-1
190,16,884.73,475.74,242.48,123.38,0.82,1,-1
190,17,697.31,488.86,251.67,138.75,0.86,1,-1
191,10,680.87,199.69,38.86,46.15,0.64,2,-1
191,12,647.82,234.87,29.94,27.80,0.72,1,-1
191,13,710.38,250.78,36.51,31.09,0.73,1,-1
191,14,756.87,288.00,58.81,50.71,0.80,1,-1
191,15,667.52,286.55,55.20,48.54,0.71,1,-1
191,16,880.43,466.62,227.98,118.94,0.85,1,-1
191,17,699.41,479.46,232.45,131.93,0.84,1,-1
192,10,680.62,199.91,38.79,45.92,0.68,2,-1
192,12,647.61,234.20,30.55,28.47,0.72,1,-1
192,13,709.77,250.71,35.64,30.20,0.74,1,-1
192,14,755.98,287.25,57.68,49.98,0.80,1,-1
192,15,667.73,285.15,54.31,48.06,0.71,1,-1
192,16,875.76,458.41,216.64,115.99,0.85,1,-1
192,17,703.49,470.61,214.26,125.14,0.85,1,-1
193,10,680.83,200.65,38.16,45.18,0.66,2,-1
193,12,647.27,233.29,30.63,28.73,0.73,1,-1
193,13,709.24,250.03,35.34,29.90,0.75,1,-1
193,14,753.80,286.39,55.82,48.40,0.79,1,-1
193,15,667.90,284.76,51.24,45.24,0.76,1,-1
193,16,867.82,447.06,201.72,110.86,0.86,1,-1
193,17,703.01,456.42,196.68,118.43,0.84,1,-1
194,10,680.63,200.93,37.85,44.92,0.66,2,-1
194,12,646.52,232.30,31.26,29.50,0.73,1,-1
194,13,708.76,249.81,35.19,29.81,0.76,1,-1
194,14,752.58,285.50,54.19,47.17,0.78,1,-1
194,15,667.75,284.09,49.32,43.51,0.77,1,-1
194,16,863.91,440.09,187.42,105.60,0.82,1,-1
194,17,704.60,447.16,181.49,112.51,0.86,1,-1
195,10,680.59,201.03,37.69,44.84,0.64,2,-1
195,12,646.59,231.95,30.81,29.14,0.73,1,-1
195,13,707.61,249.08,35.81,30.46,0.77,1,-1
195,14,751.60,283.90,53.53,46.76,0.75,1,-1
195,15,667.47,283.95,47.81,42.24,0.75,1,-1
195,16,861.61,433.31,176.52,101.74,0.87,1,-1
195,17,705.77,439.67,168.78,107.65,0.86,1,-1
196,10,680.21,201.06,37.70,44.82,0.66,2,-1
196,12,646.64,231.83,30.61,29.01,0.72,1,-1
196,13,707.29,248.83,35.21,30.05,0.77,1,-1
196,14,750.35,283.38,52.57,45.97,0.76,1,-1
196,15,667.75,283.31,46.62,41.13,0.76,1,-1
196,16,857.29,427.23,169.13,99.78,0.84,1,-1
196,17,706.46,431.38,160.36,105.29,0.86,1,-1
197,10,680.31,201.73,37.24,44.17,0.64,2,-1
197,12,647.05,231.14,30.41,28.96,0.71,1,-1
197,13,706.95,248.09,34.84,29.91,0.77,1,-1
197,14,748.30,281.24,51.56,45.04,0.79,1,-1
197,15,667.23,282.49,45.49,40.08,0.73,1,-1
197,16,850.49,417.24,159.55,96.44,0.84,1,-1
197,17,706.08,420.68,146.87,99.02,0.87,1,-1
198,10,680.96,201.97,36.55,43.27,0.62,2,-1
198,12,647.55,231.56,29.66,28.28,0.71,1,-1
198,13,706.85,247.84,34.04,29.21,0.77,1,-1
198,14,746.99,280.53,50.49,44.06,0.80,1,-1
198,15,666.41,281.59,44.40,39.06,0.74,1,-1
198,16,848.05,410.66,148.99,91.91,0.87,1,-1
198,17,705.69,413.31,139.16,96.16,0.85,1,-1
199,10,680.89,202.06,36.25,42.95,0.60,2,-1
199,12,647.75,231.74,29.36,28.04,0.71,1,-1
199,13,706.55,247.10,33.67,28.95,0.76,1,-1
199,14,745.89,279.66,50.18,43.74,0.81,1,-1
199,15,665.16,278.62,45.33,40.09,0.74,1,-1
199,16,845.60,406.02,140.58,88.34,0.86,1,-1
199,17,706.73,408.41,129.82,91.81,0.85,1,-1
200,10,680.83,202.08,35.56,42.18,0.60,2,-1
200,12,648.13,231.82,28.64,27.28,0.71,1,-1
200,13,705.80,246.85,33.51,28.88,0.76,1,-1
200,14,744.59,278.73,50.04,43.65,0.80,1,-1
200,15,664.83,276.26,44.81,39.81,0.74,1,-1
200,16,841.49,400.64,136.14,87.21,0.83,1,-1
200,17,704.91,400.96,126.71,91.78,0.85,1,-1
201,10,680.44,202.08,35.39,41.91,0.62,2,-1
201,12,647.87,231.19,28.51,27.01,0.72,1,-1
201,13,704.90,245.44,33.43,28.86,0.76,1,-1
201,14,742.26,276.43,49.80,43.65,0.78,1,-1
201,15,663.81,273.45,45.18,40.41,0.75,1,-1
201,16,835.76,393.56,128.14,83.49,0.87,1,-1
201,17,704.26,393.20,117.83,87.07,0.85,1,-1
202,10,680.52,202.07,34.88,41.16,0.60,2,-1
202,12,647.73,230.97,28.56,26.92,0.71,1,-1
202,13,704.65,244.94,32.62,28.20,0.76,1,-1
202,14,741.58,274.97,48.87,43.01,0.79,1,-1
202,15,664.20,272.48,43.17,38.65,0.76,1,-1
202,16,832.18,387.98,123.12,81.59,0.85,1,-1
202,17,703.71,386.77,111.73,84.11,0.83,1,-1
203,10,679.85,202.07,34.78,40.90,0.54,2,-1
203,12,647.64,230.23,28.66,26.90,0.68,1,-1
203,13,704.30,244.78,32.21,27.96,0.75,1,-1
203,14,741.16,273.15,48.36,42.80,0.77,1,-1
203,15,663.73,272.22,42.41,38.01,0.76,1,-1
203,16,828.16,382.88,120.09,81.04,0.84,1,-1
203,17,703.07,382.13,106.83,81.80,0.83,1,-1
204,10,679.57,202.06,34.82,40.82,0.50,2,-1
204,12,647.27,229.30,29.39,27.56,0.67,1,-1
204,13,703.85,244.07,32.10,27.89,0.74,1,-1
204,14,740.13,272.54,47.40,42.07,0.78,1,-1
204,15,663.63,271.52,41.40,37.13,0.75,1,-1
204,16,825.18,377.94,116.01,79.57,0.86,1,-1
204,17,703.38,378.11,101.71,79.03,0.84,1,-1
205,12,647.43,228.96,29.07,27.16,0.67,1,-1
205,13,702.42,242.50,32.63,28.54,0.73,1,-1
205,14,738.58,271.03,45.51,40.49,0.76,1,-1
205,15,662.24,269.31,41.79,37.51,0.75,1,-1
205,16,819.16,371.69,111.55,77.78,0.83,1,-1
205,17,700.98,370.15,99.16,78.17,0.84,1,-1
206,12,647.76,228.85,28.41,26.34,0.67,1,-1
206,13,702.58,241.93,32.15,28.13,0.72,1,-1
206,14,737.75,270.54,44.13,39.25,0.77,1,-1
206,15,661.19,267.89,41.74,37.66,0.76,1,-1
206,16,815.13,366.33,108.91,77.24,0.82,1,-1
206,17,700.68,365.57,94.10,75.23,0.84,1,-1
207,12,647.23,228.16,28.80,26.71,0.59,1,-1
207,13,701.96,241.08,32.73,28.64,0.72,1,-1
207,14,736.83,269.75,43.68,38.83,0.76,1,-1
207,15,661.14,267.42,40.45,36.41,0.75,1,-1
207,16,812.75,361.94,105.03,75.76,0.84,1,-1
207,17,700.61,362.24,89.20,72.22,0.85,1,-1
208,12,647.35,227.92,28.33,26.19,0.62,1,-1
208,13,701.42,240.13,32.30,28.18,0.71,1,-1
208,14,735.48,268.83,43.65,38.71,0.74,1,-1
208,15,661.45,267.33,39.41,35.28,0.75,1,-1
208,16,810.65,359.27,101.33,73.95,0.84,1,-1
208,17,698.54,358.63,87.10,71.27,0.83,1,-1
209,12,646.10,227.18,28.73,26.67,0.62,1,-1
209,13,700.55,239.14,32.19,28.01,0.69,1,-1
209,14,733.09,266.53,43.53,38.69,0.76,1,-1
209,15,661.22,266.00,37.76,33.54,0.75,1,-1
209,16,806.23,353.81,96.39,71.34,0.82,1,-1
209,17,696.72,351.43,84.05,69.66,0.83,1,-1
210,12,645.61,226.91,28.31,26.19,0.62,1,-1
210,13,699.92,238.79,30.80,26.62,0.72,1,-1
210,14,731.29,265.06,44.12,39.38,0.77,1,-1
210,15,660.19,264.22,37.07,32.93,0.75,1,-1
210,16,802.92,350.05,93.21,69.79,0.83,1,-1
210,17,694.89,347.06,82.22,69.18,0.83,1,-1
211,12,645.40,226.17,28.20,26.01,0.65,1,-1
211,13,699.71,238.70,29.62,25.43,0.72,1,-1
211,14,730.07,263.90,44.25,39.65,0.77,1,-1
211,15,658.88,262.95,36.75,32.75,0.75,1,-1
211,16,799.61,346.89,91.41,69.32,0.85,1,-1
211,17,694.40,343.70,79.48,67.74,0.83,1,-1
211,18,808.47,584.40,193.26,133.80,0.83,1,-1
212,12,644.64,225.91,28.21,25.95,0.66,1,-1
212,13,699.27,238.02,29.99,25.69,0.71,1,-1
212,14,729.08,262.85,43.50,39.10,0.76,1,-1
212,15,658.16,261.87,36.51,32.70,0.75,1,-1
212,16,797.39,344.60,88.57,67.86,0.81,1,-1
212,17,693.30,340.03,77.26,66.62,0.84,1,-1
212,18,796.13,575.15,199.14,138.42,0.87,1,-1
213,12,644.65,225.16,27.65,25.27,0.63,1,-1
213,13,698.10,237.79,29.50,25.12,0.76,1,-1
213,14,728.50,261.85,41.79,37.58,0.76,1,-1
213,15,657.63,260.18,35.70,32.04,0.75,1,-1
213,16,794.32,339.92,84.48,65.37,0.82,1,-1
213,17,692.02,334.85,73.73,64.25,0.82,1,-1
213,18,784.57,549.22,187.58,131.08,0.81,1,-1
214,12,644.33,224.23,27.44,25.02,0.58,1,-1
214,13,697.70,237.07,28.65,24.25,0.77,1,-1
214,14,726.71,259.51,41.06,37.03,0.77,1,-1
214,15,656.09,258.26,36.14,32.50,0.75,1,-1
214,16,788.58,333.66,83.24,65.23,0.83,1,-1
214,17,690.58,330.50,69.24,60.74,0.84,1,-1
214,18,771.29,519.63,175.95,123.87,0.79,1,-1
215,12,643.89,223.24,28.03,25.61,0.57,1,-1
215,13,696.80,236.15,29.24,24.63,0.78,1,-1
215,14,725.47,258.04,40.76,36.84,0.78,1,-1
215,15,655.90,256.94,35.64,32.01,0.75,1,-1
215,16,785.78,330.24,79.95,63.21,0.82,1,-1
215,17,689.65,327.14,66.72,58.89,0.83,1,-1
215,18,766.24,505.11,163.21,115.73,0.84,1,-1
216,12,644.09,222.89,26.90,24.51,0.57,1,-1
216,13,696.12,235.83,28.85,24.10,0.73,1,-1
216,14,724.07,256.88,39.98,36.13,0.80,1,-1
216,15,655.56,255.17,35.40,31.85,0.74,1,-1
216,16,782.40,326.50,75.86,60.50,0.82,1,-1
216,17,688.52,322.03,65.62,58.32,0.82,1,-1
216,18,757.44,485.96,152.01,108.89,0.81,1,-1
217,12,644.16,222.11,26.50,24.09,0.56,1,-1
217,13,694.82,235.07,29.54,24.60,0.73,1,-1
217,14,722.94,255.84,39.73,35.88,0.80,1,-1
217,15,655.19,254.57,35.20,31.81,0.70,1,-1
217,16,779.91,324.01,74.05,59.60,0.82,1,-1
217,17,687.19,318.36,64.59,57.51,0.81,1,-1
217,18,754.36,474.08,142.82,103.26,0.84,1,-1
218,12,644.49,222.52,25.77,23.27,0.57,1,-1
218,13,694.39,234.81,29.08,24.12,0.74,1,-1
218,14,721.90,254.83,39.66,35.81,0.81,1,-1
218,15,655.43,253.74,34.43,31.14,0.70,1,-1
218,16,777.35,320.56,73.75,60.02,0.81,1,-1
218,17,686.23,315.20,64.05,57.29,0.80,1,-1
218,18,752.20,463.82,136.13,99.50,0.82,1,-1
219,12,644.58,222.02,25.60,22.99,0.53,1,-1
219,13,693.94,234.75,28.89,23.95,0.73,1,-1
219,14,721.28,253.85,39.57,35.80,0.78,1,-1
219,15,654.89,252.81,34.15,30.91,0.67,1,-1
219,16,775.85,318.79,71.11,58.21,0.81,1,-1
219,17,685.05,313.57,62.37,55.93,0.80,1,-1
219,18,750.33,455.42,129.36,95.63,0.84,1,-1
220,13,693.16,233.41,29.43,24.57,0.72,1,-1
220,14,719.81,253.53,38.78,35.14,0.78,1,-1
220,15,653.73,249.84,34.69,31.51,0.73,1,-1
220,16,772.37,314.95,69.01,56.92,0.80,1,-1
220,17,683.86,311.15,59.41,53.45,0.81,1,-1
220,18,745.39,441.94,121.77,91.00,0.83,1,-1
221,13,692.63,232.93,28.85,24.14,0.69,1,-1
221,14,719.05,252.80,38.37,34.91,0.77,1,-1
221,15,652.69,248.13,34.83,31.74,0.74,1,-1
221,16,770.45,313.05,67.95,56.52,0.80,1,-1
221,17,682.88,309.10,58.32,52.63,0.81,1,-1
221,18,741.48,432.36,116.77,88.24,0.81,1,-1
222,13,692.13,232.11,29.28,24.65,0.71,1,-1
222,14,718.22,252.57,37.43,34.18,0.73,1,-1
222,15,652.07,246.88,34.73,31.84,0.72,1,-1
222,16,768.08,311.15,66.51,55.75,0.82,1,-1
222,17,681.70,306.47,57.06,51.72,0.80,1,-1
222,18,738.90,425.46,112.73,86.09,0.82,1,-1
223,13,692.01,231.16,29.35,24.85,0.71,1,-1
223,14,718.03,251.86,36.30,33.25,0.70,1,-1
223,15,651.85,246.46,34.08,31.22,0.72,1,-1
223,16,766.11,309.26,65.19,54.85,0.82,1,-1
223,17,681.11,303.64,56.44,51.45,0.80,1,-1
223,18,737.52,419.44,107.46,82.74,0.78,1,-1
224,13,691.52,230.83,28.34,24.26,0.67,1,-1
224,14,717.00,250.97,35.21,32.25,0.73,1,-1
224,15,652.10,245.71,33.22,30.33,0.73,1,-1
224,16,763.69,306.00,63.06,53.21,0.79,1,-1
224,17,679.74,300.72,54.64,50.05,0.82,1,-1
224,18,731.93,408.13,103.35,80.36,0.82,1,-1
225,13,691.07,230.74,27.89,24.05,0.66,1,-1
225,14,715.99,250.00,34.84,31.90,0.76,1,-1
225,15,651.30,244.81,33.42,30.68,0.72,1,-1
225,16,761.80,304.28,61.26,51.99,0.79,1,-1
225,17,679.44,299.14,52.43,48.24,0.81,1,-1
225,18,728.18,399.11,102.01,80.40,0.78,1,-1
226,13,690.97,230.06,27.63,23.97,0.68,1,-1
226,14,714.99,249.02,34.73,31.80,0.78,1,-1
226,15,651.00,244.52,32.88,30.15,0.71,1,-1
226,16,759.25,301.75,61.28,52.28,0.81,1,-1
226,17,678.77,297.35,51.58,47.64,0.82,1,-1
226,18,728.08,393.60,96.88,77.10,0.80,1,-1
227,13,691.10,229.16,27.25,23.95,0.68,1,-1
227,14,713.99,248.02,34.72,31.78,0.79,1,-1
227,15,651.51,244.47,32.17,29.29,0.72,1,-1
227,16,757.60,300.27,60.28,51.75,0.82,1,-1
227,17,678.27,295.47,50.58,46.80,0.81,1,-1
227,18,727.03,390.11,92.26,73.99,0.79,1,-1
228,13,690.82,228.85,26.47,23.28,0.71,1,-1
228,14,712.35,247.02,34.01,31.12,0.80,1,-1
228,15,651.08,243.15,31.85,28.99,0.71,1,-1
228,16,755.21,297.82,58.42,50.25,0.84,1,-1
228,17,676.87,291.51,50.77,47.23,0.80,1,-1
228,18,723.90,381.70,87.71,70.96,0.80,1,-1
229,13,691.13,228.09,26.08,23.03,0.69,1,-1
229,14,712.10,246.69,33.14,30.22,0.78,1,-1
229,15,649.98,242.04,31.66,28.89,0.71,1,-1
229,16,753.48,296.38,57.04,49.07,0.82,1,-1
229,17,675.79,288.84,51.45,48.09,0.80,1,-1
229,18,721.81,376.39,85.88,70.04,0.79,1,-1
230,13,690.62,227.16,25.89,22.95,0.67,1,-1
230,14,711.03,245.93,33.54,30.59,0.79,1,-1
230,15,649.67,241.00,32.09,29.53,0.69,1,-1
230,16,752.04,294.61,55.73,48.00,0.80,1,-1
230,17,675.14,286.62,50.98,47.77,0.81,1,-1
230,18,720.45,372.10,82.78,67.77,0.80,1,-1
231,13,690.09,226.17,25.87,22.92,0.66,1,-1
231,14,710.01,245.02,33.70,30.73,0.79,1,-1
231,15,649.30,240.64,31.50,29.12,0.69,1,-1
231,16,750.98,292.72,55.26,47.66,0.79,1,-1
231,17,675.31,285.25,49.45,46.35,0.81,1,-1
231,18,718.98,368.22,80.02,65.71,0.79,1,-1
231,12,640.37,215.97,25.32,22.99,0.52,1,-1
232,13,689.56,225.83,25.23,22.26,0.68,1,-1
232,14,708.71,244.05,33.68,30.80,0.79,1,-1
232,15,649.55,239.89,29.87,27.63,0.69,1,-1
232,16,748.10,290.10,54.91,47.57,0.78,1,-1
232,17,674.41,284.21,47.59,44.50,0.79,1,-1
232,18,715.61,361.66,76.22,63.02,0.80,1,-1
232,12,638.94,215.14,25.87,23.69,0.51,1,-1
233,13,688.64,225.06,25.80,22.69,0.70,1,-1
233,14,708.01,243.05,33.55,30.84,0.80,1,-1
233,15,649.29,238.98,29.36,27.09,0.68,1,-1
233,16,746.29,287.89,53.83,46.91,0.79,1,-1
233,17,673.73,282.59,46.37,43.19,0.79,1,-1
233,18,712.99,356.91,74.02,61.51,0.81,1,-1
234,13,687.63,224.80,26.06,22.85,0.69,1,-1
234,14,707.83,242.05,33.41,30.86,0.80,1,-1
234,15,648.19,237.34,29.86,27.58,0.67,1,-1
234,16,744.75,286.50,53.41,46.70,0.81,1,-1
234,17,672.79,281.42,46.07,42.75,0.78,1,-1
234,18,710.72,352.77,72.89,61.08,0.79,1,-1
235,13,686.97,224.06,26.11,22.91,0.68,1,-1
235,14,707.19,241.05,33.28,30.88,0.78,1,-1
235,15,647.82,236.77,30.03,27.77,0.66,1,-1
235,16,743.65,284.74,53.19,46.65,0.81,1,-1
235,17,671.86,279.74,45.91,42.63,0.77,1,-1
235,18,709.89,349.51,70.14,58.96,0.79,1,-1
235,19,1053.65,521.00,223.70,198.20,0.68,2,-1
236,13,686.40,223.81,25.48,22.28,0.64,1,-1
236,14,706.38,240.04,32.46,30.23,0.73,1,-1
236,15,647.65,236.60,28.86,26.52,0.62,1,-1
236,16,742.49,283.51,50.15,43.99,0.80,1,-1
236,17,670.98,276.51,45.68,42.61,0.77,1,-1
236,18,706.23,341.76,70.12,59.69,0.77,1,-1
236,19,1027.94,496.80,251.68,223.01,0.73,2,-1
237,13,686.19,223.74,25.29,22.04,0.69,1,-1
237,14,705.86,239.70,31.99,30.00,0.73,1,-1
237,15,647.57,236.59,28.52,26.06,0.62,1,-1
237,16,740.48,281.81,49.72,43.71,0.78,1,-1
237,17,669.80,274.74,45.41,42.64,0.79,1,-1
237,18,704.31,336.51,69.59,60.00,0.80,1,-1
237,19,1006.53,478.76,272.39,241.26,0.74,2,-1
237,20,752.07,605.20,214.06,114.60,0.77,1,-1
238,13,686.12,223.07,25.27,21.96,0.67,1,-1
238,14,705.68,239.61,31.20,29.25,0.74,1,-1
238,15,647.52,235.94,28.50,25.90,0.66,1,-1
238,16,739.18,280.60,49.54,43.63,0.79,1,-1
238,17,669.80,273.51,43.87,41.34,0.80,1,-1
238,18,703.39,333.48,67.44,58.83,0.81,1,-1
238,19,989.34,461.63,291.59,258.46,0.67,2,-1
238,20,730.29,588.05,244.90,131.90,0.79,1,-1
239,13,685.75,222.84,24.65,21.27,0.65,1,-1
239,14,705.65,238.95,30.92,28.99,0.71,1,-1
239,15,647.11,235.73,27.95,25.19,0.67,1,-1
239,16,738.08,279.56,48.89,42.97,0.79,1,-1
239,17,669.93,273.15,41.81,39.53,0.78,1,-1
239,18,702.37,331.30,64.30,56.44,0.80,1,-1
239,19,975.79,449.79,304.94,270.30,0.62,2,-1
239,20,717.83,574.56,266.48,144.73,0.85,1,-1
240,13,685.20,222.78,24.61,21.02,0.58,1,-1
240,14,705.00,237.39,30.84,28.90,0.70,1,-1
240,15,646.53,235.01,27.99,24.94,0.65,1,-1
240,16,735.52,277.23,48.46,42.75,0.78,1,-1
240,17,668.28,271.08,41.84,39.59,0.76,1,-1
240,18,701.96,329.41,59.48,52.22,0.80,1,-1
240,19,956.26,430.68,326.16,289.41,0.72,2,-1
240,20,688.07,552.05,301.12,166.30,0.86,1,-1
241,13,685.00,222.78,23.98,20.26,0.58,1,-1
241,14,703.83,236.18,30.72,28.88,0.68,1,-1
241,15,645.63,234.10,28.73,25.53,0.61,1,-1
241,16,734.73,275.78,47.49,42.03,0.76,1,-1
241,17,668.33,270.40,40.64,38.28,0.75,1,-1
241,18,700.96,326.25,57.75,50.79,0.77,1,-1
241,19,940.89,417.93,340.15,302.15,0.72,2,-1
241,20,678.36,535.33,300.21,169.13,0.84,1,-1
287,23,543.16,195.60,54.08,84.20,0.67,3,-1
288,23,541.63,196.67,54.56,84.81,0.71,3,-1
289,23,540.04,197.80,55.29,85.79,0.73,3,-1
290,23,538.10,199.62,56.98,88.31,0.78,3,-1
291,23,534.70,201.62,58.86,91.26,0.78,3,-1
292,23,533.08,203.65,59.08,91.57,0.76,3,-1
293,23,530.85,205.02,60.50,93.64,0.76,3,-1
294,23,528.14,208.15,62.21,96.37,0.71,3,-1
295,23,524.77,211.26,63.70,98.66,0.73,3,-1
296,23,522.78,214.35,64.46,100.13,0.73,3,-1
297,23,520.87,216.78,65.20,101.28,0.68,3,-1
298,23,518.28,218.29,66.71,103.62,0.69,3,-1
299,23,514.77,220.75,68.52,106.42,0.76,3,-1
300,23,511.38,224.23,70.16,108.73,0.80,3,-1
301,23,508.35,226.80,71.76,111.51,0.85,3,-1
302,23,504.85,228.36,73.93,115.11,0.82,3,-1
303,23,500.75,234.69,74.57,115.80,0.83,3,-1
304,23,496.43,238.39,75.86,116.63,0.83,3,-1
305,23,492.55,241.02,78.34,119.48,0.88,3,-1
306,23,488.31,243.89,81.05,123.10,0.89,3,-1
307,23,482.08,247.50,84.97,128.94,0.83,3,-1
308,23,477.63,252.66,87.49,132.43,0.86,3,-1
309,23,472.57,253.95,92.08,139.49,0.84,3,-1
310,23,464.97,260.74,94.43,142.18,0.84,3,-1
311,23,460.02,264.62,98.14,147.61,0.84,3,-1
312,23,454.80,269.23,101.22,152.20,0.84,3,-1
313,23,449.22,273.49,104.56,157.10,0.84,3,-1
314,23,439.66,282.72,108.05,161.47,0.89,3,-1
315,23,430.30,288.80,113.77,169.47,0.89,3,-1
316,23,421.68,292.34,119.15,176.95,0.84,3,-1
317,23,413.14,296.79,124.77,184.86,0.88,3,-1
318,23,398.59,305.40,133.74,197.37,0.84,3,-1
319,23,388.50,313.72,140.50,206.60,0.82,3,-1
320,23,378.10,320.71,146.12,213.93,0.83,3,-1
321,23,365.53,327.78,153.47,223.65,0.83,3,-1
322,23,342.57,338.02,168.65,245.00,0.88,3,-1
323,23,326.69,348.17,180.40,262.00,0.87,3,-1
324,23,313.89,355.27,190.73,277.44,0.86,3,-1
325,23,300.15,364.21,199.29,289.71,0.82,3,-1
326,23,268.25,380.80,218.26,316.34,0.57,3,-1
351,24,428.92,282.80,64.56,68.40,0.57,1,-1
352,24,425.39,285.28,65.09,68.87,0.51,1,-1
353,24,414.60,290.77,68.97,72.91,0.65,1,-1
353,25,457.98,234.20,50.04,46.00,0.57,1,-1
354,24,408.23,296.82,71.16,74.90,0.64,1,-1
354,25,453.60,235.59,53.41,49.08,0.54,1,-1
355,24,402.20,302.31,71.55,74.80,0.62,1,-1
355,25,451.00,237.56,54.53,50.13,0.54,1,-1
356,24,396.07,307.55,73.18,76.05,0.59,1,-1
356,25,447.65,239.65,55.62,51.11,0.60,1,-1
357,24,385.56,316.07,75.80,77.81,0.57,1,-1
357,25,440.49,242.44,58.96,54.21,0.73,1,-1
358,25,435.71,245.41,61.38,56.63,0.70,1,-1
358,26,580.17,193.00,42.46,41.40,0.55,1,-1
359,25,432.09,247.79,63.50,58.80,0.72,1,-1
359,26,580.01,194.51,42.92,41.85,0.56,1,-1
359,24,369.81,328.58,80.42,81.43,0.59,1,-1
360,25,427.94,249.94,64.15,59.56,0.67,1,-1
360,26,580.72,197.34,40.79,39.71,0.58,1,-1
360,24,362.10,334.20,83.81,83.94,0.65,1,-1
361,25,420.96,254.62,67.51,63.06,0.72,1,-1
361,26,579.00,201.25,40.17,39.01,0.61,1,-1
361,24,348.57,344.66,89.01,88.12,0.65,1,-1
362,25,416.88,257.64,68.56,64.35,0.76,1,-1
362,26,576.58,203.13,41.57,40.29,0.57,1,-1
362,24,336.18,351.70,95.48,93.57,0.69,1,-1
363,25,413.89,261.32,68.77,64.78,0.75,1,-1
363,26,575.42,205.78,40.01,38.63,0.55,1,-1
363,24,326.80,358.73,99.18,96.29,0.71,1,-1
364,25,409.99,263.96,69.39,65.52,0.68,1,-1
364,26,574.71,208.71,38.04,36.63,0.70,1,-1
364,24,316.30,365.76,103.16,99.24,0.70,1,-1
365,25,403.83,270.09,70.07,66.39,0.75,1,-1
365,26,571.66,210.32,40.24,38.79,0.69,1,-1
365,24,298.56,377.92,109.99,104.84,0.72,1,-1
366,25,398.00,273.01,72.27,68.62,0.78,1,-1
366,26,570.04,211.51,41.53,40.19,0.64,1,-1
366,24,282.24,387.57,117.23,110.78,0.54,1,-1
367,25,393.34,276.63,73.66,70.08,0.76,1,-1
367,26,568.41,212.53,43.50,42.06,0.65,1,-1
367,24,267.74,396.87,123.33,115.60,0.61,1,-1
368,25,388.11,279.87,74.82,71.23,0.74,1,-1
368,26,566.22,214.16,44.87,43.42,0.67,1,-1
368,24,252.67,406.05,129.66,120.62,0.74,1,-1
369,25,380.26,286.84,75.54,71.63,0.79,1,-1
369,26,564.41,217.32,45.44,43.93,0.70,1,-1
369,24,227.31,422.13,141.03,130.13,0.74,1,-1
370,25,373.15,291.39,78.37,74.32,0.76,1,-1
370,26,562.45,219.13,46.35,44.77,0.71,1,-1
370,24,206.47,435.81,149.45,136.94,0.83,1,-1
370,27,590.00,182.80,37.00,32.00,0.58,1,-1
371,25,366.01,294.97,81.43,77.24,0.76,1,-1
371,26,561.45,220.40,46.61,45.08,0.68,1,-1
371,24,184.27,446.73,162.16,147.75,0.69,1,-1
371,27,589.60,184.50,37.02,32.00,0.55,1,-1
372,25,360.00,298.82,82.93,78.33,0.76,1,-1
372,26,559.90,222.11,47.85,46.48,0.56,1,-1
372,24,163.77,461.48,170.44,154.47,0.72,1,-1
372,27,589.46,185.06,37.05,32.00,0.58,1,-1
373,25,348.72,305.36,87.50,82.56,0.80,1,-1
373,26,556.59,224.66,50.58,49.60,0.72,1,-1
373,24,127.18,482.86,188.97,170.23,0.64,1,-1
374,25,341.10,310.98,89.66,84.16,0.79,1,-1
374,26,555.05,226.87,50.96,50.14,0.69,1,-1
374,24,90.48,502.91,209.01,187.50,0.62,1,-1
375,25,331.77,316.28,93.87,87.93,0.81,1,-1
375,26,553.06,228.31,52.68,52.26,0.70,1,-1
375,24,48.19,517.01,226.32,198.13,0.66,1,-1
376,25,317.95,324.60,99.61,93.16,0.83,1,-1
376,26,550.72,232.65,53.35,53.06,0.70,1,-1
376,24,32.63,550.39,207.45,174.42,0.56,1,-1
377,25,307.75,331.56,102.17,95.17,0.82,1,-1
377,26,548.70,234.93,54.63,54.63,0.67,1,-1
377,24,25.01,572.30,190.69,154.36,0.74,1,-1
378,25,297.36,338.01,106.03,98.44,0.82,1,-1
378,26,547.32,238.32,54.47,54.57,0.67,1,-1
378,24,26.01,598.81,166.14,127.70,0.59,1,-1
379,25,287.98,343.59,109.60,101.56,0.81,1,-1
379,26,544.84,240.86,55.16,55.15,0.76,1,-1
380,25,270.11,353.91,116.16,107.18,0.80,1,-1
380,26,540.86,243.71,58.32,58.59,0.73,1,-1
381,25,258.04,361.63,120.97,111.22,0.81,1,-1
381,26,539.00,247.30,59.00,59.24,0.75,1,-1
382,25,244.19,368.98,126.82,116.55,0.86,1,-1
382,26,536.13,249.28,61.07,61.39,0.75,1,-1
383,25,231.12,376.78,130.83,119.84,0.83,1,-1
383,26,533.00,250.61,64.08,64.75,0.81,1,-1
384,25,206.38,389.87,143.39,131.22,0.84,1,-1
384,26,530.02,256.15,65.67,66.67,0.81,1,-1
384,27,575.16,202.92,46.80,40.92,0.56,1,-1
385,25,189.73,402.35,148.21,134.98,0.79,1,-1
385,26,526.73,259.55,68.07,69.30,0.80,1,-1
385,27,574.64,203.48,47.25,41.85,0.60,1,-1
386,25,170.43,411.64,157.52,143.32,0.86,1,-1
386,26,524.01,263.36,68.79,70.29,0.81,1,-1
386,27,573.88,204.94,46.64,41.56,0.64,1,-1
387,25,154.04,422.68,164.10,149.03,0.79,1,-1
387,26,521.28,266.69,70.58,72.55,0.78,1,-1
387,27,574.97,207.40,44.34,39.47,0.61,1,-1
388,25,120.24,441.38,177.66,160.65,0.80,1,-1
388,26,517.85,272.38,72.26,74.67,0.80,1,-1
388,27,572.45,208.28,46.76,41.93,0.72,1,-1
389,25,93.64,456.73,189.96,171.39,0.79,1,-1
389,26,513.61,275.80,74.98,78.01,0.82,1,-1
389,27,570.03,208.60,48.74,44.10,0.68,1,-1
390,25,68.81,472.06,199.36,178.73,0.82,1,-1
390,26,511.15,280.87,75.21,78.64,0.83,1,-1
390,27,567.99,209.32,50.46,46.21,0.72,1,-1
391,25,38.47,485.53,215.61,192.20,0.81,1,-1
391,26,508.11,284.05,76.37,80.10,0.81,1,-1
391,27,566.71,210.84,51.49,47.66,0.74,1,-1
392,25,8.33,511.21,222.68,198.69,0.76,1,-1
392,26,501.66,290.33,80.41,85.11,0.82,1,-1
392,27,565.07,212.68,52.96,49.48,0.69,1,-1
393,25,-2.21,534.56,210.39,187.30,0.81,1,-1
393,26,497.45,295.85,82.32,87.65,0.76,1,-1
393,27,563.69,214.63,53.14,50.17,0.60,1,-1
394,25,-4.66,555.87,192.27,170.50,0.70,1,-1
394,26,492.50,300.48,84.67,90.50,0.78,1,-1
394,27,562.88,217.28,52.52,49.76,0.62,1,-1
394,28,494.34,156.00,70.32,85.60,0.74,3,-1
395,25,-5.28,576.17,170.83,151.02,0.71,1,-1
395,26,487.10,303.46,88.20,94.75,0.78,1,-1
395,27,561.73,220.22,52.72,50.21,0.69,1,-1
395,28,492.75,156.00,71.21,86.67,0.67,3,-1
396,26,481.42,310.87,90.48,97.63,0.80,1,-1
396,27,558.94,222.59,54.95,52.95,0.72,1,-1
396,28,491.86,157.54,72.19,87.81,0.60,3,-1
397,26,476.79,318.15,92.49,99.98,0.79,1,-1
397,27,557.43,224.10,56.09,54.61,0.74,1,-1
397,28,491.09,156.55,74.30,90.37,0.52,3,-1
398,26,471.35,324.72,94.92,102.74,0.82,1,-1
398,27,555.18,225.28,58.64,57.80,0.74,1,-1
398,28,488.89,155.49,76.08,92.61,0.55,3,-1
399,26,466.12,331.00,97.13,105.03,0.82,1,-1
399,27,553.54,227.60,59.31,59.02,0.76,1,-1
399,28,488.38,157.86,75.51,91.96,0.56,3,-1
400,26,456.89,341.63,101.67,109.69,0.85,1,-1
400,27,551.44,230.38,60.62,60.73,0.78,1,-1
400,28,487.09,161.49,74.81,90.96,0.63,3,-1
401,26,449.36,349.48,106.38,114.63,0.81,1,-1
401,27,550.14,233.34,60.88,61.37,0.73,1,-1
401,28,483.59,164.17,74.53,90.54,0.66,3,-1
402,26,441.48,357.50,110.63,119.04,0.80,1,-1
402,27,548.87,236.37,61.28,62.21,0.74,1,-1
402,28,480.43,165.11,74.87,91.03,0.65,3,-1
403,26,434.40,364.95,114.73,123.88,0.85,1,-1
403,27,547.53,239.41,61.27,62.50,0.75,1,-1
403,28,478.40,165.41,76.14,92.53,0.67,3,-1
404,26,418.46,377.88,125.08,135.22,0.85,1,-1
404,27,544.83,243.12,61.80,63.21,0.78,1,-1
404,28,476.88,166.15,76.93,93.07,0.66,3,-1
405,26,406.96,388.46,132.32,143.35,0.86,1,-1
405,27,541.96,245.77,63.15,64.75,0.80,1,-1
405,28,474.70,165.06,79.89,96.56,0.62,3,-1
406,26,396.14,397.57,140.29,152.79,0.85,1,-1
406,27,539.50,248.02,65.18,67.24,0.81,1,-1
406,28,473.86,168.54,78.51,94.58,0.69,3,-1
407,26,377.87,416.65,151.63,165.84,0.88,1,-1
407,27,537.32,252.67,65.27,67.53,0.79,1,-1
407,28,471.66,171.19,79.19,95.08,0.69,3,-1
408,26,361.27,432.22,161.29,177.18,0.88,1,-1
408,27,535.03,256.35,66.33,68.89,0.79,1,-1
408,28,471.10,172.80,78.37,93.93,0.69,3,-1
409,26,345.81,445.18,171.73,189.73,0.86,1,-1
409,27,533.11,260.28,67.63,70.67,0.80,1,-1
409,28,468.35,174.03,81.24,97.44,0.68,3,-1
410,26,329.99,458.90,181.10,200.88,0.81,1,-1
410,27,531.15,263.00,68.06,71.32,0.77,1,-1
410,28,465.75,174.45,83.59,100.69,0.66,3,-1
411,26,304.68,484.13,196.29,218.92,0.67,1,-1
411,27,527.40,267.85,69.77,73.47,0.80,1,-1
411,28,461.25,174.57,85.10,102.56,0.75,3,-1
412,26,288.41,504.57,195.12,215.58,0.70,1,-1
412,27,524.47,272.21,70.93,74.91,0.79,1,-1
412,28,459.16,174.57,86.46,103.90,0.73,3,-1
413,26,282.21,527.87,183.99,198.48,0.70,1,-1
413,27,521.66,275.74,72.88,77.36,0.82,1,-1
413,28,456.93,175.84,86.71,103.72,0.72,3,-1
414,26,278.59,551.07,170.20,176.72,0.64,1,-1
414,27,518.73,278.95,74.21,78.91,0.80,1,-1
414,28,454.50,173.67,90.72,108.18,0.59,3,-1
415,27,514.90,284.60,76.35,81.40,0.81,1,-1
415,28,450.50,172.19,95.24,113.71,0.55,3,-1
416,27,511.02,288.63,78.86,84.25,0.84,1,-1
416,28,446.94,172.23,97.90,117.10,0.68,3,-1
417,27,507.08,293.30,80.32,85.96,0.78,1,-1
417,28,444.33,172.87,99.55,119.01,0.73,3,-1
418,27,503.40,296.94,82.07,87.86,0.80,1,-1
418,28,441.86,173.11,100.62,120.34,0.77,3,-1
419,27,496.87,303.38,86.66,93.04,0.79,1,-1
419,28,436.65,173.19,105.13,125.96,0.81,3,-1
420,27,492.00,309.61,88.13,94.38,0.80,1,-1
420,28,432.65,174.48,107.10,128.07,0.77,3,-1
421,27,487.71,315.79,90.39,96.75,0.81,1,-1
421,28,428.27,173.70,111.04,132.68,0.79,3,-1
422,27,483.97,321.28,92.35,98.90,0.83,1,-1
422,28,425.76,175.94,111.10,132.48,0.82,3,-1
423,27,475.95,330.35,96.76,103.52,0.83,1,-1
423,28,421.50,176.81,113.29,134.89,0.83,3,-1
424,27,468.76,336.95,102.30,109.73,0.85,1,-1
424,28,418.29,177.13,114.82,136.39,0.85,3,-1
425,27,463.13,343.84,105.18,112.74,0.86,1,-1
425,28,414.99,177.23,117.07,138.84,0.84,3,-1
426,27,456.48,349.61,109.59,117.68,0.85,1,-1
426,28,411.31,177.90,119.65,141.65,0.84,3,-1
427,27,446.15,361.25,116.16,125.25,0.86,1,-1
427,28,405.02,178.79,124.72,147.84,0.85,3,-1
428,27,436.50,370.75,121.87,131.94,0.84,1,-1
428,28,399.41,179.76,128.02,151.44,0.85,3,-1
429,27,426.76,378.79,127.93,138.93,0.85,1,-1
429,28,395.42,181.41,130.50,154.06,0.87,3,-1
430,27,417.56,386.87,134.27,146.66,0.84,1,-1
430,28,392.57,182.03,132.92,156.91,0.88,3,-1
431,27,403.82,403.73,142.72,156.55,0.87,1,-1
431,28,386.09,184.19,135.75,159.87,0.90,3,-1
432,27,390.36,416.56,152.25,167.89,0.85,1,-1
432,28,382.26,185.65,138.35,162.86,0.90,3,-1
433,27,378.43,429.02,160.60,177.95,0.83,1,-1
433,28,379.63,188.12,139.23,163.29,0.90,3,-1
434,27,364.69,441.33,170.23,189.36,0.86,1,-1
434,28,374.66,189.05,142.48,166.59,0.88,3,-1
435,27,342.35,463.52,181.22,201.92,0.84,1,-1
435,28,366.72,192.61,145.60,169.07,0.88,3,-1
436,27,324.59,480.36,192.85,215.55,0.81,1,-1
436,28,362.03,193.96,148.30,171.24,0.85,3,-1
437,27,309.20,497.49,197.50,219.04,0.81,1,-1
437,28,356.38,193.78,152.66,175.87,0.86,3,-1
438,27,301.10,514.86,192.78,210.08,0.75,1,-1
438,28,352.62,194.32,155.13,178.23,0.87,3,-1
439,27,299.79,547.92,171.49,179.53,0.71,1,-1
439,28,343.48,201.62,158.71,180.33,0.85,3,-1
440,28,336.39,204.40,163.55,184.30,0.88,3,-1
441,28,330.07,203.48,169.56,190.26,0.89,3,-1
442,28,321.27,207.57,174.53,195.06,0.87,3,-1
443,28,313.48,209.76,178.97,198.76,0.87,3,-1
444,28,302.01,206.69,188.17,207.83,0.83,3,-1
445,28,294.32,208.01,193.97,213.16,0.84,3,-1
446,28,286.29,219.39,194.36,211.28,0.83,3,-1
447,28,276.06,218.63,203.18,219.45,0.81,3,-1
448,28,266.46,220.21,210.45,225.69,0.75,3,-1
449,28,257.25,222.70,218.10,232.50,0.79,3,-1
450,28,234.80,214.63,238.58,253.62,0.67,3,-1
451,28,217.96,208.99,255.45,271.10,0.71,3,-1
453,28,195.31,209.34,275.15,293.06,0.59,3,-1
454,28,173.22,205.83,293.23,313.60,0.67,3,-1
456,28,78.59,196.45,337.41,347.05,0.61,3,-1
457,28,49.67,195.36,360.68,360.68,0.65,3,-1
458,28,40.48,198.70,382.15,378.59,0.61,3,-1
460,28,8.44,197.82,420.02,414.71,0.66,3,-1
461,28,-8.21,191.11,446.99,444.09,0.67,3,-1
462,28,-22.16,196.12,466.95,469.63,0.60,3,-1
464,28,-44.81,181.23,505.16,519.59,0.62,3,-1
465,28,-31.35,218.06,472.84,491.51,0.57,3,-1
466,28,-22.97,244.82,446.89,468.45,0.55,3,-1
467,28,-19.30,257.83,432.02,456.51,0.71,3,-1
468,28,-19.08,263.66,425.95,454.16,0.64,3,-1
469,28,-17.61,268.18,419.37,450.70,0.76,3,-1
470,28,-16.27,276.17,410.52,445.51,0.80,3,-1
471,28,-16.75,281.49,401.01,439.66,0.84,3,-1
472,28,-15.28,287.82,391.29,432.91,0.86,3,-1
473,28,-14.80,295.87,379.57,423.17,0.87,3,-1
474,28,-15.14,303.22,367.32,412.98,0.89,3,-1
475,28,-14.79,308.97,357.60,405.36,0.90,3,-1
476,28,-16.36,314.14,351.80,402.76,0.89,3,-1
477,28,-18.71,325.14,338.20,391.94,0.66,3,-1
478,28,-18.63,333.62,327.02,383.42,0.68,3,-1
480,28,-21.26,349.21,309.48,368.40,0.52,3,-1
