4,1,912.58,0.00,74.04,43.40,0.62,1,-1
5,1,909.48,0.00,78.59,46.12,0.65,1,-1
6,1,906.57,0.00,83.81,49.33,0.64,1,-1
6,2,1014.40,0.00,68.59,45.40,0.67,1,-1
7,1,904.72,0.00,87.35,51.79,0.67,1,-1
7,2,1012.26,0.00,72.58,48.13,0.68,1,-1
8,1,904.35,0.00,91.51,54.65,0.68,1,-1
8,2,1009.80,0.00,78.15,52.08,0.65,1,-1
9,1,902.83,0.00,95.83,57.63,0.72,1,-1
9,2,1009.59,0.00,81.61,54.80,0.63,1,-1
10,1,901.67,0.00,99.96,60.66,0.73,1,-1
10,2,1009.75,0.00,85.16,57.73,0.69,1,-1
11,1,897.48,0.00,104.49,64.34,0.69,1,-1
11,2,1008.50,0.00,88.40,60.74,0.69,1,-1
11,3,1104.04,0.00,66.51,34.80,0.62,1,-1
12,1,894.64,0.00,108.01,67.62,0.64,1,-1
12,2,1007.77,0.65,91.39,63.76,0.72,1,-1
12,3,1103.78,0.00,69.64,36.48,0.62,1,-1
13,1,888.44,0.00,111.26,71.39,0.58,1,-1
13,2,1007.17,1.56,93.15,66.14,0.67,1,-1
13,3,1104.59,0.00,73.44,38.57,0.71,1,-1
14,1,884.14,0.00,114.33,75.33,0.61,1,-1
14,2,1007.14,3.84,92.72,66.97,0.63,1,-1
14,3,1106.13,0.00,77.19,40.68,0.69,1,-1
15,1,882.84,0.63,115.36,78.09,0.63,1,-1
15,2,1009.15,9.28,89.10,65.25,0.59,1,-1
15,3,1106.31,0.00,81.87,43.44,0.69,1,-1
16,1,883.43,4.68,110.44,76.57,0.62,1,-1
16,2,1012.93,16.00,84.27,62.47,0.63,1,-1
16,3,1106.75,0.00,85.39,45.74,0.68,1,-1
17,1,883.44,8.90,105.76,75.15,0.59,1,-1
17,2,1015.36,20.53,81.72,61.30,0.58,1,-1
17,3,1105.64,0.00,91.76,49.83,0.68,1,-1
18,1,881.31,12.48,104.36,75.81,0.55,1,-1
18,2,1016.07,23.49,81.80,62.15,0.66,1,-1
18,3,1106.14,0.00,95.44,52.64,0.71,1,-1
19,1,880.59,17.71,101.77,75.35,0.64,1,-1
19,2,1016.45,25.19,82.86,63.74,0.71,1,-1
19,3,1107.69,0.00,97.87,54.97,0.73,1,-1
20,1,878.75,20.36,102.00,77.04,0.62,1,-1
20,2,1017.54,27.73,82.63,64.31,0.71,1,-1
20,3,1108.98,0.00,99.92,57.09,0.75,1,-1
21,1,877.68,24.56,100.97,77.63,0.66,1,-1
21,2,1016.96,29.93,85.79,67.75,0.72,1,-1
21,3,1108.79,0.00,104.52,61.03,0.77,1,-1
22,1,875.06,28.73,100.52,78.45,0.69,1,-1
22,2,1017.39,33.29,86.31,69.04,0.73,1,-1
22,3,1110.55,0.00,106.97,63.79,0.77,1,-1
22,4,1005.58,0.00,67.84,37.60,0.62,1,-1
23,1,872.08,31.58,102.44,81.30,0.72,1,-1
23,2,1018.58,37.77,85.06,68.84,0.75,1,-1
23,3,1112.68,0.00,109.38,66.72,0.75,1,-1
23,4,1006.15,0.00,69.74,38.66,0.66,1,-1
24,1,869.34,33.90,105.15,84.93,0.74,1,-1
24,2,1019.17,41.38,85.55,70.01,0.75,1,-1
24,3,1114.59,0.00,112.51,70.33,0.72,1,-1
24,4,1003.20,0.00,74.42,41.32,0.71,1,-1
25,1,867.93,38.58,104.43,85.65,0.74,1,-1
25,2,1019.47,44.63,87.50,72.37,0.76,1,-1
25,3,1116.10,0.00,116.53,74.85,0.74,1,-1
25,4,1002.23,0.00,79.47,44.33,0.66,1,-1
26,1,866.55,42.93,103.98,86.50,0.74,1,-1
26,2,1018.37,47.74,89.98,75.17,0.78,1,-1
26,3,1118.28,0.00,117.99,77.85,0.73,1,-1
26,4,1000.21,0.00,83.25,46.72,0.66,1,-1
27,1,863.09,46.48,107.16,90.65,0.73,1,-1
27,2,1018.74,51.43,90.59,76.22,0.78,1,-1
27,3,1119.89,0.00,120.11,81.48,0.75,1,-1
27,4,998.95,0.00,87.61,49.54,0.66,1,-1
28,1,860.27,50.34,108.26,92.85,0.74,1,-1
28,2,1019.61,56.66,90.61,76.58,0.80,1,-1
28,3,1124.81,5.02,116.64,80.98,0.74,1,-1
28,4,994.80,0.00,92.01,52.52,0.66,1,-1
29,1,858.68,56.90,107.18,93.00,0.73,1,-1
29,2,1019.62,60.53,93.82,79.91,0.80,1,-1
29,3,1128.75,9.63,116.24,82.56,0.75,1,-1
29,4,993.04,0.00,95.90,55.54,0.65,1,-1
29,5,909.99,0.00,69.83,39.60,0.61,1,-1
30,1,855.22,60.66,109.31,96.22,0.73,1,-1
30,2,1019.18,65.15,95.90,82.43,0.79,1,-1
30,3,1133.53,14.60,114.55,83.10,0.74,1,-1
30,4,990.95,0.00,99.58,58.58,0.63,1,-1
30,5,908.12,0.00,72.95,41.43,0.61,1,-1
31,1,852.03,65.23,110.76,98.69,0.71,1,-1
31,2,1020.06,70.70,96.47,83.37,0.79,1,-1
31,3,1137.65,18.46,114.37,84.51,0.77,1,-1
31,4,988.53,0.00,104.83,62.89,0.62,1,-1
31,5,905.61,0.00,77.77,44.33,0.62,1,-1
32,1,849.27,71.41,111.24,100.23,0.76,1,-1
32,2,1019.87,75.99,99.64,86.90,0.79,1,-1
32,3,1142.34,22.50,113.72,85.63,0.80,1,-1
32,4,988.05,0.00,108.47,66.42,0.60,1,-1
32,5,903.87,0.00,82.61,47.41,0.56,1,-1
33,1,845.37,76.94,113.33,103.35,0.79,1,-1
33,2,1020.83,81.78,101.32,88.87,0.79,1,-1
33,3,1145.97,25.96,115.46,88.56,0.78,1,-1
33,4,987.05,0.00,112.16,70.29,0.61,1,-1
33,5,899.17,0.00,88.41,51.18,0.59,1,-1
34,1,842.05,84.10,114.65,105.78,0.78,1,-1
34,2,1019.79,85.86,104.75,92.79,0.78,1,-1
34,3,1151.11,31.10,114.26,89.00,0.79,1,-1
34,4,985.63,0.00,115.69,74.27,0.51,1,-1
34,5,896.41,0.00,91.91,53.85,0.67,1,-1
35,1,838.89,91.28,115.17,107.31,0.78,1,-1
35,2,1021.57,93.72,104.23,92.99,0.79,1,-1
35,3,1156.49,35.65,113.94,89.72,0.79,1,-1
35,4,982.53,0.00,119.02,78.30,0.69,1,-1
35,5,893.64,0.00,95.38,56.75,0.68,1,-1
36,1,833.89,99.10,118.54,111.70,0.79,1,-1
36,2,1022.06,101.20,106.30,95.57,0.83,1,-1
36,3,1160.29,39.93,115.98,92.52,0.83,1,-1
36,4,981.66,0.00,122.07,82.35,0.56,1,-1
36,5,891.31,0.00,98.61,59.73,0.68,1,-1
37,1,829.39,107.12,119.34,113.34,0.79,1,-1
37,2,1023.96,107.18,108.12,97.80,0.84,1,-1
37,3,1164.10,43.44,118.93,96.12,0.80,1,-1
37,4,979.59,0.00,125.48,87.02,0.56,1,-1
37,5,889.27,0.00,101.52,62.74,0.66,1,-1
38,1,824.66,114.62,123.14,118.41,0.79,1,-1
38,2,1023.60,114.50,112.25,102.46,0.84,1,-1
38,3,1168.98,49.21,120.13,98.10,0.80,1,-1
38,4,993.14,13.11,110.57,78.83,0.66,1,-1
38,5,888.09,0.00,104.09,65.76,0.71,1,-1
38,6,1126.23,0.00,68.74,39.60,0.65,1,-1
39,1,819.74,122.50,126.46,122.86,0.75,1,-1
39,2,1022.72,121.69,115.91,106.77,0.81,1,-1
39,3,1174.90,55.25,120.04,98.80,0.81,1,-1
39,4,996.42,18.66,107.83,79.06,0.69,1,-1
39,5,886.27,0.00,107.22,69.42,0.68,1,-1
39,6,1125.48,0.00,73.13,42.19,0.64,1,-1
40,1,813.47,131.18,130.83,128.37,0.78,1,-1
40,2,1022.53,130.10,120.13,111.59,0.83,1,-1
40,3,1179.99,61.38,122.57,101.58,0.83,1,-1
40,4,999.47,21.97,105.68,79.77,0.69,1,-1
40,5,883.34,0.00,111.00,73.95,0.68,1,-1
40,6,1124.64,0.00,79.55,46.08,0.69,1,-1
41,1,806.45,141.42,134.19,132.36,0.81,1,-1
41,2,1022.86,138.98,122.83,114.69,0.83,1,-1
41,3,1185.99,67.51,126.15,105.16,0.83,1,-1
41,4,1002.80,26.43,102.45,79.32,0.69,1,-1
41,5,881.45,1.25,111.48,76.32,0.66,1,-1
41,6,1124.29,0.00,86.05,50.19,0.72,1,-1
42,1,799.96,151.67,138.64,137.68,0.81,1,-1
42,2,1023.14,148.07,127.34,119.66,0.81,1,-1
42,3,1190.51,72.36,129.98,109.06,0.82,1,-1
42,4,1003.52,30.71,102.27,81.02,0.70,1,-1
42,5,882.93,7.44,105.94,74.01,0.70,1,-1
42,6,1125.83,0.00,91.09,53.63,0.74,1,-1
43,1,792.14,162.51,144.10,144.13,0.82,1,-1
43,2,1024.03,157.82,131.28,124.07,0.83,1,-1
43,3,1196.04,80.53,132.63,111.80,0.83,1,-1
43,4,1002.41,32.94,105.57,85.50,0.62,1,-1
43,5,880.32,9.32,107.58,76.80,0.66,1,-1
43,6,1126.55,0.00,95.26,56.82,0.76,1,-1
44,1,783.86,172.94,149.86,151.02,0.84,1,-1
44,2,1024.28,166.58,137.42,130.82,0.82,1,-1
44,3,1203.13,86.19,135.67,114.71,0.85,1,-1
44,4,1004.02,36.94,105.27,87.19,0.73,1,-1
44,5,880.64,13.20,104.97,76.55,0.70,1,-1
44,6,1127.67,0.00,98.93,59.90,0.75,1,-1
45,1,774.68,186.36,154.63,156.18,0.84,1,-1
45,2,1025.96,178.71,141.00,134.66,0.82,1,-1
45,3,1208.32,91.47,140.07,118.98,0.82,1,-1
45,4,1004.42,40.37,106.87,90.35,0.66,1,-1
45,5,880.14,16.66,103.97,77.62,0.65,1,-1
45,6,1127.50,0.00,104.01,64.22,0.75,1,-1
46,1,765.88,200.36,160.68,163.19,0.83,1,-1
46,2,1026.76,190.33,146.51,140.53,0.84,1,-1
46,3,1216.13,101.07,142.02,120.58,0.85,1,-1
46,4,1006.04,45.48,107.05,92.16,0.71,1,-1
46,5,878.48,21.18,103.34,78.62,0.69,1,-1
46,6,1128.20,0.00,107.51,67.74,0.75,1,-1
47,1,755.16,214.53,168.29,172.18,0.84,1,-1
47,2,1029.36,203.58,150.98,145.29,0.85,1,-1
47,3,1223.31,109.84,146.40,124.32,0.85,1,-1
47,4,1007.25,50.62,107.84,94.72,0.71,1,-1
47,5,876.87,22.91,104.43,80.86,0.72,1,-1
47,6,1129.35,0.00,110.82,71.59,0.76,1,-1
48,1,746.65,231.27,173.70,178.78,0.84,1,-1
48,2,1030.89,217.50,157.35,152.14,0.83,1,-1
48,3,1231.23,118.23,151.60,128.91,0.83,1,-1
48,4,1007.60,55.11,108.34,96.94,0.78,1,-1
48,5,875.54,26.74,104.38,82.32,0.75,1,-1
48,6,1130.77,0.00,115.74,76.80,0.73,1,-1
48,7,1010.70,0.00,70.60,42.60,0.66,1,-1
49,1,730.91,248.44,184.37,190.76,0.86,1,-1
49,2,1031.98,232.89,163.82,159.17,0.85,1,-1
49,3,1239.70,127.10,156.57,133.17,0.83,1,-1
49,4,1006.77,58.70,111.66,101.59,0.74,1,-1
49,5,873.91,30.12,105.36,84.75,0.77,1,-1
49,6,1132.84,0.62,118.33,80.69,0.73,1,-1
49,7,1007.07,0.00,74.81,45.19,0.68,1,-1
50,1,717.04,266.92,197.20,206.04,0.85,1,-1
50,2,1033.45,250.14,171.77,168.17,0.84,1,-1
50,3,1246.94,138.08,163.71,139.23,0.84,1,-1
50,4,1007.71,63.83,113.58,105.25,0.55,1,-1
50,5,871.76,33.30,106.28,86.91,0.73,1,-1
50,6,1138.67,6.51,114.27,79.67,0.75,1,-1
50,7,1001.67,0.00,82.30,49.84,0.68,1,-1
51,1,703.61,287.16,205.23,215.77,0.85,1,-1
51,2,1036.38,268.70,179.52,176.67,0.85,1,-1
51,3,1257.87,149.21,169.63,144.07,0.86,1,-1
51,4,1009.42,70.86,112.22,105.35,0.74,1,-1
51,5,869.78,37.05,107.05,88.98,0.73,1,-1
51,6,1143.91,11.49,111.10,79.06,0.78,1,-1
51,7,999.04,0.00,87.88,53.49,0.71,1,-1
52,1,684.35,310.72,220.74,233.94,0.86,1,-1
52,2,1038.28,288.44,189.20,187.48,0.83,1,-1
52,3,1267.36,161.06,175.83,149.06,0.84,1,-1
52,4,1010.24,78.68,112.60,107.22,0.75,1,-1
52,5,867.17,40.38,108.51,91.65,0.74,1,-1
52,6,1147.84,14.72,111.73,81.29,0.76,1,-1
52,7,997.07,0.00,92.74,56.76,0.66,1,-1
53,1,665.05,336.01,236.12,252.83,0.87,1,-1
53,2,1041.40,311.08,197.56,196.69,0.82,1,-1
53,3,1275.77,173.80,186.30,157.93,0.82,1,-1
53,4,1009.69,83.53,116.36,112.38,0.63,1,-1
53,5,865.04,45.45,109.47,93.91,0.75,1,-1
53,6,1152.26,17.22,113.04,84.00,0.77,1,-1
53,7,994.90,0.00,98.15,60.54,0.66,1,-1
54,1,641.99,365.15,251.45,272.08,0.87,1,-1
54,2,1040.62,332.43,212.33,213.42,0.86,1,-1
54,3,1286.46,186.20,197.30,167.63,0.83,1,-1
54,4,1010.91,89.13,118.07,115.59,0.75,1,-1
54,5,864.46,51.22,108.75,94.72,0.71,1,-1
54,6,1156.72,20.71,113.68,86.26,0.74,1,-1
54,7,993.35,0.00,102.35,63.85,0.71,1,-1
55,1,616.52,396.48,270.36,296.42,0.86,1,-1
55,2,1044.49,358.68,225.21,228.02,0.88,1,-1
55,3,1298.44,199.73,209.03,177.68,0.86,1,-1
55,4,1010.40,95.04,122.57,121.89,0.74,1,-1
55,5,862.37,56.61,109.07,96.25,0.67,1,-1
55,6,1161.46,25.89,113.52,87.70,0.75,1,-1
55,7,989.90,0.00,109.72,69.53,0.69,1,-1
56,1,582.59,431.65,298.45,331.94,0.86,1,-1
56,2,1048.09,386.42,242.36,248.08,0.84,1,-1
56,3,1313.54,217.48,217.08,184.09,0.85,1,-1
56,4,1012.55,104.85,122.11,123.02,0.69,1,-1
56,5,858.99,63.12,109.90,98.07,0.73,1,-1
56,6,1165.67,30.44,113.66,89.45,0.80,1,-1
56,7,987.68,0.00,114.98,74.22,0.60,1,-1
57,1,543.88,469.43,330.11,371.77,0.83,1,-1
57,2,1050.23,415.22,263.14,272.69,0.84,1,-1
57,3,1328.28,234.45,230.12,194.72,0.86,1,-1
57,4,1012.82,113.09,124.93,127.20,0.65,1,-1
57,5,856.39,68.77,110.30,99.36,0.76,1,-1
57,6,1171.59,36.02,112.65,90.05,0.80,1,-1
57,7,986.24,0.00,118.20,77.90,0.62,1,-1
58,1,499.34,516.86,366.05,417.72,0.84,1,-1
58,2,1052.53,448.11,288.17,302.78,0.82,1,-1
58,3,1345.85,252.88,243.32,205.08,0.86,1,-1
58,4,1013.40,119.36,128.84,132.58,0.80,1,-1
58,5,852.47,73.44,112.49,102.37,0.77,1,-1
58,6,1175.61,39.43,115.06,93.42,0.80,1,-1
58,7,985.36,0.00,122.00,82.41,0.61,1,-1
59,1,454.78,573.05,399.61,462.54,0.81,1,-1
59,2,1055.48,483.84,314.30,335.05,0.82,1,-1
59,3,1365.29,275.05,257.68,215.98,0.88,1,-1
59,4,1013.66,129.30,132.14,137.15,0.76,1,-1
59,5,849.10,78.35,115.86,106.70,0.77,1,-1
59,6,1179.62,43.24,117.92,97.21,0.80,1,-1
59,7,992.88,10.01,112.17,77.25,0.52,1,-1
60,1,434.91,636.68,383.88,440.42,0.72,1,-1
60,2,1058.01,527.46,345.36,374.33,0.82,1,-1
60,3,1384.53,298.69,276.84,231.48,0.86,1,-1
60,4,1015.37,138.80,134.59,140.77,0.82,1,-1
60,5,845.69,83.98,118.25,110.24,0.73,1,-1
60,6,1185.14,50.40,117.30,98.00,0.80,1,-1
60,7,1000.39,16.83,106.51,75.47,0.61,1,-1
61,2,1062.14,574.82,382.03,421.23,0.82,1,-1
61,3,1406.26,325.94,297.52,247.49,0.83,1,-1
61,4,1015.95,148.11,138.86,146.56,0.76,1,-1
61,5,843.93,91.19,118.23,111.57,0.74,1,-1
61,6,1192.93,57.65,115.83,97.56,0.79,1,-1
61,7,1002.85,22.64,104.46,76.01,0.70,1,-1
62,2,1086.63,631.51,388.84,429.01,0.78,1,-1
62,3,1426.05,349.08,332.24,276.18,0.85,1,-1
62,4,1016.63,157.31,145.24,154.46,0.78,1,-1
62,5,837.57,97.75,123.23,117.79,0.77,1,-1
62,6,1198.21,62.96,118.91,101.18,0.82,1,-1
62,7,1005.51,26.11,102.79,76.80,0.70,1,-1
62,1,444.37,810.38,274.19,286.15,0.66,1,-1
63,2,1122.64,697.08,359.22,388.03,0.57,1,-1
63,3,1453.40,381.43,360.73,298.58,0.84,1,-1
63,4,1016.51,166.46,151.60,162.54,0.82,1,-1
63,5,834.38,105.90,123.55,118.87,0.79,1,-1
63,6,1203.91,68.12,121.49,104.44,0.84,1,-1
63,7,1006.49,30.63,101.55,77.67,0.69,1,-1
64,2,1165.77,779.11,307.02,314.85,0.70,1,-1
64,3,1481.34,415.37,405.42,335.30,0.83,1,-1
64,4,1018.38,179.38,155.25,167.54,0.82,1,-1
64,5,828.47,114.12,128.59,124.98,0.78,1,-1
64,6,1209.25,73.22,125.59,108.85,0.83,1,-1
64,7,1007.73,35.55,100.59,78.58,0.72,1,-1
65,3,1493.95,452.00,443.57,372.52,0.84,1,-1
65,4,1019.48,191.94,160.94,175.10,0.79,1,-1
65,5,824.99,122.27,129.84,127.28,0.79,1,-1
65,6,1215.04,80.22,128.45,112.42,0.83,1,-1
65,7,1007.65,39.33,102.57,82.10,0.69,1,-1
66,3,1491.35,494.19,496.00,430.84,0.82,1,-1
66,4,1021.58,206.81,166.69,182.40,0.82,1,-1
66,5,819.70,131.08,133.20,131.93,0.78,1,-1
66,6,1222.38,87.32,130.63,115.02,0.82,1,-1
66,7,1008.72,43.28,103.00,84.05,0.75,1,-1
66,8,1126.97,0.00,74.06,43.40,0.68,1,-1
67,3,1493.84,538.87,538.76,490.57,0.81,1,-1
67,4,1023.95,220.09,174.64,192.75,0.74,1,-1
67,5,814.17,140.11,136.46,136.22,0.79,1,-1
67,6,1229.34,95.10,135.17,119.80,0.83,1,-1
67,7,1009.94,47.95,103.46,86.03,0.77,1,-1
67,8,1126.73,0.00,79.83,46.88,0.68,1,-1
68,3,1539.64,598.07,497.53,474.83,0.73,1,-1
68,4,1023.60,236.46,184.64,206.17,0.83,1,-1
68,5,806.55,147.95,142.39,143.56,0.81,1,-1
68,6,1236.80,103.75,138.60,123.50,0.85,1,-1
68,7,1012.15,54.19,102.68,86.73,0.79,1,-1
68,8,1127.28,0.00,86.53,51.07,0.66,1,-1
69,4,1026.92,254.03,192.18,216.39,0.80,1,-1
69,5,801.08,157.84,146.02,148.26,0.80,1,-1
69,6,1245.17,111.48,143.41,128.70,0.86,1,-1
69,7,1011.62,58.46,105.11,90.16,0.77,1,-1
69,8,1129.10,0.00,91.83,54.58,0.74,1,-1
69,9,1012.95,0.00,70.10,52.60,0.58,1,-1
70,4,1029.43,272.77,202.77,230.38,0.83,1,-1
70,5,792.27,167.29,153.91,157.64,0.83,1,-1
70,6,1254.01,120.09,149.74,135.10,0.85,1,-1
70,7,1010.07,62.58,108.68,94.64,0.77,1,-1
70,8,1129.76,0.00,96.36,57.79,0.74,1,-1
70,9,1012.55,0.00,72.44,54.43,0.54,1,-1
71,4,1029.02,293.75,215.90,247.69,0.83,1,-1
71,5,783.30,178.41,160.60,165.65,0.83,1,-1
71,6,1264.29,132.20,151.58,136.92,0.87,1,-1
71,7,1011.93,69.19,108.91,96.33,0.76,1,-1
71,8,1129.14,0.00,102.22,62.21,0.71,1,-1
72,4,1032.19,319.34,227.39,263.18,0.83,1,-1
72,5,774.36,191.48,166.58,173.15,0.82,1,-1
72,6,1273.56,140.68,160.00,145.18,0.87,1,-1
72,7,1013.37,75.54,108.82,97.56,0.80,1,-1
72,8,1130.49,0.00,106.28,65.76,0.72,1,-1
72,9,1009.51,1.81,79.97,60.32,0.57,1,-1
73,4,1033.47,341.86,246.80,289.18,0.85,1,-1
73,5,766.86,206.59,171.97,180.43,0.83,1,-1
73,6,1284.95,153.31,164.44,149.58,0.87,1,-1
73,7,1014.87,82.40,110.05,99.89,0.79,1,-1
73,8,1131.66,0.00,110.27,69.62,0.73,1,-1
73,9,1008.62,3.59,82.68,62.63,0.60,1,-1
74,4,1034.99,367.91,265.97,316.07,0.80,1,-1
74,5,757.10,221.22,179.03,189.51,0.82,1,-1
74,6,1294.63,164.51,173.86,158.84,0.87,1,-1
74,7,1013.45,88.80,113.84,104.58,0.78,1,-1
74,8,1132.24,0.00,115.89,74.86,0.69,1,-1
74,9,1002.78,1.48,91.93,70.19,0.56,1,-1
75,4,1039.80,398.54,286.10,345.30,0.79,1,-1
75,5,745.53,238.15,188.58,201.17,0.84,1,-1
75,6,1306.52,178.82,181.14,166.16,0.87,1,-1
75,7,1014.53,95.00,117.07,108.90,0.81,1,-1
75,8,1133.74,0.00,119.84,79.37,0.70,1,-1
75,9,1000.71,0.69,97.11,74.88,0.57,1,-1
76,4,1041.61,433.47,311.63,382.79,0.79,1,-1
76,5,734.18,255.32,196.04,210.70,0.83,1,-1
76,6,1318.60,193.80,190.32,175.28,0.82,1,-1
76,7,1015.79,104.30,118.53,111.17,0.77,1,-1
76,8,1138.67,3.13,119.50,81.10,0.74,1,-1
76,9,998.64,0.35,101.66,79.22,0.54,1,-1
77,5,719.83,272.64,207.52,225.04,0.85,1,-1
77,6,1331.92,210.24,199.70,184.44,0.86,1,-1
77,7,1018.21,111.67,120.95,115.17,0.77,1,-1
77,8,1139.33,1.88,125.02,87.35,0.68,1,-1
77,9,994.83,0.21,107.54,84.66,0.65,1,-1
78,5,706.56,293.04,219.28,240.61,0.87,1,-1
78,6,1349.52,229.77,207.89,191.74,0.85,1,-1
78,7,1017.88,118.24,126.29,122.40,0.80,1,-1
78,8,1148.39,11.35,116.32,82.90,0.72,1,-1
78,9,993.63,0.14,111.11,88.64,0.59,1,-1
78,4,1048.98,520.96,370.03,461.78,0.80,1,-1
79,5,690.71,315.94,230.94,256.05,0.85,1,-1
79,6,1367.20,248.05,220.80,203.34,0.87,1,-1
79,7,1020.62,128.89,126.98,124.54,0.80,1,-1
79,8,1153.92,17.29,114.63,83.36,0.72,1,-1
79,4,1063.86,576.21,379.73,477.72,0.73,1,-1
80,5,672.48,339.84,245.85,275.80,0.85,1,-1
80,6,1385.53,270.74,234.69,215.96,0.87,1,-1
80,7,1022.63,139.35,129.80,128.47,0.81,1,-1
80,8,1159.67,22.10,113.63,84.11,0.76,1,-1
81,5,654.39,369.03,259.33,294.12,0.83,1,-1
81,6,1405.84,294.57,252.47,232.12,0.87,1,-1
81,7,1024.81,150.93,132.48,132.47,0.81,1,-1
81,8,1163.08,25.21,115.81,87.53,0.72,1,-1
81,4,1142.15,714.85,312.18,374.25,0.63,1,-1
82,5,630.38,399.80,279.17,320.57,0.84,1,-1
82,6,1431.03,323.14,269.67,247.16,0.84,1,-1
82,7,1025.64,161.03,137.29,138.41,0.82,1,-1
82,8,1168.24,30.84,113.90,87.51,0.79,1,-1
82,4,1188.50,813.82,250.10,276.44,0.51,1,-1
82,9,1008.26,36.46,92.95,74.59,0.56,1,-1
83,5,600.97,431.64,305.92,357.54,0.83,1,-1
83,6,1453.27,349.33,299.10,274.23,0.79,1,-1
83,7,1027.00,172.43,143.35,145.73,0.82,1,-1
83,8,1174.41,36.24,113.00,88.03,0.80,1,-1
83,9,1012.56,43.90,90.92,73.79,0.64,1,-1
84,5,566.77,468.72,333.46,395.55,0.82,1,-1
84,6,1482.32,382.92,329.00,301.51,0.81,1,-1
84,7,1028.86,185.59,148.66,152.32,0.82,1,-1
84,8,1178.86,40.20,115.39,91.38,0.81,1,-1
84,9,1014.28,46.81,94.11,77.60,0.73,1,-1
85,5,533.56,510.49,361.36,434.76,0.83,1,-1
85,6,1515.52,420.90,363.49,333.34,0.82,1,-1
85,7,1031.57,200.10,153.67,158.63,0.83,1,-1
85,8,1183.36,44.87,116.94,93.89,0.81,1,-1
85,9,1015.86,51.74,94.57,78.95,0.68,1,-1
85,10,1129.93,0.00,74.35,44.20,0.56,1,-1
86,5,497.81,557.86,393.50,480.55,0.72,1,-1
86,6,1531.37,463.63,404.22,377.31,0.81,1,-1
86,7,1033.21,213.86,161.98,168.61,0.84,1,-1
86,8,1188.57,49.82,118.73,96.73,0.81,1,-1
86,9,1017.93,58.73,94.37,79.50,0.74,1,-1
86,10,1130.90,0.00,79.01,47.06,0.68,1,-1
87,5,487.69,615.29,380.23,462.09,0.50,1,-1
87,6,1524.18,511.72,476.10,464.01,0.85,1,-1
87,7,1034.85,230.40,169.43,178.11,0.84,1,-1
87,8,1195.65,56.15,118.69,97.76,0.82,1,-1
87,9,1017.81,64.50,96.66,82.37,0.71,1,-1
87,10,1130.42,0.00,85.32,51.06,0.72,1,-1
88,6,1554.11,569.57,470.46,480.76,0.82,1,-1
88,7,1038.22,248.09,178.12,188.69,0.84,1,-1
88,8,1199.72,61.11,122.86,102.59,0.81,1,-1
88,9,1019.15,69.79,97.29,83.45,0.75,1,-1
88,10,1130.16,0.00,90.37,54.50,0.72,1,-1
89,6,1618.49,645.27,405.55,436.29,0.78,1,-1
89,7,1040.49,268.07,188.37,201.56,0.82,1,-1
89,8,1204.38,66.13,126.38,106.94,0.81,1,-1
89,9,1019.73,75.56,100.58,87.14,0.74,1,-1
89,10,1130.02,0.00,96.89,59.06,0.76,1,-1
90,7,1044.96,290.18,198.90,214.70,0.83,1,-1
90,8,1210.95,72.46,129.44,110.50,0.81,1,-1
90,9,1021.50,82.80,101.25,88.53,0.72,1,-1
90,10,1129.95,0.00,102.54,63.32,0.74,1,-1
91,7,1048.28,315.64,209.89,228.57,0.85,1,-1
91,8,1217.62,79.94,131.76,113.73,0.82,1,-1
91,9,1022.58,88.67,102.56,90.35,0.71,1,-1
91,10,1129.77,0.00,109.42,68.75,0.75,1,-1
92,7,1052.76,341.18,224.64,247.07,0.87,1,-1
92,8,1225.67,87.24,134.27,116.83,0.84,1,-1
92,9,1025.05,95.94,105.34,93.63,0.78,1,-1
92,10,1130.09,0.00,114.39,73.35,0.75,1,-1
92,11,1018.19,0.00,78.42,42.40,0.68,1,-1
93,7,1056.41,370.99,241.55,268.59,0.82,1,-1
93,8,1232.26,95.09,138.28,121.15,0.81,1,-1
93,9,1026.70,104.38,107.51,96.15,0.78,1,-1
93,10,1131.38,0.00,118.32,77.61,0.72,1,-1
93,11,1013.09,0.00,83.48,45.12,0.68,1,-1
94,7,1060.76,404.98,263.39,295.65,0.83,1,-1
94,8,1241.09,104.40,141.05,124.04,0.84,1,-1
94,9,1027.47,111.35,111.84,100.97,0.81,1,-1
94,10,1131.80,0.00,123.11,82.99,0.72,1,-1
94,11,1007.90,0.00,92.04,49.82,0.64,1,-1
95,7,1065.04,442.42,287.88,327.31,0.83,1,-1
95,8,1248.38,112.40,146.91,130.19,0.85,1,-1
95,9,1029.58,119.64,114.92,104.72,0.78,1,-1
95,10,1136.81,5.61,121.45,83.81,0.71,1,-1
95,11,1007.08,0.00,99.43,54.19,0.62,1,-1
96,7,1069.70,483.69,320.54,370.59,0.81,1,-1
96,8,1257.39,121.10,152.41,135.69,0.84,1,-1
96,9,1029.78,129.11,119.16,109.34,0.78,1,-1
96,10,1142.50,11.11,118.99,83.97,0.76,1,-1
96,11,1006.21,0.00,104.79,57.73,0.69,1,-1
97,7,1078.05,534.20,351.66,412.97,0.83,1,-1
97,8,1265.90,131.36,159.52,142.84,0.85,1,-1
97,9,1031.64,137.74,124.17,114.92,0.79,1,-1
97,10,1146.50,14.57,118.81,85.81,0.79,1,-1
97,11,1006.70,0.00,107.85,60.28,0.69,1,-1
98,7,1094.12,591.81,378.51,448.56,0.80,1,-1
98,8,1275.96,140.32,165.62,149.37,0.76,1,-1
98,9,1034.00,147.29,127.81,118.97,0.80,1,-1
98,10,1151.19,19.08,118.07,87.07,0.76,1,-1
98,11,1007.24,0.00,112.89,64.40,0.71,1,-1
99,7,1132.89,656.83,362.39,422.27,0.76,1,-1
99,8,1287.29,153.18,170.63,154.39,0.84,1,-1
99,9,1037.26,159.14,129.57,121.14,0.81,1,-1
99,10,1155.78,24.67,117.86,88.74,0.79,1,-1
99,11,1008.22,0.00,115.19,67.20,0.75,1,-1
100,7,1180.49,746.02,312.13,346.98,0.66,1,-1
100,8,1298.76,165.08,180.40,163.87,0.80,1,-1
100,9,1038.94,169.35,135.71,127.67,0.79,1,-1
100,10,1160.79,30.02,118.21,90.57,0.78,1,-1
100,11,1007.83,0.00,118.27,70.75,0.73,1,-1
101,8,1312.14,179.67,188.14,171.28,0.83,1,-1
101,9,1040.67,180.75,142.16,134.59,0.81,1,-1
101,10,1164.75,33.98,118.63,92.48,0.76,1,-1
101,11,1006.09,0.00,123.23,75.87,0.73,1,-1
102,8,1324.78,193.49,198.20,181.04,0.84,1,-1
102,9,1042.88,193.27,149.08,142.30,0.79,1,-1
102,10,1170.23,38.67,119.69,95.06,0.79,1,-1
102,11,1005.00,0.00,126.56,80.34,0.69,1,-1
103,8,1338.93,208.84,209.18,191.71,0.87,1,-1
103,9,1044.59,207.48,155.67,149.69,0.80,1,-1
103,10,1174.49,43.00,123.33,99.82,0.78,1,-1
103,11,1005.63,0.00,128.83,84.55,0.57,1,-1
104,8,1355.79,228.54,217.58,199.61,0.85,1,-1
104,9,1048.90,222.99,160.95,155.69,0.82,1,-1
104,10,1179.85,48.43,123.54,101.62,0.77,1,-1
104,11,1007.62,0.63,128.74,87.40,0.60,1,-1
105,8,1374.05,247.53,231.31,212.68,0.85,1,-1
105,9,1053.40,240.30,166.14,161.77,0.82,1,-1
105,10,1186.49,54.98,123.27,102.86,0.76,1,-1
105,11,1007.80,0.25,131.12,92.21,0.55,1,-1
106,8,1394.63,269.85,244.57,224.62,0.87,1,-1
106,9,1055.78,258.28,176.30,172.91,0.83,1,-1
106,10,1192.41,61.95,125.90,106.46,0.75,1,-1
106,11,1017.70,15.13,114.87,82.77,0.69,1,-1
107,8,1415.85,293.57,264.00,242.39,0.86,1,-1
107,9,1058.47,278.94,187.89,185.98,0.81,1,-1
107,10,1197.80,67.12,128.80,110.34,0.76,1,-1
107,11,1022.62,22.76,108.99,80.45,0.63,1,-1
108,8,1441.73,322.06,282.33,258.66,0.84,1,-1
108,9,1062.53,299.43,198.85,198.59,0.85,1,-1
108,10,1202.97,73.50,131.21,113.70,0.69,1,-1
108,11,1024.14,27.49,108.64,82.18,0.61,1,-1
109,8,1463.16,346.98,316.23,290.55,0.81,1,-1
109,9,1066.01,324.23,211.81,213.51,0.83,1,-1
109,10,1209.78,81.65,133.18,116.21,0.76,1,-1
109,11,1025.01,31.16,107.87,83.43,0.61,1,-1
109,12,907.64,0.00,75.72,65.40,0.61,1,-1
110,8,1490.76,380.60,349.32,321.51,0.82,1,-1
110,9,1070.86,352.56,224.20,228.08,0.82,1,-1
110,10,1216.69,89.20,136.68,120.30,0.79,1,-1
110,11,1026.64,38.34,105.52,83.19,0.62,1,-1
110,12,906.10,0.00,79.56,68.90,0.61,1,-1
111,8,1521.66,416.76,382.41,353.63,0.79,1,-1
111,9,1076.62,382.35,242.46,249.34,0.86,1,-1
111,10,1225.05,98.41,139.84,123.73,0.80,1,-1
111,11,1029.40,44.31,103.53,83.01,0.75,1,-1
111,12,903.62,0.75,83.28,72.38,0.58,1,-1
112,8,1527.19,456.37,433.52,412.39,0.80,1,-1
112,9,1082.61,416.24,261.97,272.54,0.83,1,-1
112,10,1233.15,108.28,142.62,126.90,0.72,1,-1
112,11,1030.61,49.77,103.69,84.84,0.68,1,-1
112,12,900.64,2.45,86.63,75.63,0.59,1,-1
113,8,1523.30,501.09,493.90,492.39,0.82,1,-1
113,9,1088.95,454.32,284.59,300.26,0.80,1,-1
113,10,1240.34,115.83,148.75,133.17,0.67,1,-1
113,11,1032.85,55.65,102.71,85.49,0.75,1,-1
113,12,903.58,11.37,79.84,69.72,0.55,1,-1
114,8,1558.55,555.66,478.06,501.65,0.82,1,-1
114,9,1097.01,497.07,305.25,326.09,0.81,1,-1
114,10,1250.25,126.89,152.47,137.44,0.79,1,-1
114,11,1033.03,61.06,104.91,88.94,0.76,1,-1
114,12,904.21,18.25,76.18,66.55,0.59,1,-1
114,13,1027.79,0.00,81.21,62.60,0.69,1,-1
115,8,1621.59,625.10,413.66,458.91,0.78,1,-1
115,9,1104.34,543.70,337.27,365.30,0.82,1,-1
115,10,1259.67,138.10,157.83,142.85,0.77,1,-1
115,11,1034.40,66.25,106.96,92.15,0.75,1,-1
115,12,904.53,22.59,74.77,65.44,0.64,1,-1
115,13,1027.69,0.00,85.31,65.89,0.67,1,-1
116,9,1120.66,604.26,363.42,396.89,0.77,1,-1
116,10,1269.35,149.33,164.76,149.96,0.80,1,-1
116,11,1035.67,71.36,108.13,94.63,0.77,1,-1
116,12,903.20,24.65,77.20,67.83,0.64,1,-1
116,13,1026.14,0.00,91.31,70.81,0.72,1,-1
117,9,1161.02,669.92,367.25,393.88,0.76,1,-1
117,10,1280.24,161.80,171.29,156.46,0.83,1,-1
117,11,1037.35,76.44,109.34,96.83,0.77,1,-1
117,12,901.00,27.30,80.20,70.70,0.58,1,-1
117,13,1025.53,0.00,95.56,74.56,0.61,1,-1
118,9,1208.32,755.72,325.60,331.99,0.65,1,-1
118,10,1291.88,175.41,178.41,163.36,0.84,1,-1
118,11,1037.66,82.15,112.99,101.48,0.82,1,-1
118,12,899.92,30.82,81.21,71.77,0.64,1,-1
118,13,1024.58,0.00,100.53,79.22,0.68,1,-1
119,10,1302.55,188.82,188.87,173.57,0.82,1,-1
119,11,1037.87,87.44,116.70,106.43,0.74,1,-1
119,12,899.82,36.00,80.36,70.83,0.65,1,-1
119,13,1022.56,1.33,106.94,85.51,0.69,1,-1
120,10,1315.28,202.73,201.32,185.67,0.86,1,-1
120,11,1039.84,93.85,118.09,108.95,0.79,1,-1
120,12,900.84,41.16,80.63,71.10,0.68,1,-1
120,13,1023.19,5.07,109.11,88.47,0.75,1,-1
121,10,1331.30,221.20,210.84,194.77,0.83,1,-1
121,11,1041.61,100.07,122.96,114.97,0.80,1,-1
121,12,901.72,44.94,80.43,71.18,0.71,1,-1
121,13,1025.31,9.81,106.77,87.53,0.76,1,-1
122,10,1345.56,240.33,224.23,207.69,0.84,1,-1
122,11,1042.37,107.46,127.16,120.43,0.79,1,-1
122,12,900.51,48.88,82.14,73.18,0.68,1,-1
122,13,1026.85,12.97,104.96,86.95,0.73,1,-1
122,14,961.33,0.00,59.53,56.40,0.51,1,-1
123,10,1364.22,261.47,238.05,220.83,0.87,1,-1
123,11,1042.43,114.68,133.01,127.58,0.78,1,-1
123,12,899.83,52.86,83.26,74.58,0.67,1,-1
123,13,1026.79,16.76,109.41,91.85,0.69,1,-1
123,15,1141.09,0.00,75.43,44.20,0.62,1,-1
124,10,1383.70,284.06,255.88,237.81,0.86,1,-1
124,11,1044.20,123.08,136.75,132.85,0.77,1,-1
124,12,898.71,58.17,84.77,76.40,0.67,1,-1
124,13,1028.52,20.73,110.10,93.65,0.77,1,-1
124,15,1141.52,0.00,80.13,47.06,0.62,1,-1
124,14,957.80,1.79,62.83,59.62,0.52,1,-1
125,10,1404.37,308.41,274.63,255.65,0.82,1,-1
125,11,1046.80,133.23,138.14,135.49,0.78,1,-1
125,12,896.76,62.03,87.08,79.02,0.71,1,-1
125,13,1028.93,24.17,111.47,96.17,0.79,1,-1
125,15,1140.59,0.00,87.70,51.80,0.70,1,-1
125,14,955.71,5.04,64.16,60.92,0.50,1,-1
126,10,1428.86,335.33,301.37,281.29,0.83,1,-1
126,11,1050.33,144.74,140.57,138.97,0.79,1,-1
126,12,895.19,66.62,89.64,81.94,0.74,1,-1
126,13,1029.41,28.03,113.19,98.99,0.81,1,-1
126,15,1140.32,0.00,94.30,56.19,0.71,1,-1
127,10,1455.81,369.30,329.06,307.45,0.83,1,-1
127,11,1051.22,155.46,146.82,146.60,0.81,1,-1
127,12,894.45,72.15,89.62,82.40,0.73,1,-1
127,13,1030.69,33.32,112.88,100.00,0.83,1,-1
127,15,1141.07,0.00,100.29,60.41,0.73,1,-1
127,14,950.38,10.54,68.77,65.33,0.62,1,-1
128,10,1483.78,403.17,367.80,344.96,0.85,1,-1
128,11,1054.21,166.45,151.45,152.66,0.79,1,-1
128,12,892.44,76.75,92.42,85.78,0.75,1,-1
128,13,1031.87,37.25,115.17,103.51,0.82,1,-1
128,15,1142.40,0.00,105.59,64.54,0.73,1,-1
128,14,950.16,16.40,66.79,63.23,0.66,1,-1
129,10,1508.99,442.25,408.26,387.41,0.83,1,-1
129,11,1057.30,179.49,156.93,159.39,0.83,1,-1
129,12,890.61,82.26,94.35,88.33,0.71,1,-1
129,13,1032.98,43.19,117.25,106.72,0.83,1,-1
129,15,1143.75,0.00,112.29,69.90,0.70,1,-1
129,14,948.35,20.46,67.57,63.81,0.60,1,-1
130,10,1517.80,488.98,451.78,441.67,0.82,1,-1
130,11,1060.57,193.31,162.45,166.38,0.81,1,-1
130,12,889.17,88.77,96.57,91.21,0.75,1,-1
130,13,1034.10,49.27,117.22,107.89,0.81,1,-1
130,15,1143.95,0.00,119.88,76.36,0.75,1,-1
130,14,946.00,23.85,69.99,66.03,0.67,1,-1
